# Reading DATA...
# Reading Matrix Successfully!
# Initialize b...
# Initialize b sucessfully!
MRSM
0	1.64022e+15
1	3.89345e+14
2	1.87849e+14
3	1.14785e+14
4	7.87941e+13
5	5.83204e+13
6	4.56433e+13
7	3.74076e+13
8	3.17959e+13
9	2.78063e+13
10	2.48296e+13
11	2.25162e+13
12	2.06424e+13
13	1.90774e+13
14	1.77338e+13
15	1.65583e+13
16	1.55132e+13
17	1.4574e+13
18	1.37222e+13
19	1.29447e+13
20	1.2231e+13
21	1.15732e+13
22	1.09644e+13
23	1.03994e+13
24	9.87352e+12
25	9.38297e+12
26	8.92436e+12
27	8.49486e+12
28	8.09192e+12
29	7.71337e+12
30	7.35723e+12
31	7.02178e+12
32	6.70546e+12
33	6.4069e+12
34	6.12483e+12
35	5.85813e+12
36	5.60575e+12
37	5.36677e+12
38	5.14031e+12
39	4.9256e+12
40	4.7219e+12
41	4.52854e+12
42	4.3449e+12
43	4.17041e+12
44	4.00453e+12
45	3.84676e+12
46	3.69665e+12
47	3.55376e+12
48	3.41768e+12
49	3.28804e+12
50	3.16448e+12
51	3.04668e+12
52	2.93432e+12
53	2.82711e+12
54	2.72477e+12
55	2.62705e+12
56	2.5337e+12
57	2.4445e+12
58	2.35924e+12
59	2.2777e+12
60	2.19969e+12
61	2.12505e+12
62	2.05359e+12
63	1.98516e+12
64	1.91961e+12
65	1.85679e+12
66	1.79657e+12
67	1.73882e+12
68	1.68342e+12
69	1.63026e+12
70	1.57922e+12
71	1.53022e+12
72	1.48314e+12
73	1.4379e+12
74	1.39442e+12
75	1.35261e+12
76	1.31239e+12
77	1.2737e+12
78	1.23645e+12
79	1.20059e+12
80	1.16605e+12
81	1.13278e+12
82	1.10071e+12
83	1.0698e+12
84	1.03999e+12
85	1.01124e+12
86	9.83493e+11
87	9.56716e+11
88	9.30864e+11
89	9.05899e+11
90	8.81783e+11
91	8.5848e+11
92	8.35958e+11
93	8.14183e+11
94	7.93126e+11
95	7.72757e+11
96	7.5305e+11
97	7.33977e+11
98	7.15513e+11
99	6.97636e+11
100	6.80321e+11
101	6.63547e+11
102	6.47293e+11
103	6.31541e+11
104	6.1627e+11
105	6.01462e+11
106	5.87102e+11
107	5.73171e+11
108	5.59654e+11
109	5.46537e+11
110	5.33805e+11
111	5.21444e+11
112	5.09441e+11
113	4.97784e+11
114	4.86459e+11
115	4.75457e+11
116	4.64765e+11
117	4.54373e+11
118	4.44271e+11
119	4.3445e+11
120	4.24899e+11
121	4.1561e+11
122	4.06574e+11
123	3.97783e+11
124	3.89229e+11
125	3.80904e+11
126	3.72802e+11
127	3.64914e+11
128	3.57234e+11
129	3.49756e+11
130	3.42474e+11
131	3.3538e+11
132	3.2847e+11
133	3.21738e+11
134	3.15178e+11
135	3.08785e+11
136	3.02555e+11
137	2.96482e+11
138	2.90562e+11
139	2.8479e+11
140	2.79161e+11
141	2.73673e+11
142	2.6832e+11
143	2.63099e+11
144	2.58005e+11
145	2.53036e+11
146	2.48188e+11
147	2.43457e+11
148	2.3884e+11
149	2.34334e+11
150	2.29936e+11
151	2.25643e+11
152	2.21451e+11
153	2.17359e+11
154	2.13363e+11
155	2.09461e+11
156	2.0565e+11
157	2.01929e+11
158	1.98293e+11
159	1.94742e+11
160	1.91273e+11
161	1.87883e+11
162	1.84571e+11
163	1.81335e+11
164	1.78172e+11
165	1.75082e+11
166	1.72061e+11
167	1.69108e+11
168	1.66221e+11
169	1.63399e+11
170	1.6064e+11
171	1.57942e+11
172	1.55305e+11
173	1.52725e+11
174	1.50202e+11
175	1.47735e+11
176	1.45322e+11
177	1.42961e+11
178	1.40652e+11
179	1.38393e+11
180	1.36183e+11
181	1.3402e+11
182	1.31904e+11
183	1.29833e+11
184	1.27807e+11
185	1.25823e+11
186	1.23882e+11
187	1.21982e+11
188	1.20122e+11
189	1.18301e+11
190	1.16518e+11
191	1.14772e+11
192	1.13063e+11
193	1.1139e+11
194	1.09751e+11
195	1.08146e+11
196	1.06574e+11
197	1.05034e+11
198	1.03526e+11
199	1.02048e+11
200	1.00601e+11
201	9.91826e+10
202	9.77932e+10
203	9.64318e+10
204	9.50978e+10
205	9.37904e+10
206	9.25092e+10
207	9.12534e+10
208	9.00225e+10
209	8.8816e+10
210	8.76333e+10
211	8.64738e+10
212	8.5337e+10
213	8.42224e+10
214	8.31295e+10
215	8.20577e+10
216	8.10067e+10
217	7.9976e+10
218	7.8965e+10
219	7.79733e+10
220	7.70006e+10
221	7.60464e+10
222	7.51102e+10
223	7.41917e+10
224	7.32905e+10
225	7.24062e+10
226	7.15384e+10
227	7.06868e+10
228	6.9851e+10
229	6.90306e+10
230	6.82253e+10
231	6.74348e+10
232	6.66588e+10
233	6.58969e+10
234	6.51489e+10
235	6.44143e+10
236	6.3693e+10
237	6.29847e+10
238	6.2289e+10
239	6.16058e+10
240	6.09346e+10
241	6.02754e+10
242	5.96277e+10
243	5.89914e+10
244	5.83663e+10
245	5.7752e+10
246	5.71484e+10
247	5.65552e+10
248	5.59722e+10
249	5.53992e+10
250	5.4836e+10
251	5.42823e+10
252	5.3738e+10
253	5.3203e+10
254	5.26768e+10
255	5.21595e+10
256	5.16508e+10
257	5.11505e+10
258	5.06585e+10
259	5.01746e+10
260	4.96986e+10
261	4.92303e+10
262	4.87697e+10
263	4.83165e+10
264	4.78705e+10
265	4.74317e+10
266	4.69999e+10
267	4.6575e+10
268	4.61567e+10
269	4.57451e+10
270	4.53399e+10
271	4.49409e+10
272	4.45482e+10
273	4.41615e+10
274	4.37808e+10
275	4.34059e+10
276	4.30367e+10
277	4.26731e+10
278	4.23149e+10
279	4.19621e+10
280	4.16146e+10
281	4.12723e+10
282	4.0935e+10
283	4.06026e+10
284	4.02752e+10
285	3.99525e+10
286	3.96344e+10
287	3.9321e+10
288	3.9012e+10
289	3.87074e+10
290	3.84072e+10
291	3.81112e+10
292	3.78193e+10
293	3.75315e+10
294	3.72478e+10
295	3.69679e+10
296	3.66919e+10
297	3.64197e+10
298	3.61511e+10
299	3.58862e+10
300	3.56249e+10
301	3.5367e+10
302	3.51126e+10
303	3.48616e+10
304	3.46138e+10
305	3.43693e+10
306	3.4128e+10
307	3.38898e+10
308	3.36547e+10
309	3.34226e+10
310	3.31934e+10
311	3.29671e+10
312	3.27437e+10
313	3.25231e+10
314	3.23052e+10
315	3.209e+10
316	3.18775e+10
317	3.16676e+10
318	3.14602e+10
319	3.12553e+10
320	3.10529e+10
321	3.08529e+10
322	3.06552e+10
323	3.04599e+10
324	3.02669e+10
325	3.00762e+10
326	2.98876e+10
327	2.97013e+10
328	2.95171e+10
329	2.93349e+10
330	2.91549e+10
331	2.89768e+10
332	2.88008e+10
333	2.86267e+10
334	2.84545e+10
335	2.82842e+10
336	2.81158e+10
337	2.79492e+10
338	2.77845e+10
339	2.76214e+10
340	2.74602e+10
341	2.73006e+10
342	2.71427e+10
343	2.69865e+10
344	2.68318e+10
345	2.66788e+10
346	2.65274e+10
347	2.63775e+10
348	2.62291e+10
349	2.60822e+10
350	2.59368e+10
351	2.57929e+10
352	2.56504e+10
353	2.55092e+10
354	2.53695e+10
355	2.52311e+10
356	2.50941e+10
357	2.49583e+10
358	2.48239e+10
359	2.46908e+10
360	2.45589e+10
361	2.44282e+10
362	2.42988e+10
363	2.41705e+10
364	2.40434e+10
365	2.39175e+10
366	2.37928e+10
367	2.36691e+10
368	2.35466e+10
369	2.34252e+10
370	2.33048e+10
371	2.31856e+10
372	2.30673e+10
373	2.29501e+10
374	2.28339e+10
375	2.27187e+10
376	2.26045e+10
377	2.24913e+10
378	2.2379e+10
379	2.22677e+10
380	2.21573e+10
381	2.20478e+10
382	2.19392e+10
383	2.18315e+10
384	2.17247e+10
385	2.16187e+10
386	2.15136e+10
387	2.14094e+10
388	2.1306e+10
389	2.12034e+10
390	2.11016e+10
391	2.10006e+10
392	2.09004e+10
393	2.0801e+10
394	2.07023e+10
395	2.06044e+10
396	2.05072e+10
397	2.04108e+10
398	2.03151e+10
399	2.02201e+10
400	2.01258e+10
401	2.00322e+10
402	1.99393e+10
403	1.98471e+10
404	1.97556e+10
405	1.96647e+10
406	1.95745e+10
407	1.94849e+10
408	1.9396e+10
409	1.93077e+10
410	1.922e+10
411	1.91329e+10
412	1.90464e+10
413	1.89606e+10
414	1.88753e+10
415	1.87906e+10
416	1.87065e+10
417	1.86229e+10
418	1.85399e+10
419	1.84575e+10
420	1.83757e+10
421	1.82943e+10
422	1.82135e+10
423	1.81333e+10
424	1.80536e+10
425	1.79743e+10
426	1.78957e+10
427	1.78175e+10
428	1.77398e+10
429	1.76626e+10
430	1.75859e+10
431	1.75097e+10
432	1.74339e+10
433	1.73587e+10
434	1.72839e+10
435	1.72096e+10
436	1.71357e+10
437	1.70623e+10
438	1.69893e+10
439	1.69168e+10
440	1.68447e+10
441	1.67731e+10
442	1.67019e+10
443	1.66311e+10
444	1.65607e+10
445	1.64908e+10
446	1.64213e+10
447	1.63521e+10
448	1.62834e+10
449	1.62151e+10
450	1.61472e+10
451	1.60797e+10
452	1.60125e+10
453	1.59458e+10
454	1.58794e+10
455	1.58134e+10
456	1.57478e+10
457	1.56825e+10
458	1.56177e+10
459	1.55531e+10
460	1.5489e+10
461	1.54252e+10
462	1.53617e+10
463	1.52986e+10
464	1.52359e+10
465	1.51734e+10
466	1.51114e+10
467	1.50496e+10
468	1.49882e+10
469	1.49272e+10
470	1.48664e+10
471	1.4806e+10
472	1.47459e+10
473	1.46861e+10
474	1.46267e+10
475	1.45675e+10
476	1.45087e+10
477	1.44502e+10
478	1.43919e+10
479	1.4334e+10
480	1.42764e+10
481	1.42191e+10
482	1.41621e+10
483	1.41053e+10
484	1.40489e+10
485	1.39927e+10
486	1.39369e+10
487	1.38813e+10
488	1.3826e+10
489	1.37709e+10
490	1.37162e+10
491	1.36617e+10
492	1.36075e+10
493	1.35536e+10
494	1.34999e+10
495	1.34465e+10
496	1.33934e+10
497	1.33405e+10
498	1.32879e+10
499	1.32355e+10
500	1.31834e+10
501	1.31315e+10
502	1.30799e+10
503	1.30286e+10
504	1.29775e+10
505	1.29266e+10
506	1.2876e+10
507	1.28256e+10
508	1.27755e+10
509	1.27256e+10
510	1.2676e+10
511	1.26265e+10
512	1.25774e+10
513	1.25284e+10
514	1.24797e+10
515	1.24312e+10
516	1.23829e+10
517	1.23349e+10
518	1.2287e+10
519	1.22394e+10
520	1.21921e+10
521	1.21449e+10
522	1.2098e+10
523	1.20512e+10
524	1.20047e+10
525	1.19584e+10
526	1.19124e+10
527	1.18665e+10
528	1.18208e+10
529	1.17754e+10
530	1.17301e+10
531	1.16851e+10
532	1.16402e+10
533	1.15956e+10
534	1.15511e+10
535	1.15069e+10
536	1.14628e+10
537	1.1419e+10
538	1.13753e+10
539	1.13319e+10
540	1.12886e+10
541	1.12456e+10
542	1.12027e+10
543	1.116e+10
544	1.11175e+10
545	1.10752e+10
546	1.1033e+10
547	1.09911e+10
548	1.09493e+10
549	1.09078e+10
550	1.08664e+10
551	1.08251e+10
552	1.07841e+10
553	1.07432e+10
554	1.07026e+10
555	1.06621e+10
556	1.06217e+10
557	1.05816e+10
558	1.05416e+10
559	1.05018e+10
560	1.04621e+10
561	1.04227e+10
562	1.03834e+10
563	1.03442e+10
564	1.03053e+10
565	1.02665e+10
566	1.02278e+10
567	1.01894e+10
568	1.01511e+10
569	1.01129e+10
570	1.00749e+10
571	1.00371e+10
572	9.99946e+09
573	9.96196e+09
574	9.92461e+09
575	9.88743e+09
576	9.85039e+09
577	9.81352e+09
578	9.7768e+09
579	9.74023e+09
580	9.70381e+09
581	9.66755e+09
582	9.63144e+09
583	9.59548e+09
584	9.55967e+09
585	9.52401e+09
586	9.48849e+09
587	9.45312e+09
588	9.4179e+09
589	9.38283e+09
590	9.3479e+09
591	9.31311e+09
592	9.27847e+09
593	9.24397e+09
594	9.20961e+09
595	9.17539e+09
596	9.14132e+09
597	9.10738e+09
598	9.07358e+09
599	9.03992e+09
600	9.0064e+09
601	8.97301e+09
602	8.93977e+09
603	8.90665e+09
604	8.87367e+09
605	8.84083e+09
606	8.80812e+09
607	8.77554e+09
608	8.7431e+09
609	8.71078e+09
610	8.6786e+09
611	8.64654e+09
612	8.61462e+09
613	8.58283e+09
614	8.55116e+09
615	8.51962e+09
616	8.48821e+09
617	8.45692e+09
618	8.42576e+09
619	8.39473e+09
620	8.36382e+09
621	8.33303e+09
622	8.30237e+09
623	8.27183e+09
624	8.24141e+09
625	8.21112e+09
626	8.18094e+09
627	8.15089e+09
628	8.12095e+09
629	8.09114e+09
630	8.06144e+09
631	8.03187e+09
632	8.0024e+09
633	7.97306e+09
634	7.94384e+09
635	7.91472e+09
636	7.88573e+09
637	7.85685e+09
638	7.82808e+09
639	7.79943e+09
640	7.77089e+09
641	7.74247e+09
642	7.71415e+09
643	7.68595e+09
644	7.65786e+09
645	7.62988e+09
646	7.60201e+09
647	7.57425e+09
648	7.5466e+09
649	7.51906e+09
650	7.49163e+09
651	7.4643e+09
652	7.43708e+09
653	7.40997e+09
654	7.38297e+09
655	7.35607e+09
656	7.32927e+09
657	7.30259e+09
658	7.276e+09
659	7.24952e+09
660	7.22314e+09
661	7.19687e+09
662	7.1707e+09
663	7.14463e+09
664	7.11866e+09
665	7.0928e+09
666	7.06703e+09
667	7.04137e+09
668	7.0158e+09
669	6.99034e+09
670	6.96497e+09
671	6.9397e+09
672	6.91453e+09
673	6.88946e+09
674	6.86448e+09
675	6.83961e+09
676	6.81482e+09
677	6.79014e+09
678	6.76555e+09
679	6.74105e+09
680	6.71665e+09
681	6.69235e+09
682	6.66814e+09
683	6.64402e+09
684	6.62e+09
685	6.59606e+09
686	6.57222e+09
687	6.54848e+09
688	6.52482e+09
689	6.50126e+09
690	6.47778e+09
691	6.4544e+09
692	6.43111e+09
693	6.4079e+09
694	6.38479e+09
695	6.36176e+09
696	6.33883e+09
697	6.31598e+09
698	6.29322e+09
699	6.27054e+09
700	6.24796e+09
701	6.22546e+09
702	6.20305e+09
703	6.18072e+09
704	6.15848e+09
705	6.13632e+09
706	6.11425e+09
707	6.09226e+09
708	6.07036e+09
709	6.04854e+09
710	6.0268e+09
711	6.00515e+09
712	5.98358e+09
713	5.96209e+09
714	5.94069e+09
715	5.91937e+09
716	5.89812e+09
717	5.87696e+09
718	5.85588e+09
719	5.83488e+09
720	5.81396e+09
721	5.79312e+09
722	5.77236e+09
723	5.75168e+09
724	5.73108e+09
725	5.71055e+09
726	5.69011e+09
727	5.66974e+09
728	5.64945e+09
729	5.62924e+09
730	5.6091e+09
731	5.58904e+09
732	5.56906e+09
733	5.54915e+09
734	5.52932e+09
735	5.50956e+09
736	5.48988e+09
737	5.47027e+09
738	5.45074e+09
739	5.43128e+09
740	5.41189e+09
741	5.39258e+09
742	5.37334e+09
743	5.35418e+09
744	5.33508e+09
745	5.31606e+09
746	5.29711e+09
747	5.27824e+09
748	5.25943e+09
749	5.2407e+09
750	5.22203e+09
751	5.20344e+09
752	5.18492e+09
753	5.16647e+09
754	5.14808e+09
755	5.12977e+09
756	5.11153e+09
757	5.09335e+09
758	5.07524e+09
759	5.05721e+09
760	5.03923e+09
761	5.02133e+09
762	5.0035e+09
763	4.98573e+09
764	4.96803e+09
765	4.95039e+09
766	4.93283e+09
767	4.91533e+09
768	4.89789e+09
769	4.88052e+09
770	4.86322e+09
771	4.84598e+09
772	4.8288e+09
773	4.81169e+09
774	4.79465e+09
775	4.77767e+09
776	4.76075e+09
777	4.74389e+09
778	4.7271e+09
779	4.71038e+09
780	4.69371e+09
781	4.67711e+09
782	4.66057e+09
783	4.64409e+09
784	4.62768e+09
785	4.61132e+09
786	4.59503e+09
787	4.5788e+09
788	4.56263e+09
789	4.54652e+09
790	4.53047e+09
791	4.51448e+09
792	4.49855e+09
793	4.48268e+09
794	4.46687e+09
795	4.45112e+09
796	4.43543e+09
797	4.4198e+09
798	4.40422e+09
799	4.38871e+09
800	4.37325e+09
801	4.35785e+09
802	4.34251e+09
803	4.32722e+09
804	4.31199e+09
805	4.29682e+09
806	4.28171e+09
807	4.26665e+09
808	4.25165e+09
809	4.2367e+09
810	4.22181e+09
811	4.20698e+09
812	4.1922e+09
813	4.17748e+09
814	4.16281e+09
815	4.14819e+09
816	4.13364e+09
817	4.11913e+09
818	4.10468e+09
819	4.09028e+09
820	4.07594e+09
821	4.06165e+09
822	4.04742e+09
823	4.03323e+09
824	4.0191e+09
825	4.00503e+09
826	3.991e+09
827	3.97703e+09
828	3.96311e+09
829	3.94924e+09
830	3.93542e+09
831	3.92166e+09
832	3.90794e+09
833	3.89428e+09
834	3.88067e+09
835	3.86711e+09
836	3.85359e+09
837	3.84013e+09
838	3.82672e+09
839	3.81336e+09
840	3.80005e+09
841	3.78679e+09
842	3.77358e+09
843	3.76041e+09
844	3.7473e+09
845	3.73423e+09
846	3.72122e+09
847	3.70825e+09
848	3.69533e+09
849	3.68246e+09
850	3.66963e+09
851	3.65686e+09
852	3.64413e+09
853	3.63144e+09
854	3.61881e+09
855	3.60622e+09
856	3.59368e+09
857	3.58119e+09
858	3.56874e+09
859	3.55633e+09
860	3.54398e+09
861	3.53167e+09
862	3.5194e+09
863	3.50718e+09
864	3.49501e+09
865	3.48288e+09
866	3.4708e+09
867	3.45876e+09
868	3.44676e+09
869	3.43481e+09
870	3.42291e+09
871	3.41105e+09
872	3.39923e+09
873	3.38746e+09
874	3.37573e+09
875	3.36404e+09
876	3.3524e+09
877	3.3408e+09
878	3.32924e+09
879	3.31772e+09
880	3.30625e+09
881	3.29482e+09
882	3.28343e+09
883	3.27209e+09
884	3.26079e+09
885	3.24953e+09
886	3.23831e+09
887	3.22713e+09
888	3.21599e+09
889	3.20489e+09
890	3.19384e+09
891	3.18283e+09
892	3.17185e+09
893	3.16092e+09
894	3.15003e+09
895	3.13918e+09
896	3.12836e+09
897	3.11759e+09
898	3.10686e+09
899	3.09617e+09
900	3.08551e+09
901	3.0749e+09
902	3.06433e+09
903	3.05379e+09
904	3.04329e+09
905	3.03284e+09
906	3.02242e+09
907	3.01204e+09
908	3.00169e+09
909	2.99139e+09
910	2.98112e+09
911	2.97089e+09
912	2.9607e+09
913	2.95055e+09
914	2.94043e+09
915	2.93035e+09
916	2.92031e+09
917	2.91031e+09
918	2.90034e+09
919	2.89041e+09
920	2.88051e+09
921	2.87066e+09
922	2.86084e+09
923	2.85105e+09
924	2.8413e+09
925	2.83159e+09
926	2.82191e+09
927	2.81227e+09
928	2.80266e+09
929	2.79309e+09
930	2.78355e+09
931	2.77405e+09
932	2.76459e+09
933	2.75515e+09
934	2.74576e+09
935	2.7364e+09
936	2.72707e+09
937	2.71778e+09
938	2.70852e+09
939	2.69929e+09
940	2.6901e+09
941	2.68094e+09
942	2.67182e+09
943	2.66273e+09
944	2.65367e+09
945	2.64465e+09
946	2.63566e+09
947	2.6267e+09
948	2.61778e+09
949	2.60888e+09
950	2.60002e+09
951	2.5912e+09
952	2.5824e+09
953	2.57364e+09
954	2.56491e+09
955	2.55621e+09
956	2.54755e+09
957	2.53891e+09
958	2.53031e+09
959	2.52174e+09
960	2.5132e+09
961	2.50469e+09
962	2.49622e+09
963	2.48777e+09
964	2.47936e+09
965	2.47097e+09
966	2.46262e+09
967	2.4543e+09
968	2.446e+09
969	2.43774e+09
970	2.42951e+09
971	2.42131e+09
972	2.41314e+09
973	2.405e+09
974	2.39688e+09
975	2.3888e+09
976	2.38075e+09
977	2.37273e+09
978	2.36473e+09
979	2.35677e+09
980	2.34883e+09
981	2.34093e+09
982	2.33305e+09
983	2.3252e+09
984	2.31738e+09
985	2.30959e+09
986	2.30183e+09
987	2.29409e+09
988	2.28639e+09
989	2.27871e+09
990	2.27106e+09
991	2.26344e+09
992	2.25584e+09
993	2.24828e+09
994	2.24074e+09
995	2.23323e+09
996	2.22575e+09
997	2.21829e+09
998	2.21086e+09
999	2.20346e+09
1000	2.19608e+09
# iterates cost: 5.96169
