# Reading DATA...
# Reading Matrix Successfully!
# Initialize b...
# Initialize b sucessfully!
MDMRB
0	1.64022e+15
1	2.48924e+14	
2	7.14444e+13	
3	3.5484e+13	
4	2.38888e+13	
5	1.86514e+13	
6	1.57996e+13	
7	1.39046e+13	
8	1.24399e+13	
9	1.11804e+13	
10	1.01291e+13	
11	9.1882e+12	
12	8.39257e+12	
13	7.66883e+12	
14	7.00374e+12	
15	6.35716e+12	
16	5.78139e+12	
17	5.28121e+12	
18	4.84124e+12	
19	4.399e+12	
20	3.9935e+12	
21	3.62131e+12	
22	3.28608e+12	
23	2.99085e+12	
24	2.6946e+12	
25	2.44122e+12	
26	2.21882e+12	
27	2.02728e+12	
28	1.85843e+12	
29	1.68681e+12	
30	1.54425e+12	
31	1.41579e+12	
32	1.29998e+12	
33	1.18974e+12	
34	1.07744e+12	
35	9.79588e+11	
36	8.93834e+11	
37	8.17115e+11	
38	7.47564e+11	
39	6.78887e+11	
40	6.18416e+11	
41	5.64335e+11	
42	5.15682e+11	
43	4.70869e+11	
44	4.26221e+11	
45	3.88704e+11	
46	3.56499e+11	
47	3.29194e+11	
48	3.04021e+11	
49	2.75636e+11	
50	2.52245e+11	
51	2.31587e+11	
52	2.13032e+11	
53	1.9611e+11	
54	1.78105e+11	
55	1.62094e+11	
56	1.48385e+11	
57	1.36674e+11	
58	1.26515e+11	
59	1.15879e+11	
60	1.07174e+11	
61	9.89805e+10	
62	9.09516e+10	
63	8.33368e+10	
64	7.60148e+10	
65	6.97375e+10	
66	6.44029e+10	
67	5.95803e+10	
68	5.51147e+10	
69	5.06079e+10	
70	4.6628e+10	
71	4.29102e+10	
72	3.97191e+10	
73	3.67594e+10	
74	3.38361e+10	
75	3.12684e+10	
76	2.91485e+10	
77	2.72527e+10	
78	2.49975e+10	
79	2.27569e+10	
80	2.12539e+10	
81	1.98739e+10	
82	1.86819e+10	
83	1.75429e+10	
84	1.63076e+10	
85	1.51469e+10	
86	1.41942e+10	
87	1.33093e+10	
88	1.24664e+10	
89	1.15524e+10	
90	1.06611e+10	
91	9.98246e+09	
92	9.44191e+09	
93	8.8169e+09	
94	8.2739e+09	
95	7.77094e+09	
96	7.29114e+09	
97	6.90071e+09	
98	6.54082e+09	
99	6.24891e+09	
100	5.97223e+09	
101	5.64637e+09	
102	5.34339e+09	
103	5.06266e+09	
104	4.84707e+09	
105	4.65998e+09	
106	4.47677e+09	
107	4.27285e+09	
108	4.07844e+09	
109	3.87424e+09	
110	3.69585e+09	
111	3.5216e+09	
112	3.36874e+09	
113	3.14759e+09	
114	2.98295e+09	
115	2.84422e+09	
116	2.7348e+09	
117	2.56623e+09	
118	2.45657e+09	
119	2.36557e+09	
120	2.25803e+09	
121	2.13352e+09	
122	2.03621e+09	
123	1.90863e+09	
124	1.82787e+09	
125	1.77047e+09	
126	1.72514e+09	
127	1.67847e+09	
128	1.62449e+09	
129	1.5568e+09	
130	1.49823e+09	
131	1.42912e+09	
132	1.38569e+09	
133	1.31511e+09	
134	1.24529e+09	
135	1.17431e+09	
136	1.14359e+09	
137	1.1035e+09	
138	1.05826e+09	
139	1.02383e+09	
140	9.84186e+08	
141	9.4836e+08	
142	9.12728e+08	
143	8.83387e+08	
144	8.62994e+08	
145	8.36892e+08	
146	8.10025e+08	
147	7.95301e+08	
148	7.77564e+08	
149	7.53855e+08	
150	7.34703e+08	
151	7.13771e+08	
152	6.81474e+08	
153	6.62832e+08	
154	6.34152e+08	
155	6.10127e+08	
156	5.97121e+08	
157	5.80502e+08	
158	5.65545e+08	
159	5.50671e+08	
160	5.29122e+08	
161	5.13825e+08	
162	5.04673e+08	
163	4.94887e+08	
164	4.7584e+08	
165	4.64724e+08	
166	4.57056e+08	
167	4.46631e+08	
168	4.36545e+08	
169	4.28724e+08	
170	4.20972e+08	
171	4.12517e+08	
172	3.91004e+08	
173	3.77025e+08	
174	3.6623e+08	
175	3.5839e+08	
176	3.52566e+08	
177	3.46304e+08	
178	3.40161e+08	
179	3.34661e+08	
180	3.26868e+08	
181	3.21137e+08	
182	3.14771e+08	
183	3.10088e+08	
184	3.06047e+08	
185	2.98844e+08	
186	2.9149e+08	
187	2.8607e+08	
188	2.8218e+08	
189	2.74753e+08	
190	2.69727e+08	
191	2.65065e+08	
192	2.59509e+08	
193	2.56132e+08	
194	2.51732e+08	
195	2.48091e+08	
196	2.44283e+08	
197	2.40076e+08	
198	2.34083e+08	
199	2.29503e+08	
200	2.25042e+08	
201	2.21569e+08	
202	2.1106e+08	
203	2.05149e+08	
204	1.97804e+08	
205	1.94192e+08	
206	1.91651e+08	
207	1.87454e+08	
208	1.84133e+08	
209	1.80705e+08	
210	1.77263e+08	
211	1.75304e+08	
212	1.69243e+08	
213	1.65293e+08	
214	1.62744e+08	
215	1.60326e+08	
216	1.58674e+08	
217	1.56351e+08	
218	1.53692e+08	
219	1.4994e+08	
220	1.46722e+08	
221	1.44107e+08	
222	1.41996e+08	
223	1.40084e+08	
224	1.38425e+08	
225	1.34574e+08	
226	1.32388e+08	
227	1.31003e+08	
228	1.29407e+08	
229	1.28033e+08	
230	1.26803e+08	
231	1.25102e+08	
232	1.23789e+08	
233	1.22216e+08	
234	1.209e+08	
235	1.19259e+08	
236	1.17887e+08	
237	1.16066e+08	
238	1.14607e+08	
239	1.13347e+08	
240	1.12256e+08	
241	1.11106e+08	
242	1.09561e+08	
243	1.08183e+08	
244	1.0697e+08	
245	1.05886e+08	
246	1.04572e+08	
247	1.03587e+08	
248	1.02596e+08	
249	1.0177e+08	
250	1.00461e+08	
251	9.93668e+07	
252	9.85371e+07	
253	9.77042e+07	
254	9.69753e+07	
255	9.62776e+07	
256	9.54393e+07	
257	9.4665e+07	
258	9.38871e+07	
259	9.31515e+07	
260	9.21765e+07	
261	9.1324e+07	
262	8.88385e+07	
263	8.72454e+07	
264	8.6003e+07	
265	8.48321e+07	
266	8.35207e+07	
267	8.15885e+07	
268	8.04367e+07	
269	7.9752e+07	
270	7.82689e+07	
271	7.72622e+07	
272	7.64633e+07	
273	7.57054e+07	
274	7.50669e+07	
275	7.43242e+07	
276	7.37432e+07	
277	7.31509e+07	
278	7.25267e+07	
279	7.1982e+07	
280	7.15185e+07	
281	7.1018e+07	
282	7.05692e+07	
283	7.0062e+07	
284	6.95811e+07	
285	6.89299e+07	
286	6.83953e+07	
287	6.74697e+07	
288	6.67869e+07	
289	6.61039e+07	
290	6.53861e+07	
291	6.49565e+07	
292	6.45168e+07	
293	6.40699e+07	
294	6.35479e+07	
295	6.29962e+07	
296	6.24884e+07	
297	6.19193e+07	
298	6.14332e+07	
299	6.08182e+07	
300	6.03033e+07	
301	5.97031e+07	
302	5.92641e+07	
303	5.8628e+07	
304	5.82342e+07	
305	5.77395e+07	
306	5.72649e+07	
307	5.67244e+07	
308	5.6283e+07	
309	5.5873e+07	
310	5.51067e+07	
311	5.41395e+07	
312	5.34328e+07	
313	5.28471e+07	
314	5.23899e+07	
315	5.21063e+07	
316	5.17748e+07	
317	5.1503e+07	
318	5.11512e+07	
319	5.07482e+07	
320	5.03718e+07	
321	5.00613e+07	
322	4.95368e+07	
323	4.92123e+07	
324	4.87218e+07	
325	4.83319e+07	
326	4.78187e+07	
327	4.73999e+07	
328	4.71061e+07	
329	4.68216e+07	
330	4.65567e+07	
331	4.58487e+07	
332	4.5209e+07	
333	4.47791e+07	
334	4.42921e+07	
335	4.38904e+07	
336	4.35953e+07	
337	4.32991e+07	
338	4.30175e+07	
339	4.27517e+07	
340	4.24904e+07	
341	4.22309e+07	
342	4.19771e+07	
343	4.17017e+07	
344	4.14862e+07	
345	4.11938e+07	
346	4.10055e+07	
347	4.06274e+07	
348	4.04211e+07	
349	4.00698e+07	
350	3.98196e+07	
351	3.95285e+07	
352	3.92858e+07	
353	3.90038e+07	
354	3.87487e+07	
355	3.84862e+07	
356	3.82598e+07	
357	3.74115e+07	
358	3.69013e+07	
359	3.66679e+07	
360	3.64752e+07	
361	3.62932e+07	
362	3.60139e+07	
363	3.57939e+07	
364	3.5224e+07	
365	3.49261e+07	
366	3.45013e+07	
367	3.41406e+07	
368	3.36924e+07	
369	3.33743e+07	
370	3.28926e+07	
371	3.25812e+07	
372	3.22115e+07	
373	3.18534e+07	
374	3.16016e+07	
375	3.13405e+07	
376	3.10691e+07	
377	3.07892e+07	
378	3.0562e+07	
379	3.0348e+07	
380	3.00619e+07	
381	2.98276e+07	
382	2.94391e+07	
383	2.91467e+07	
384	2.87507e+07	
385	2.84081e+07	
386	2.81992e+07	
387	2.80012e+07	
388	2.77409e+07	
389	2.75514e+07	
390	2.7383e+07	
391	2.72347e+07	
392	2.71032e+07	
393	2.69068e+07	
394	2.67455e+07	
395	2.65258e+07	
396	2.63608e+07	
397	2.61469e+07	
398	2.59549e+07	
399	2.57937e+07	
400	2.55756e+07	
401	2.54516e+07	
402	2.53258e+07	
403	2.52127e+07	
404	2.50986e+07	
405	2.49763e+07	
406	2.48458e+07	
407	2.47382e+07	
408	2.46123e+07	
409	2.45093e+07	
410	2.43692e+07	
411	2.42636e+07	
412	2.40803e+07	
413	2.39243e+07	
414	2.36479e+07	
415	2.34096e+07	
416	2.31106e+07	
417	2.28396e+07	
418	2.2577e+07	
419	2.23542e+07	
420	2.20306e+07	
421	2.17972e+07	
422	2.15475e+07	
423	2.13683e+07	
424	2.11995e+07	
425	2.08782e+07	
426	2.072e+07	
427	2.0517e+07	
428	2.03875e+07	
429	2.02811e+07	
430	2.01235e+07	
431	2.00214e+07	
432	1.98813e+07	
433	1.97687e+07	
434	1.96748e+07	
435	1.95758e+07	
436	1.94869e+07	
437	1.9398e+07	
438	1.93012e+07	
439	1.91855e+07	
440	1.9086e+07	
441	1.90011e+07	
442	1.88652e+07	
443	1.87469e+07	
444	1.86162e+07	
445	1.85058e+07	
446	1.83894e+07	
447	1.82747e+07	
448	1.81656e+07	
449	1.80715e+07	
450	1.79435e+07	
451	1.78483e+07	
452	1.77478e+07	
453	1.76499e+07	
454	1.75529e+07	
455	1.74674e+07	
456	1.73324e+07	
457	1.71518e+07	
458	1.70596e+07	
459	1.69727e+07	
460	1.69031e+07	
461	1.68305e+07	
462	1.67784e+07	
463	1.67292e+07	
464	1.66744e+07	
465	1.66211e+07	
466	1.64654e+07	
467	1.63514e+07	
468	1.62847e+07	
469	1.61162e+07	
470	1.60448e+07	
471	1.59361e+07	
472	1.58811e+07	
473	1.57476e+07	
474	1.5655e+07	
475	1.55161e+07	
476	1.545e+07	
477	1.53901e+07	
478	1.53458e+07	
479	1.52991e+07	
480	1.52431e+07	
481	1.51925e+07	
482	1.51426e+07	
483	1.51026e+07	
484	1.50455e+07	
485	1.50026e+07	
486	1.49637e+07	
487	1.49235e+07	
488	1.48858e+07	
489	1.4846e+07	
490	1.48085e+07	
491	1.47633e+07	
492	1.47252e+07	
493	1.46892e+07	
494	1.46541e+07	
495	1.46225e+07	
496	1.45835e+07	
497	1.45467e+07	
498	1.44989e+07	
499	1.44565e+07	
500	1.44105e+07	
501	1.43702e+07	
502	1.43383e+07	
503	1.43044e+07	
504	1.42586e+07	
505	1.42199e+07	
506	1.41522e+07	
507	1.3992e+07	
508	1.39241e+07	
509	1.38704e+07	
510	1.38197e+07	
511	1.3779e+07	
512	1.36935e+07	
513	1.36202e+07	
514	1.35179e+07	
515	1.34339e+07	
516	1.32752e+07	
517	1.31488e+07	
518	1.30795e+07	
519	1.30179e+07	
520	1.28737e+07	
521	1.27792e+07	
522	1.2728e+07	
523	1.26801e+07	
524	1.26432e+07	
525	1.2607e+07	
526	1.25708e+07	
527	1.25344e+07	
528	1.25007e+07	
529	1.24664e+07	
530	1.2434e+07	
531	1.23954e+07	
532	1.23572e+07	
533	1.23047e+07	
534	1.22719e+07	
535	1.22365e+07	
536	1.22049e+07	
537	1.21774e+07	
538	1.21363e+07	
539	1.21076e+07	
540	1.20712e+07	
541	1.20393e+07	
542	1.2012e+07	
543	1.19878e+07	
544	1.19542e+07	
545	1.19302e+07	
546	1.19082e+07	
547	1.17637e+07	
548	1.17022e+07	
549	1.16567e+07	
550	1.16205e+07	
551	1.15902e+07	
552	1.1558e+07	
553	1.15284e+07	
554	1.14743e+07	
555	1.14425e+07	
556	1.13947e+07	
557	1.13539e+07	
558	1.13208e+07	
559	1.12912e+07	
560	1.12691e+07	
561	1.12395e+07	
562	1.12177e+07	
563	1.11949e+07	
564	1.11714e+07	
565	1.11504e+07	
566	1.11331e+07	
567	1.11041e+07	
568	1.10741e+07	
569	1.10487e+07	
570	1.10278e+07	
571	1.0992e+07	
572	1.09571e+07	
573	1.0925e+07	
574	1.08985e+07	
575	1.08746e+07	
576	1.08476e+07	
577	1.08241e+07	
578	1.07988e+07	
579	1.07718e+07	
580	1.07465e+07	
581	1.07241e+07	
582	1.07004e+07	
583	1.06773e+07	
584	1.06409e+07	
585	1.06153e+07	
586	1.05926e+07	
587	1.05509e+07	
588	1.05227e+07	
589	1.04947e+07	
590	1.04573e+07	
591	1.04269e+07	
592	1.03793e+07	
593	1.03371e+07	
594	1.03054e+07	
595	1.02726e+07	
596	1.02177e+07	
597	1.01669e+07	
598	1.00957e+07	
599	1.00431e+07	
600	9.96497e+06	
601	9.90387e+06	
602	9.83688e+06	
603	9.78381e+06	
604	9.71768e+06	
605	9.65955e+06	
606	9.63445e+06	
607	9.59781e+06	
608	9.57058e+06	
609	9.54306e+06	
610	9.51142e+06	
611	9.48799e+06	
612	9.4634e+06	
613	9.44101e+06	
614	9.42261e+06	
615	9.39936e+06	
616	9.37481e+06	
617	9.34858e+06	
618	9.31979e+06	
619	9.29668e+06	
620	9.27845e+06	
621	9.26049e+06	
622	9.24511e+06	
623	9.22788e+06	
624	9.16566e+06	
625	9.13597e+06	
626	9.11747e+06	
627	9.09522e+06	
628	9.07733e+06	
629	9.02561e+06	
630	8.9975e+06	
631	8.97475e+06	
632	8.95653e+06	
633	8.92736e+06	
634	8.89656e+06	
635	8.74508e+06	
636	8.67296e+06	
637	8.64186e+06	
638	8.61486e+06	
639	8.56644e+06	
640	8.53544e+06	
641	8.49957e+06	
642	8.47715e+06	
643	8.45069e+06	
644	8.43056e+06	
645	8.40872e+06	
646	8.39151e+06	
647	8.37267e+06	
648	8.35553e+06	
649	8.33586e+06	
650	8.31847e+06	
651	8.28563e+06	
652	8.25834e+06	
653	8.21548e+06	
654	8.18517e+06	
655	8.15191e+06	
656	8.12392e+06	
657	8.07328e+06	
658	8.03584e+06	
659	8.01736e+06	
660	8.00166e+06	
661	7.98655e+06	
662	7.96946e+06	
663	7.94549e+06	
664	7.92992e+06	
665	7.9095e+06	
666	7.88678e+06	
667	7.86888e+06	
668	7.85292e+06	
669	7.83503e+06	
670	7.79504e+06	
671	7.77174e+06	
672	7.74938e+06	
673	7.72362e+06	
674	7.707e+06	
675	7.68862e+06	
676	7.67338e+06	
677	7.65714e+06	
678	7.64028e+06	
679	7.62657e+06	
680	7.6119e+06	
681	7.5985e+06	
682	7.58636e+06	
683	7.56254e+06	
684	7.52546e+06	
685	7.50557e+06	
686	7.49133e+06	
687	7.46649e+06	
688	7.44693e+06	
689	7.41477e+06	
690	7.38798e+06	
691	7.36618e+06	
692	7.35054e+06	
693	7.33338e+06	
694	7.3178e+06	
695	7.28778e+06	
696	7.26424e+06	
697	7.22813e+06	
698	7.198e+06	
699	7.18007e+06	
700	7.15507e+06	
701	7.13293e+06	
702	7.11356e+06	
703	7.09422e+06	
704	7.07652e+06	
705	7.06126e+06	
706	7.04682e+06	
707	7.03593e+06	
708	7.02526e+06	
709	7.0143e+06	
710	7.00322e+06	
711	6.9903e+06	
712	6.97922e+06	
713	6.97123e+06	
714	6.95981e+06	
715	6.94917e+06	
716	6.93565e+06	
717	6.92156e+06	
718	6.90764e+06	
719	6.89401e+06	
720	6.87871e+06	
721	6.86663e+06	
722	6.85251e+06	
723	6.8392e+06	
724	6.82991e+06	
725	6.82078e+06	
726	6.81038e+06	
727	6.80116e+06	
728	6.78975e+06	
729	6.77871e+06	
730	6.76778e+06	
731	6.75582e+06	
732	6.74245e+06	
733	6.72999e+06	
734	6.71003e+06	
735	6.69511e+06	
736	6.66806e+06	
737	6.64843e+06	
738	6.6297e+06	
739	6.60225e+06	
740	6.58539e+06	
741	6.5712e+06	
742	6.55221e+06	
743	6.53763e+06	
744	6.52312e+06	
745	6.51245e+06	
746	6.50165e+06	
747	6.49071e+06	
748	6.47806e+06	
749	6.46626e+06	
750	6.45431e+06	
751	6.44495e+06	
752	6.43236e+06	
753	6.41771e+06	
754	6.40457e+06	
755	6.39304e+06	
756	6.38285e+06	
757	6.37149e+06	
758	6.36199e+06	
759	6.3484e+06	
760	6.33675e+06	
761	6.30768e+06	
762	6.2853e+06	
763	6.26184e+06	
764	6.2396e+06	
765	6.21936e+06	
766	6.20205e+06	
767	6.18617e+06	
768	6.17273e+06	
769	6.14427e+06	
770	6.12409e+06	
771	6.10725e+06	
772	6.09629e+06	
773	6.08845e+06	
774	6.07492e+06	
775	6.06535e+06	
776	6.05659e+06	
777	6.03779e+06	
778	6.02576e+06	
779	6.01655e+06	
780	6.0075e+06	
781	5.99792e+06	
782	5.98894e+06	
783	5.97891e+06	
784	5.96985e+06	
785	5.9596e+06	
786	5.9475e+06	
787	5.93379e+06	
788	5.92291e+06	
789	5.90764e+06	
790	5.8944e+06	
791	5.87826e+06	
792	5.86238e+06	
793	5.85073e+06	
794	5.83844e+06	
795	5.83056e+06	
796	5.82186e+06	
797	5.81508e+06	
798	5.80902e+06	
799	5.79925e+06	
800	5.79022e+06	
801	5.77918e+06	
802	5.76892e+06	
803	5.76055e+06	
804	5.7532e+06	
805	5.74296e+06	
806	5.73392e+06	
807	5.72151e+06	
808	5.71157e+06	
809	5.69027e+06	
810	5.67287e+06	
811	5.65625e+06	
812	5.64135e+06	
813	5.63041e+06	
814	5.62143e+06	
815	5.60495e+06	
816	5.5913e+06	
817	5.58063e+06	
818	5.57095e+06	
819	5.56126e+06	
820	5.55307e+06	
821	5.53311e+06	
822	5.52043e+06	
823	5.50009e+06	
824	5.48738e+06	
825	5.47516e+06	
826	5.46405e+06	
827	5.45203e+06	
828	5.44082e+06	
829	5.42844e+06	
830	5.41754e+06	
831	5.40375e+06	
832	5.39232e+06	
833	5.38111e+06	
834	5.37108e+06	
835	5.35952e+06	
836	5.34919e+06	
837	5.34017e+06	
838	5.33232e+06	
839	5.32359e+06	
840	5.31441e+06	
841	5.29956e+06	
842	5.28835e+06	
843	5.27352e+06	
844	5.26061e+06	
845	5.24987e+06	
846	5.24147e+06	
847	5.23004e+06	
848	5.22033e+06	
849	5.20058e+06	
850	5.1862e+06	
851	5.17719e+06	
852	5.16993e+06	
853	5.16257e+06	
854	5.15546e+06	
855	5.14807e+06	
856	5.14129e+06	
857	5.12951e+06	
858	5.12014e+06	
859	5.11472e+06	
860	5.10867e+06	
861	5.10231e+06	
862	5.09539e+06	
863	5.08766e+06	
864	5.08159e+06	
865	5.07659e+06	
866	5.07224e+06	
867	5.06768e+06	
868	5.0606e+06	
869	5.05477e+06	
870	5.04827e+06	
871	5.0431e+06	
872	4.99985e+06	
873	4.97884e+06	
874	4.9637e+06	
875	4.95555e+06	
876	4.95026e+06	
877	4.94492e+06	
878	4.94041e+06	
879	4.93506e+06	
880	4.92889e+06	
881	4.92245e+06	
882	4.91707e+06	
883	4.91128e+06	
884	4.89918e+06	
885	4.89101e+06	
886	4.88562e+06	
887	4.88012e+06	
888	4.87542e+06	
889	4.86979e+06	
890	4.86418e+06	
891	4.83311e+06	
892	4.8145e+06	
893	4.80392e+06	
894	4.79759e+06	
895	4.78932e+06	
896	4.78257e+06	
897	4.75993e+06	
898	4.75198e+06	
899	4.74556e+06	
900	4.7396e+06	
901	4.73495e+06	
902	4.72948e+06	
903	4.72245e+06	
904	4.71434e+06	
905	4.70766e+06	
906	4.70091e+06	
907	4.69385e+06	
908	4.68704e+06	
909	4.6793e+06	
910	4.67053e+06	
911	4.66435e+06	
912	4.65842e+06	
913	4.65211e+06	
914	4.64642e+06	
915	4.64143e+06	
916	4.63585e+06	
917	4.63038e+06	
918	4.62432e+06	
919	4.61761e+06	
920	4.61059e+06	
921	4.60456e+06	
922	4.59739e+06	
923	4.59079e+06	
924	4.57942e+06	
925	4.56196e+06	
926	4.55211e+06	
927	4.54377e+06	
928	4.5361e+06	
929	4.5297e+06	
930	4.51742e+06	
931	4.50784e+06	
932	4.4993e+06	
933	4.4926e+06	
934	4.48448e+06	
935	4.47822e+06	
936	4.47227e+06	
937	4.46664e+06	
938	4.46201e+06	
939	4.45674e+06	
940	4.45215e+06	
941	4.44666e+06	
942	4.43974e+06	
943	4.4352e+06	
944	4.42925e+06	
945	4.42413e+06	
946	4.41836e+06	
947	4.41351e+06	
948	4.40829e+06	
949	4.40349e+06	
950	4.39853e+06	
951	4.39331e+06	
952	4.38798e+06	
953	4.38239e+06	
954	4.37565e+06	
955	4.36845e+06	
956	4.36186e+06	
957	4.3541e+06	
958	4.34642e+06	
959	4.33943e+06	
960	4.33374e+06	
961	4.32853e+06	
962	4.32158e+06	
963	4.31441e+06	
964	4.30845e+06	
965	4.30282e+06	
966	4.2977e+06	
967	4.29201e+06	
968	4.28167e+06	
969	4.27335e+06	
970	4.26791e+06	
971	4.26299e+06	
972	4.2589e+06	
973	4.2548e+06	
974	4.25092e+06	
975	4.24629e+06	
976	4.24116e+06	
977	4.23565e+06	
978	4.23175e+06	
979	4.22654e+06	
980	4.22019e+06	
981	4.21132e+06	
982	4.2025e+06	
983	4.18943e+06	
984	4.18054e+06	
985	4.17314e+06	
986	4.16685e+06	
987	4.15778e+06	
988	4.15133e+06	
989	4.142e+06	
990	4.13334e+06	
991	4.12722e+06	
992	4.12297e+06	
993	4.11868e+06	
994	4.11475e+06	
995	4.11002e+06	
996	4.10571e+06	
997	4.09321e+06	
998	4.08322e+06	
999	4.07137e+06	
1000	4.06136e+06	
#	0
# iterats cost: 114.514
# 9.43962	2.13781	85.1096	12.3418	5.37412	12.0634
