# Reading DATA...
# Reading Matrix Successfully!
# Initialize b...
# Initialize b sucessfully!
CGN
0	1.64022e+15
1	7.37012e+14	
2	4.52435e+14	
3	3.09944e+14	
4	1.98063e+14	
5	1.79627e+14	
6	1.07541e+14	
7	7.67338e+13	
8	6.70011e+13	
9	5.8582e+13	
10	5.22798e+13	
11	4.76595e+13	
12	4.56823e+13	
13	4.41388e+13	
14	4.27205e+13	
15	4.15109e+13	
16	4.05238e+13	
17	3.91512e+13	
18	3.60145e+13	
19	3.26865e+13	
20	3.0736e+13	
21	2.9864e+13	
22	2.90048e+13	
23	2.82258e+13	
24	2.74242e+13	
25	2.63116e+13	
26	2.52899e+13	
27	2.45894e+13	
28	2.40314e+13	
29	2.36691e+13	
30	2.33138e+13	
31	2.30491e+13	
32	2.27299e+13	
33	2.24922e+13	
34	2.1951e+13	
35	2.14536e+13	
36	2.10205e+13	
37	2.05394e+13	
38	1.99209e+13	
39	1.92173e+13	
40	1.84173e+13	
41	1.76885e+13	
42	1.69296e+13	
43	1.60399e+13	
44	1.50288e+13	
45	1.37236e+13	
46	1.25902e+13	
47	1.11792e+13	
48	1.02929e+13	
49	9.54595e+12	
50	8.80132e+12	
51	8.26992e+12	
52	7.93359e+12	
53	7.54852e+12	
54	7.11827e+12	
55	6.80396e+12	
56	6.43665e+12	
57	6.16841e+12	
58	5.92745e+12	
59	5.82522e+12	
60	5.70388e+12	
61	5.59937e+12	
62	5.5131e+12	
63	5.41089e+12	
64	5.32518e+12	
65	5.1981e+12	
66	5.09192e+12	
67	4.98258e+12	
68	4.90836e+12	
69	4.85628e+12	
70	4.77214e+12	
71	4.68722e+12	
72	4.644e+12	
73	4.59324e+12	
74	4.50669e+12	
75	4.44548e+12	
76	4.38788e+12	
77	4.33167e+12	
78	4.26328e+12	
79	4.20195e+12	
80	4.15644e+12	
81	4.06291e+12	
82	4.01764e+12	
83	3.94204e+12	
84	3.86559e+12	
85	3.83111e+12	
86	3.77226e+12	
87	3.70604e+12	
88	3.65156e+12	
89	3.62797e+12	
90	3.58092e+12	
91	3.52299e+12	
92	3.49004e+12	
93	3.46568e+12	
94	3.41959e+12	
95	3.38315e+12	
96	3.36117e+12	
97	3.31172e+12	
98	3.26893e+12	
99	3.21061e+12	
100	3.14434e+12	
101	3.11163e+12	
102	3.06135e+12	
103	2.99264e+12	
104	2.97203e+12	
105	2.88997e+12	
106	2.83005e+12	
107	2.79747e+12	
108	2.73119e+12	
109	2.68464e+12	
110	2.61065e+12	
111	2.52071e+12	
112	2.45859e+12	
113	2.40562e+12	
114	2.35693e+12	
115	2.30497e+12	
116	2.21901e+12	
117	2.16951e+12	
118	2.1203e+12	
119	2.08597e+12	
120	2.02605e+12	
121	1.98915e+12	
122	1.9345e+12	
123	1.89804e+12	
124	1.84345e+12	
125	1.81608e+12	
126	1.76565e+12	
127	1.73654e+12	
128	1.67859e+12	
129	1.64511e+12	
130	1.59808e+12	
131	1.53308e+12	
132	1.49502e+12	
133	1.45856e+12	
134	1.41746e+12	
135	1.34966e+12	
136	1.31919e+12	
137	1.28276e+12	
138	1.24184e+12	
139	1.19545e+12	
140	1.16698e+12	
141	1.13984e+12	
142	1.10861e+12	
143	1.07507e+12	
144	1.04109e+12	
145	1.01416e+12	
146	9.85855e+11	
147	9.68814e+11	
148	9.40465e+11	
149	9.26716e+11	
150	9.05175e+11	
151	8.87089e+11	
152	8.62449e+11	
153	8.50328e+11	
154	8.3759e+11	
155	8.24513e+11	
156	8.06861e+11	
157	7.95454e+11	
158	7.83471e+11	
159	7.7254e+11	
160	7.58155e+11	
161	7.39725e+11	
162	7.18309e+11	
163	7.12609e+11	
164	7.04689e+11	
165	6.82078e+11	
166	6.67344e+11	
167	6.57436e+11	
168	6.47989e+11	
169	6.40262e+11	
170	6.33706e+11	
171	6.20173e+11	
172	6.12797e+11	
173	5.97287e+11	
174	5.904e+11	
175	5.86379e+11	
176	5.73432e+11	
177	5.66969e+11	
178	5.56236e+11	
179	5.5106e+11	
180	5.38868e+11	
181	5.32436e+11	
182	5.26732e+11	
183	5.12899e+11	
184	5.08294e+11	
185	4.97627e+11	
186	4.90741e+11	
187	4.79522e+11	
188	4.72635e+11	
189	4.68426e+11	
190	4.56027e+11	
191	4.5159e+11	
192	4.41489e+11	
193	4.30057e+11	
194	4.25979e+11	
195	4.1837e+11	
196	4.14843e+11	
197	4.09694e+11	
198	4.06355e+11	
199	4.02641e+11	
200	3.94322e+11	
201	3.91705e+11	
202	3.83285e+11	
203	3.74532e+11	
204	3.71692e+11	
205	3.67489e+11	
206	3.60609e+11	
207	3.55329e+11	
208	3.52215e+11	
209	3.41968e+11	
210	3.30279e+11	
211	3.24069e+11	
212	3.19821e+11	
213	3.09908e+11	
214	3.02519e+11	
215	2.98051e+11	
216	2.89198e+11	
217	2.85211e+11	
218	2.79826e+11	
219	2.74344e+11	
220	2.71817e+11	
221	2.63663e+11	
222	2.60057e+11	
223	2.50173e+11	
224	2.48379e+11	
225	2.46341e+11	
226	2.42354e+11	
227	2.40255e+11	
228	2.37895e+11	
229	2.34413e+11	
230	2.32335e+11	
231	2.31007e+11	
232	2.28102e+11	
233	2.2688e+11	
234	2.2463e+11	
235	2.23093e+11	
236	2.20834e+11	
237	2.19599e+11	
238	2.17281e+11	
239	2.15295e+11	
240	2.1292e+11	
241	2.1059e+11	
242	2.09905e+11	
243	2.07871e+11	
244	2.05967e+11	
245	2.04607e+11	
246	2.03722e+11	
247	2.01481e+11	
248	1.99799e+11	
249	1.9828e+11	
250	1.97011e+11	
251	1.95737e+11	
252	1.94744e+11	
253	1.9348e+11	
254	1.90961e+11	
255	1.90196e+11	
256	1.88606e+11	
257	1.87248e+11	
258	1.86454e+11	
259	1.85675e+11	
260	1.84265e+11	
261	1.83023e+11	
262	1.82296e+11	
263	1.81084e+11	
264	1.7926e+11	
265	1.78289e+11	
266	1.76657e+11	
267	1.75113e+11	
268	1.74217e+11	
269	1.72317e+11	
270	1.70919e+11	
271	1.69502e+11	
272	1.67729e+11	
273	1.66264e+11	
274	1.65571e+11	
275	1.64707e+11	
276	1.63316e+11	
277	1.62253e+11	
278	1.61521e+11	
279	1.58861e+11	
280	1.57835e+11	
281	1.56594e+11	
282	1.55001e+11	
283	1.539e+11	
284	1.52078e+11	
285	1.51423e+11	
286	1.50392e+11	
287	1.49567e+11	
288	1.48077e+11	
289	1.47598e+11	
290	1.46444e+11	
291	1.45827e+11	
292	1.44761e+11	
293	1.44111e+11	
294	1.42846e+11	
295	1.41658e+11	
296	1.41055e+11	
297	1.39513e+11	
298	1.38175e+11	
299	1.3727e+11	
300	1.36811e+11	
301	1.35665e+11	
302	1.34621e+11	
303	1.33598e+11	
304	1.32027e+11	
305	1.30969e+11	
306	1.30391e+11	
307	1.28177e+11	
308	1.27111e+11	
309	1.26335e+11	
310	1.24847e+11	
311	1.23847e+11	
312	1.22254e+11	
313	1.20963e+11	
314	1.19959e+11	
315	1.18967e+11	
316	1.17244e+11	
317	1.16378e+11	
318	1.15357e+11	
319	1.13579e+11	
320	1.12995e+11	
321	1.12414e+11	
322	1.11689e+11	
323	1.10703e+11	
324	1.10196e+11	
325	1.09189e+11	
326	1.07932e+11	
327	1.07207e+11	
328	1.06235e+11	
329	1.05552e+11	
330	1.0473e+11	
331	1.04526e+11	
332	1.03807e+11	
333	1.03246e+11	
334	1.02946e+11	
335	1.02519e+11	
336	1.0184e+11	
337	1.01568e+11	
338	1.01121e+11	
339	1.0071e+11	
340	1.00474e+11	
341	9.99582e+10	
342	9.93656e+10	
343	9.89264e+10	
344	9.84553e+10	
345	9.80013e+10	
346	9.74802e+10	
347	9.69516e+10	
348	9.65566e+10	
349	9.57728e+10	
350	9.51823e+10	
351	9.46874e+10	
352	9.43151e+10	
353	9.39064e+10	
354	9.35055e+10	
355	9.33045e+10	
356	9.27348e+10	
357	9.22581e+10	
358	9.17675e+10	
359	9.14941e+10	
360	9.08723e+10	
361	9.04108e+10	
362	9.01305e+10	
363	8.95292e+10	
364	8.93096e+10	
365	8.87564e+10	
366	8.85481e+10	
367	8.81564e+10	
368	8.78378e+10	
369	8.74574e+10	
370	8.71993e+10	
371	8.69703e+10	
372	8.65695e+10	
373	8.6361e+10	
374	8.60828e+10	
375	8.55369e+10	
376	8.54402e+10	
377	8.49094e+10	
378	8.47087e+10	
379	8.44352e+10	
380	8.40518e+10	
381	8.39676e+10	
382	8.35178e+10	
383	8.29934e+10	
384	8.28014e+10	
385	8.24208e+10	
386	8.22877e+10	
387	8.20998e+10	
388	8.168e+10	
389	8.14358e+10	
390	8.12706e+10	
391	8.11344e+10	
392	8.08339e+10	
393	8.06609e+10	
394	8.02935e+10	
395	8.02437e+10	
396	8.00152e+10	
397	7.99257e+10	
398	7.98128e+10	
399	7.96115e+10	
400	7.94513e+10	
401	7.92932e+10	
402	7.91669e+10	
403	7.89848e+10	
404	7.88479e+10	
405	7.87566e+10	
406	7.84834e+10	
407	7.83078e+10	
408	7.81486e+10	
409	7.77962e+10	
410	7.77e+10	
411	7.75186e+10	
412	7.73988e+10	
413	7.71565e+10	
414	7.70541e+10	
415	7.69884e+10	
416	7.68794e+10	
417	7.67326e+10	
418	7.66343e+10	
419	7.63394e+10	
420	7.6204e+10	
421	7.61147e+10	
422	7.59225e+10	
423	7.58302e+10	
424	7.56443e+10	
425	7.54916e+10	
426	7.51552e+10	
427	7.50401e+10	
428	7.48399e+10	
429	7.46087e+10	
430	7.449e+10	
431	7.43734e+10	
432	7.41148e+10	
433	7.39326e+10	
434	7.35993e+10	
435	7.34683e+10	
436	7.33185e+10	
437	7.3086e+10	
438	7.29576e+10	
439	7.28781e+10	
440	7.2712e+10	
441	7.26377e+10	
442	7.24145e+10	
443	7.22089e+10	
444	7.21215e+10	
445	7.20115e+10	
446	7.19025e+10	
447	7.17685e+10	
448	7.16872e+10	
449	7.15533e+10	
450	7.14876e+10	
451	7.12875e+10	
452	7.11761e+10	
453	7.11296e+10	
454	7.09843e+10	
455	7.08467e+10	
456	7.06165e+10	
457	7.04172e+10	
458	7.02862e+10	
459	7.0065e+10	
460	6.99349e+10	
461	6.98605e+10	
462	6.96686e+10	
463	6.94674e+10	
464	6.9357e+10	
465	6.92791e+10	
466	6.90507e+10	
467	6.89687e+10	
468	6.88977e+10	
469	6.87738e+10	
470	6.86215e+10	
471	6.8507e+10	
472	6.83418e+10	
473	6.81215e+10	
474	6.80026e+10	
475	6.78186e+10	
476	6.7711e+10	
477	6.75408e+10	
478	6.74162e+10	
479	6.72971e+10	
480	6.72598e+10	
481	6.71042e+10	
482	6.70044e+10	
483	6.68435e+10	
484	6.67025e+10	
485	6.6635e+10	
486	6.63585e+10	
487	6.62516e+10	
488	6.61701e+10	
489	6.58742e+10	
490	6.574e+10	
491	6.56495e+10	
492	6.55483e+10	
493	6.53834e+10	
494	6.53181e+10	
495	6.52411e+10	
496	6.50168e+10	
497	6.47743e+10	
498	6.46794e+10	
499	6.44407e+10	
500	6.43006e+10	
501	6.42386e+10	
502	6.38297e+10	
503	6.36706e+10	
504	6.35372e+10	
505	6.34429e+10	
506	6.32097e+10	
507	6.308e+10	
508	6.29528e+10	
509	6.28395e+10	
510	6.27379e+10	
511	6.25613e+10	
512	6.25188e+10	
513	6.23311e+10	
514	6.21435e+10	
515	6.20936e+10	
516	6.19773e+10	
517	6.18861e+10	
518	6.18146e+10	
519	6.16961e+10	
520	6.1587e+10	
521	6.14983e+10	
522	6.13995e+10	
523	6.13163e+10	
524	6.1218e+10	
525	6.1174e+10	
526	6.09726e+10	
527	6.09381e+10	
528	6.07904e+10	
529	6.06201e+10	
530	6.04628e+10	
531	6.03427e+10	
532	6.02228e+10	
533	6.01309e+10	
534	6.00966e+10	
535	5.99715e+10	
536	5.9779e+10	
537	5.96576e+10	
538	5.95547e+10	
539	5.94445e+10	
540	5.93012e+10	
541	5.92289e+10	
542	5.91413e+10	
543	5.90354e+10	
544	5.89668e+10	
545	5.89062e+10	
546	5.86313e+10	
547	5.85539e+10	
548	5.84622e+10	
549	5.8406e+10	
550	5.81652e+10	
551	5.80892e+10	
552	5.80218e+10	
553	5.79377e+10	
554	5.78115e+10	
555	5.77538e+10	
556	5.75797e+10	
557	5.7473e+10	
558	5.73129e+10	
559	5.72605e+10	
560	5.71516e+10	
561	5.69598e+10	
562	5.68106e+10	
563	5.66548e+10	
564	5.65912e+10	
565	5.64589e+10	
566	5.64006e+10	
567	5.63633e+10	
568	5.63046e+10	
569	5.61917e+10	
570	5.60452e+10	
571	5.60143e+10	
572	5.59952e+10	
573	5.59128e+10	
574	5.57699e+10	
575	5.56925e+10	
576	5.56503e+10	
577	5.55219e+10	
578	5.54788e+10	
579	5.54223e+10	
580	5.53539e+10	
581	5.52535e+10	
582	5.52096e+10	
583	5.51085e+10	
584	5.50366e+10	
585	5.49899e+10	
586	5.49325e+10	
587	5.48983e+10	
588	5.47051e+10	
589	5.46768e+10	
590	5.46329e+10	
591	5.44359e+10	
592	5.44061e+10	
593	5.43719e+10	
594	5.41666e+10	
595	5.39989e+10	
596	5.39327e+10	
597	5.37819e+10	
598	5.36311e+10	
599	5.35105e+10	
600	5.34126e+10	
601	5.33357e+10	
602	5.32449e+10	
603	5.29727e+10	
604	5.29099e+10	
605	5.28186e+10	
606	5.26243e+10	
607	5.24102e+10	
608	5.2352e+10	
609	5.21129e+10	
610	5.19705e+10	
611	5.19005e+10	
612	5.18568e+10	
613	5.17731e+10	
614	5.16852e+10	
615	5.15049e+10	
616	5.14551e+10	
617	5.13998e+10	
618	5.12578e+10	
619	5.11717e+10	
620	5.09637e+10	
621	5.09361e+10	
622	5.08758e+10	
623	5.07336e+10	
624	5.05465e+10	
625	5.05115e+10	
626	5.04275e+10	
627	5.03303e+10	
628	5.02704e+10	
629	5.02038e+10	
630	5.01558e+10	
631	5.01205e+10	
632	4.99428e+10	
633	4.98623e+10	
634	4.98287e+10	
635	4.96525e+10	
636	4.95678e+10	
637	4.95068e+10	
638	4.94523e+10	
639	4.93812e+10	
640	4.90867e+10	
641	4.89563e+10	
642	4.89261e+10	
643	4.88669e+10	
644	4.83691e+10	
645	4.81897e+10	
646	4.79988e+10	
647	4.79635e+10	
648	4.77816e+10	
649	4.75102e+10	
650	4.7347e+10	
651	4.72657e+10	
652	4.716e+10	
653	4.7029e+10	
654	4.68837e+10	
655	4.65549e+10	
656	4.63152e+10	
657	4.62534e+10	
658	4.61409e+10	
659	4.58054e+10	
660	4.56811e+10	
661	4.54911e+10	
662	4.53691e+10	
663	4.53077e+10	
664	4.51234e+10	
665	4.47356e+10	
666	4.45226e+10	
667	4.43422e+10	
668	4.42704e+10	
669	4.41754e+10	
670	4.395e+10	
671	4.36608e+10	
672	4.34258e+10	
673	4.32254e+10	
674	4.31037e+10	
675	4.30335e+10	
676	4.2858e+10	
677	4.21131e+10	
678	4.18226e+10	
679	4.17433e+10	
680	4.16833e+10	
681	4.14746e+10	
682	4.10849e+10	
683	4.07913e+10	
684	4.05704e+10	
685	4.04144e+10	
686	4.0315e+10	
687	4.01529e+10	
688	3.99128e+10	
689	3.94956e+10	
690	3.93103e+10	
691	3.91589e+10	
692	3.89409e+10	
693	3.86668e+10	
694	3.82953e+10	
695	3.80864e+10	
696	3.77264e+10	
697	3.76768e+10	
698	3.73064e+10	
699	3.6692e+10	
700	3.63101e+10	
701	3.59719e+10	
702	3.57696e+10	
703	3.53612e+10	
704	3.5089e+10	
705	3.47571e+10	
706	3.41693e+10	
707	3.3943e+10	
708	3.38425e+10	
709	3.35301e+10	
710	3.32838e+10	
711	3.27953e+10	
712	3.2201e+10	
713	3.20849e+10	
714	3.19246e+10	
715	3.17703e+10	
716	3.13523e+10	
717	3.10573e+10	
718	3.06377e+10	
719	3.03338e+10	
720	3.02348e+10	
721	3.00642e+10	
722	2.99517e+10	
723	2.97143e+10	
724	2.93641e+10	
725	2.90189e+10	
726	2.8886e+10	
727	2.87479e+10	
728	2.85084e+10	
729	2.83268e+10	
730	2.79599e+10	
731	2.75969e+10	
732	2.74162e+10	
733	2.70939e+10	
734	2.68321e+10	
735	2.67123e+10	
736	2.66008e+10	
737	2.61167e+10	
738	2.59314e+10	
739	2.56139e+10	
740	2.55108e+10	
741	2.54486e+10	
742	2.52519e+10	
743	2.49926e+10	
744	2.48124e+10	
745	2.45615e+10	
746	2.44182e+10	
747	2.42813e+10	
748	2.42155e+10	
749	2.41299e+10	
750	2.39865e+10	
751	2.38387e+10	
752	2.36515e+10	
753	2.3599e+10	
754	2.34662e+10	
755	2.33824e+10	
756	2.30979e+10	
757	2.29474e+10	
758	2.28512e+10	
759	2.27658e+10	
760	2.27066e+10	
761	2.26195e+10	
762	2.2451e+10	
763	2.22978e+10	
764	2.21537e+10	
765	2.19711e+10	
766	2.19162e+10	
767	2.1847e+10	
768	2.1718e+10	
769	2.15268e+10	
770	2.1438e+10	
771	2.13684e+10	
772	2.13259e+10	
773	2.12965e+10	
774	2.12311e+10	
775	2.1162e+10	
776	2.10447e+10	
777	2.09632e+10	
778	2.08946e+10	
779	2.08582e+10	
780	2.08309e+10	
781	2.07703e+10	
782	2.05424e+10	
783	2.04316e+10	
784	2.03317e+10	
785	2.02874e+10	
786	2.02513e+10	
787	2.01823e+10	
788	2.005e+10	
789	1.99012e+10	
790	1.97061e+10	
791	1.95644e+10	
792	1.94538e+10	
793	1.93651e+10	
794	1.92574e+10	
795	1.91641e+10	
796	1.9076e+10	
797	1.90346e+10	
798	1.90037e+10	
799	1.89588e+10	
800	1.88033e+10	
801	1.87375e+10	
802	1.86809e+10	
803	1.85694e+10	
804	1.85527e+10	
805	1.84983e+10	
806	1.84453e+10	
807	1.83949e+10	
808	1.82438e+10	
809	1.81868e+10	
810	1.81494e+10	
811	1.80964e+10	
812	1.8056e+10	
813	1.80158e+10	
814	1.79151e+10	
815	1.77367e+10	
816	1.76905e+10	
817	1.76297e+10	
818	1.75547e+10	
819	1.75198e+10	
820	1.74189e+10	
821	1.73332e+10	
822	1.72068e+10	
823	1.70494e+10	
824	1.69547e+10	
825	1.68216e+10	
826	1.66587e+10	
827	1.66221e+10	
828	1.63784e+10	
829	1.63015e+10	
830	1.62194e+10	
831	1.61064e+10	
832	1.60245e+10	
833	1.59885e+10	
834	1.59128e+10	
835	1.5868e+10	
836	1.57562e+10	
837	1.55751e+10	
838	1.54899e+10	
839	1.54016e+10	
840	1.53702e+10	
841	1.5213e+10	
842	1.50856e+10	
843	1.49645e+10	
844	1.47454e+10	
845	1.46557e+10	
846	1.45796e+10	
847	1.44619e+10	
848	1.4408e+10	
849	1.43197e+10	
850	1.40296e+10	
851	1.38334e+10	
852	1.36927e+10	
853	1.35727e+10	
854	1.35205e+10	
855	1.34605e+10	
856	1.34209e+10	
857	1.32674e+10	
858	1.31486e+10	
859	1.30454e+10	
860	1.29825e+10	
861	1.28425e+10	
862	1.27764e+10	
863	1.27008e+10	
864	1.25388e+10	
865	1.24928e+10	
866	1.22803e+10	
867	1.2203e+10	
868	1.21087e+10	
869	1.19842e+10	
870	1.19383e+10	
871	1.18751e+10	
872	1.17875e+10	
873	1.16129e+10	
874	1.15663e+10	
875	1.13854e+10	
876	1.12739e+10	
877	1.12038e+10	
878	1.11356e+10	
879	1.10366e+10	
880	1.09192e+10	
881	1.06983e+10	
882	1.04236e+10	
883	1.03895e+10	
884	1.03047e+10	
885	1.02433e+10	
886	1.01841e+10	
887	1.00818e+10	
888	9.99064e+09	
889	9.95041e+09	
890	9.80101e+09	
891	9.71876e+09	
892	9.67511e+09	
893	9.60211e+09	
894	9.50952e+09	
895	9.45754e+09	
896	9.38528e+09	
897	9.30109e+09	
898	9.24221e+09	
899	9.19981e+09	
900	9.13533e+09	
901	9.07481e+09	
902	8.9979e+09	
903	8.91113e+09	
904	8.85541e+09	
905	8.78268e+09	
906	8.69369e+09	
907	8.62038e+09	
908	8.55094e+09	
909	8.52046e+09	
910	8.43917e+09	
911	8.36663e+09	
912	8.26043e+09	
913	8.19595e+09	
914	8.14897e+09	
915	8.12838e+09	
916	8.05564e+09	
917	8.01596e+09	
918	7.9811e+09	
919	7.92694e+09	
920	7.87881e+09	
921	7.79497e+09	
922	7.74956e+09	
923	7.70568e+09	
924	7.6787e+09	
925	7.63046e+09	
926	7.46965e+09	
927	7.42099e+09	
928	7.39229e+09	
929	7.32168e+09	
930	7.29416e+09	
931	7.26373e+09	
932	7.20304e+09	
933	7.12423e+09	
934	7.10157e+09	
935	7.04765e+09	
936	7.00411e+09	
937	6.95647e+09	
938	6.8877e+09	
939	6.84129e+09	
940	6.81257e+09	
941	6.76151e+09	
942	6.71326e+09	
943	6.63092e+09	
944	6.5982e+09	
945	6.57499e+09	
946	6.53242e+09	
947	6.51477e+09	
948	6.46384e+09	
949	6.43746e+09	
950	6.3916e+09	
951	6.36987e+09	
952	6.31622e+09	
953	6.2988e+09	
954	6.27286e+09	
955	6.23262e+09	
956	6.20966e+09	
957	6.17358e+09	
958	6.15411e+09	
959	6.13939e+09	
960	6.11609e+09	
961	6.09976e+09	
962	6.06959e+09	
963	6.04579e+09	
964	6.00122e+09	
965	5.97392e+09	
966	5.94036e+09	
967	5.90829e+09	
968	5.88216e+09	
969	5.85547e+09	
970	5.83354e+09	
971	5.81258e+09	
972	5.77522e+09	
973	5.72724e+09	
974	5.67972e+09	
975	5.64319e+09	
976	5.62839e+09	
977	5.59494e+09	
978	5.57869e+09	
979	5.5504e+09	
980	5.5087e+09	
981	5.47058e+09	
982	5.44488e+09	
983	5.429e+09	
984	5.40661e+09	
985	5.38523e+09	
986	5.36806e+09	
987	5.34876e+09	
988	5.32596e+09	
989	5.31253e+09	
990	5.21456e+09	
991	5.17334e+09	
992	5.11945e+09	
993	5.07359e+09	
994	5.05188e+09	
995	5.00799e+09	
996	4.95122e+09	
997	4.92875e+09	
998	4.90064e+09	
999	4.87079e+09	
1000	4.84147e+09	
# iterates cost: 15.0419
