# Reading DATA...
# Reading Matrix Successfully!
# Initialize b...
# Initialize b sucessfully!
MRSM
0	5.34637e+11
1	1.0553e+11
2	5.51911e+10
3	3.78587e+10
4	2.87541e+10
5	2.3257e+10
6	1.95123e+10
7	1.68047e+10
8	1.47289e+10
9	1.30867e+10
10	1.17541e+10
11	1.06533e+10
12	9.73097e+09
13	8.94826e+09
14	8.27723e+09
15	7.6962e+09
16	7.18909e+09
17	6.74297e+09
18	6.34803e+09
19	5.99614e+09
20	5.68102e+09
21	5.39736e+09
22	5.14093e+09
23	4.90812e+09
24	4.696e+09
25	4.50203e+09
26	4.3241e+09
27	4.16037e+09
28	4.00929e+09
29	3.86948e+09
30	3.73978e+09
31	3.61914e+09
32	3.50669e+09
33	3.4016e+09
34	3.3032e+09
35	3.21084e+09
36	3.12399e+09
37	3.04215e+09
38	2.96488e+09
39	2.89179e+09
40	2.82253e+09
41	2.75678e+09
42	2.69427e+09
43	2.63473e+09
44	2.57794e+09
45	2.52369e+09
46	2.47178e+09
47	2.42205e+09
48	2.37435e+09
49	2.32853e+09
50	2.28446e+09
51	2.24204e+09
52	2.20114e+09
53	2.16168e+09
54	2.12356e+09
55	2.08671e+09
56	2.05105e+09
57	2.01651e+09
58	1.98303e+09
59	1.95054e+09
60	1.91901e+09
61	1.88837e+09
62	1.85858e+09
63	1.8296e+09
64	1.80139e+09
65	1.77391e+09
66	1.74713e+09
67	1.72103e+09
68	1.69556e+09
69	1.6707e+09
70	1.64643e+09
71	1.62272e+09
72	1.59955e+09
73	1.5769e+09
74	1.55475e+09
75	1.53308e+09
76	1.51188e+09
77	1.49112e+09
78	1.47079e+09
79	1.45089e+09
80	1.43138e+09
81	1.41227e+09
82	1.39353e+09
83	1.37516e+09
84	1.35715e+09
85	1.33948e+09
86	1.32214e+09
87	1.30513e+09
88	1.28844e+09
89	1.27205e+09
90	1.25596e+09
91	1.24016e+09
92	1.22465e+09
93	1.2094e+09
94	1.19443e+09
95	1.17972e+09
96	1.16526e+09
97	1.15105e+09
98	1.13709e+09
99	1.12335e+09
100	1.10986e+09
101	1.09658e+09
102	1.08353e+09
103	1.07069e+09
104	1.05806e+09
105	1.04564e+09
106	1.03341e+09
107	1.02139e+09
108	1.00955e+09
109	9.97907e+08
110	9.86445e+08
111	9.75162e+08
112	9.64056e+08
113	9.53122e+08
114	9.42357e+08
115	9.31757e+08
116	9.21319e+08
117	9.1104e+08
118	9.00916e+08
119	8.90945e+08
120	8.81123e+08
121	8.71447e+08
122	8.61914e+08
123	8.52523e+08
124	8.43269e+08
125	8.34151e+08
126	8.25165e+08
127	8.16309e+08
128	8.07581e+08
129	7.98978e+08
130	7.90498e+08
131	7.82139e+08
132	7.73898e+08
133	7.65774e+08
134	7.57763e+08
135	7.49865e+08
136	7.42076e+08
137	7.34395e+08
138	7.26821e+08
139	7.1935e+08
140	7.11982e+08
141	7.04714e+08
142	6.97545e+08
143	6.90473e+08
144	6.83496e+08
145	6.76613e+08
146	6.69822e+08
147	6.63121e+08
148	6.56509e+08
149	6.49984e+08
150	6.43545e+08
151	6.3719e+08
152	6.30919e+08
153	6.24729e+08
154	6.18619e+08
155	6.12588e+08
156	6.06635e+08
157	6.00757e+08
158	5.94955e+08
159	5.89227e+08
160	5.83571e+08
161	5.77987e+08
162	5.72473e+08
163	5.67027e+08
164	5.6165e+08
165	5.5634e+08
166	5.51096e+08
167	5.45916e+08
168	5.408e+08
169	5.35747e+08
170	5.30756e+08
171	5.25826e+08
172	5.20955e+08
173	5.16143e+08
174	5.1139e+08
175	5.06693e+08
176	5.02053e+08
177	4.97468e+08
178	4.92937e+08
179	4.88461e+08
180	4.84037e+08
181	4.79665e+08
182	4.75345e+08
183	4.71075e+08
184	4.66855e+08
185	4.62684e+08
186	4.58561e+08
187	4.54486e+08
188	4.50458e+08
189	4.46476e+08
190	4.42539e+08
191	4.38648e+08
192	4.348e+08
193	4.30996e+08
194	4.27236e+08
195	4.23517e+08
196	4.1984e+08
197	4.16205e+08
198	4.1261e+08
199	4.09055e+08
200	4.05539e+08
201	4.02062e+08
202	3.98624e+08
203	3.95223e+08
204	3.9186e+08
205	3.88533e+08
206	3.85243e+08
207	3.81988e+08
208	3.78769e+08
209	3.75584e+08
210	3.72434e+08
211	3.69317e+08
212	3.66234e+08
213	3.63184e+08
214	3.60166e+08
215	3.5718e+08
216	3.54226e+08
217	3.51303e+08
218	3.48411e+08
219	3.45549e+08
220	3.42717e+08
221	3.39914e+08
222	3.37141e+08
223	3.34397e+08
224	3.31681e+08
225	3.28993e+08
226	3.26333e+08
227	3.237e+08
228	3.21094e+08
229	3.18514e+08
230	3.15961e+08
231	3.13434e+08
232	3.10933e+08
233	3.08457e+08
234	3.06005e+08
235	3.03579e+08
236	3.01177e+08
237	2.98799e+08
238	2.96444e+08
239	2.94113e+08
240	2.91806e+08
241	2.89521e+08
242	2.87258e+08
243	2.85018e+08
244	2.82801e+08
245	2.80604e+08
246	2.7843e+08
247	2.76276e+08
248	2.74144e+08
249	2.72032e+08
250	2.69941e+08
251	2.6787e+08
252	2.65819e+08
253	2.63788e+08
254	2.61776e+08
255	2.59784e+08
256	2.57811e+08
257	2.55856e+08
258	2.5392e+08
259	2.52003e+08
260	2.50104e+08
261	2.48222e+08
262	2.46359e+08
263	2.44513e+08
264	2.42684e+08
265	2.40873e+08
266	2.39078e+08
267	2.373e+08
268	2.35539e+08
269	2.33794e+08
270	2.32065e+08
271	2.30353e+08
272	2.28656e+08
273	2.26975e+08
274	2.25309e+08
275	2.23659e+08
276	2.22023e+08
277	2.20403e+08
278	2.18797e+08
279	2.17206e+08
280	2.1563e+08
281	2.14068e+08
282	2.1252e+08
283	2.10986e+08
284	2.09466e+08
285	2.07959e+08
286	2.06466e+08
287	2.04986e+08
288	2.0352e+08
289	2.02067e+08
290	2.00626e+08
291	1.99199e+08
292	1.97784e+08
293	1.96382e+08
294	1.94992e+08
295	1.93614e+08
296	1.92249e+08
297	1.90895e+08
298	1.89554e+08
299	1.88224e+08
300	1.86906e+08
301	1.85599e+08
302	1.84304e+08
303	1.8302e+08
304	1.81747e+08
305	1.80485e+08
306	1.79234e+08
307	1.77994e+08
308	1.76765e+08
309	1.75546e+08
310	1.74338e+08
311	1.7314e+08
312	1.71952e+08
313	1.70775e+08
314	1.69607e+08
315	1.6845e+08
316	1.67302e+08
317	1.66164e+08
318	1.65036e+08
319	1.63917e+08
320	1.62808e+08
321	1.61708e+08
322	1.60617e+08
323	1.59536e+08
324	1.58463e+08
325	1.574e+08
326	1.56345e+08
327	1.55299e+08
328	1.54262e+08
329	1.53234e+08
330	1.52214e+08
331	1.51203e+08
332	1.502e+08
333	1.49205e+08
334	1.48219e+08
335	1.47241e+08
336	1.46271e+08
337	1.45308e+08
338	1.44354e+08
339	1.43407e+08
340	1.42469e+08
341	1.41538e+08
342	1.40614e+08
343	1.39698e+08
344	1.3879e+08
345	1.37888e+08
346	1.36995e+08
347	1.36108e+08
348	1.35229e+08
349	1.34356e+08
350	1.33491e+08
351	1.32633e+08
352	1.31781e+08
353	1.30937e+08
354	1.30099e+08
355	1.29268e+08
356	1.28444e+08
357	1.27626e+08
358	1.26814e+08
359	1.26009e+08
360	1.25211e+08
361	1.24419e+08
362	1.23633e+08
363	1.22853e+08
364	1.2208e+08
365	1.21313e+08
366	1.20551e+08
367	1.19796e+08
368	1.19047e+08
369	1.18303e+08
370	1.17565e+08
371	1.16834e+08
372	1.16107e+08
373	1.15387e+08
374	1.14672e+08
375	1.13963e+08
376	1.13259e+08
377	1.12561e+08
378	1.11868e+08
379	1.1118e+08
380	1.10498e+08
381	1.09821e+08
382	1.09149e+08
383	1.08483e+08
384	1.07821e+08
385	1.07165e+08
386	1.06514e+08
387	1.05867e+08
388	1.05226e+08
389	1.0459e+08
390	1.03958e+08
391	1.03331e+08
392	1.02709e+08
393	1.02092e+08
394	1.01479e+08
395	1.00871e+08
396	1.00268e+08
397	9.96693e+07
398	9.90751e+07
399	9.84853e+07
400	9.79e+07
401	9.73191e+07
402	9.67425e+07
403	9.61703e+07
404	9.56024e+07
405	9.50387e+07
406	9.44793e+07
407	9.3924e+07
408	9.33729e+07
409	9.28259e+07
410	9.22829e+07
411	9.1744e+07
412	9.12091e+07
413	9.06782e+07
414	9.01512e+07
415	8.9628e+07
416	8.91088e+07
417	8.85934e+07
418	8.80818e+07
419	8.75739e+07
420	8.70698e+07
421	8.65694e+07
422	8.60727e+07
423	8.55796e+07
424	8.50901e+07
425	8.46042e+07
426	8.41218e+07
427	8.3643e+07
428	8.31676e+07
429	8.26957e+07
430	8.22272e+07
431	8.17621e+07
432	8.13004e+07
433	8.08421e+07
434	8.0387e+07
435	7.99353e+07
436	7.94868e+07
437	7.90415e+07
438	7.85994e+07
439	7.81605e+07
440	7.77248e+07
441	7.72922e+07
442	7.68627e+07
443	7.64362e+07
444	7.60128e+07
445	7.55924e+07
446	7.51751e+07
447	7.47607e+07
448	7.43492e+07
449	7.39407e+07
450	7.3535e+07
451	7.31323e+07
452	7.27324e+07
453	7.23353e+07
454	7.1941e+07
455	7.15495e+07
456	7.11608e+07
457	7.07748e+07
458	7.03915e+07
459	7.00109e+07
460	6.96329e+07
461	6.92577e+07
462	6.8885e+07
463	6.8515e+07
464	6.81475e+07
465	6.77826e+07
466	6.74202e+07
467	6.70604e+07
468	6.6703e+07
469	6.63482e+07
470	6.59958e+07
471	6.56458e+07
472	6.52983e+07
473	6.49531e+07
474	6.46104e+07
475	6.427e+07
476	6.39319e+07
477	6.35962e+07
478	6.32628e+07
479	6.29317e+07
480	6.26028e+07
481	6.22762e+07
482	6.19518e+07
483	6.16297e+07
484	6.13097e+07
485	6.09919e+07
486	6.06763e+07
487	6.03628e+07
488	6.00515e+07
489	5.97422e+07
490	5.94351e+07
491	5.91301e+07
492	5.88271e+07
493	5.85261e+07
494	5.82272e+07
495	5.79303e+07
496	5.76354e+07
497	5.73425e+07
498	5.70515e+07
499	5.67625e+07
500	5.64754e+07
501	5.61903e+07
502	5.59071e+07
503	5.56257e+07
504	5.53462e+07
505	5.50686e+07
506	5.47929e+07
507	5.45189e+07
508	5.42468e+07
509	5.39765e+07
510	5.3708e+07
511	5.34413e+07
512	5.31763e+07
513	5.29131e+07
514	5.26516e+07
515	5.23918e+07
516	5.21337e+07
517	5.18774e+07
518	5.16227e+07
519	5.13697e+07
520	5.11183e+07
521	5.08686e+07
522	5.06205e+07
523	5.03741e+07
524	5.01292e+07
525	4.9886e+07
526	4.96443e+07
527	4.94042e+07
528	4.91657e+07
529	4.89287e+07
530	4.86932e+07
531	4.84592e+07
532	4.82268e+07
533	4.79959e+07
534	4.77664e+07
535	4.75385e+07
536	4.7312e+07
537	4.70869e+07
538	4.68633e+07
539	4.66412e+07
540	4.64204e+07
541	4.62011e+07
542	4.59832e+07
543	4.57666e+07
544	4.55515e+07
545	4.53377e+07
546	4.51253e+07
547	4.49142e+07
548	4.47045e+07
549	4.4496e+07
550	4.42889e+07
551	4.40832e+07
552	4.38787e+07
553	4.36755e+07
554	4.34736e+07
555	4.32729e+07
556	4.30736e+07
557	4.28754e+07
558	4.26785e+07
559	4.24829e+07
560	4.22885e+07
561	4.20953e+07
562	4.19032e+07
563	4.17124e+07
564	4.15228e+07
565	4.13344e+07
566	4.11471e+07
567	4.0961e+07
568	4.07761e+07
569	4.05923e+07
570	4.04096e+07
571	4.0228e+07
572	4.00476e+07
573	3.98683e+07
574	3.96901e+07
575	3.9513e+07
576	3.9337e+07
577	3.91621e+07
578	3.89882e+07
579	3.88154e+07
580	3.86436e+07
581	3.84729e+07
582	3.83033e+07
583	3.81347e+07
584	3.79671e+07
585	3.78005e+07
586	3.7635e+07
587	3.74704e+07
588	3.73068e+07
589	3.71443e+07
590	3.69827e+07
591	3.68221e+07
592	3.66624e+07
593	3.65037e+07
594	3.6346e+07
595	3.61892e+07
596	3.60334e+07
597	3.58785e+07
598	3.57245e+07
599	3.55715e+07
600	3.54193e+07
601	3.52681e+07
602	3.51178e+07
603	3.49683e+07
604	3.48198e+07
605	3.46721e+07
606	3.45253e+07
607	3.43794e+07
608	3.42344e+07
609	3.40902e+07
610	3.39468e+07
611	3.38043e+07
612	3.36627e+07
613	3.35219e+07
614	3.33819e+07
615	3.32427e+07
616	3.31043e+07
617	3.29668e+07
618	3.283e+07
619	3.26941e+07
620	3.2559e+07
621	3.24246e+07
622	3.2291e+07
623	3.21582e+07
624	3.20262e+07
625	3.18949e+07
626	3.17644e+07
627	3.16347e+07
628	3.15057e+07
629	3.13774e+07
630	3.12499e+07
631	3.11231e+07
632	3.09971e+07
633	3.08718e+07
634	3.07471e+07
635	3.06233e+07
636	3.05001e+07
637	3.03776e+07
638	3.02558e+07
639	3.01347e+07
640	3.00144e+07
641	2.98946e+07
642	2.97756e+07
643	2.96573e+07
644	2.95396e+07
645	2.94226e+07
646	2.93062e+07
647	2.91906e+07
648	2.90755e+07
649	2.89611e+07
650	2.88474e+07
651	2.87343e+07
652	2.86218e+07
653	2.851e+07
654	2.83988e+07
655	2.82882e+07
656	2.81782e+07
657	2.80688e+07
658	2.79601e+07
659	2.7852e+07
660	2.77444e+07
661	2.76375e+07
662	2.75311e+07
663	2.74254e+07
664	2.73202e+07
665	2.72156e+07
666	2.71116e+07
667	2.70082e+07
668	2.69053e+07
669	2.6803e+07
670	2.67013e+07
671	2.66001e+07
672	2.64995e+07
673	2.63994e+07
674	2.62999e+07
675	2.62009e+07
676	2.61024e+07
677	2.60045e+07
678	2.59072e+07
679	2.58103e+07
680	2.5714e+07
681	2.56182e+07
682	2.55229e+07
683	2.54282e+07
684	2.53339e+07
685	2.52402e+07
686	2.5147e+07
687	2.50542e+07
688	2.4962e+07
689	2.48703e+07
690	2.4779e+07
691	2.46883e+07
692	2.4598e+07
693	2.45082e+07
694	2.44189e+07
695	2.43301e+07
696	2.42417e+07
697	2.41538e+07
698	2.40664e+07
699	2.39794e+07
700	2.38929e+07
701	2.38069e+07
702	2.37213e+07
703	2.36362e+07
704	2.35515e+07
705	2.34673e+07
706	2.33835e+07
707	2.33001e+07
708	2.32172e+07
709	2.31347e+07
710	2.30527e+07
711	2.2971e+07
712	2.28898e+07
713	2.28091e+07
714	2.27287e+07
715	2.26488e+07
716	2.25693e+07
717	2.24902e+07
718	2.24115e+07
719	2.23332e+07
720	2.22553e+07
721	2.21778e+07
722	2.21007e+07
723	2.2024e+07
724	2.19477e+07
725	2.18718e+07
726	2.17963e+07
727	2.17212e+07
728	2.16465e+07
729	2.15721e+07
730	2.14981e+07
731	2.14245e+07
732	2.13513e+07
733	2.12785e+07
734	2.1206e+07
735	2.11339e+07
736	2.10621e+07
737	2.09907e+07
738	2.09197e+07
739	2.0849e+07
740	2.07787e+07
741	2.07088e+07
742	2.06392e+07
743	2.05699e+07
744	2.0501e+07
745	2.04325e+07
746	2.03642e+07
747	2.02964e+07
748	2.02288e+07
749	2.01616e+07
750	2.00947e+07
751	2.00282e+07
752	1.9962e+07
753	1.98961e+07
754	1.98306e+07
755	1.97653e+07
756	1.97004e+07
757	1.96359e+07
758	1.95716e+07
759	1.95076e+07
760	1.9444e+07
761	1.93807e+07
762	1.93177e+07
763	1.9255e+07
764	1.91926e+07
765	1.91305e+07
766	1.90687e+07
767	1.90072e+07
768	1.8946e+07
769	1.88851e+07
770	1.88245e+07
771	1.87642e+07
772	1.87042e+07
773	1.86445e+07
774	1.8585e+07
775	1.85259e+07
776	1.8467e+07
777	1.84085e+07
778	1.83502e+07
779	1.82921e+07
780	1.82344e+07
781	1.81769e+07
782	1.81198e+07
783	1.80628e+07
784	1.80062e+07
785	1.79498e+07
786	1.78937e+07
787	1.78379e+07
788	1.77823e+07
789	1.7727e+07
790	1.76719e+07
791	1.76172e+07
792	1.75626e+07
793	1.75083e+07
794	1.74543e+07
795	1.74006e+07
796	1.7347e+07
797	1.72938e+07
798	1.72408e+07
799	1.7188e+07
800	1.71355e+07
801	1.70832e+07
802	1.70312e+07
803	1.69794e+07
804	1.69279e+07
805	1.68765e+07
806	1.68255e+07
807	1.67746e+07
808	1.6724e+07
809	1.66737e+07
810	1.66235e+07
811	1.65736e+07
812	1.6524e+07
813	1.64745e+07
814	1.64253e+07
815	1.63763e+07
816	1.63275e+07
817	1.6279e+07
818	1.62307e+07
819	1.61826e+07
820	1.61347e+07
821	1.6087e+07
822	1.60396e+07
823	1.59923e+07
824	1.59453e+07
825	1.58985e+07
826	1.58519e+07
827	1.58055e+07
828	1.57593e+07
829	1.57134e+07
830	1.56676e+07
831	1.5622e+07
832	1.55767e+07
833	1.55315e+07
834	1.54866e+07
835	1.54418e+07
836	1.53973e+07
837	1.53529e+07
838	1.53088e+07
839	1.52648e+07
840	1.52211e+07
841	1.51775e+07
842	1.51341e+07
843	1.50909e+07
844	1.50479e+07
845	1.50051e+07
846	1.49625e+07
847	1.49201e+07
848	1.48778e+07
849	1.48358e+07
850	1.47939e+07
851	1.47522e+07
852	1.47107e+07
853	1.46694e+07
854	1.46282e+07
855	1.45873e+07
856	1.45465e+07
857	1.45059e+07
858	1.44654e+07
859	1.44252e+07
860	1.43851e+07
861	1.43452e+07
862	1.43054e+07
863	1.42659e+07
864	1.42264e+07
865	1.41872e+07
866	1.41482e+07
867	1.41093e+07
868	1.40705e+07
869	1.4032e+07
870	1.39936e+07
871	1.39553e+07
872	1.39172e+07
873	1.38793e+07
874	1.38416e+07
875	1.3804e+07
876	1.37666e+07
877	1.37293e+07
878	1.36922e+07
879	1.36552e+07
880	1.36184e+07
881	1.35818e+07
882	1.35453e+07
883	1.35089e+07
884	1.34727e+07
885	1.34367e+07
886	1.34008e+07
887	1.33651e+07
888	1.33295e+07
889	1.3294e+07
890	1.32587e+07
891	1.32236e+07
892	1.31886e+07
893	1.31537e+07
894	1.3119e+07
895	1.30845e+07
896	1.305e+07
897	1.30158e+07
898	1.29816e+07
899	1.29476e+07
900	1.29137e+07
901	1.288e+07
902	1.28464e+07
903	1.2813e+07
904	1.27797e+07
905	1.27465e+07
906	1.27135e+07
907	1.26806e+07
908	1.26478e+07
909	1.26151e+07
910	1.25826e+07
911	1.25503e+07
912	1.2518e+07
913	1.24859e+07
914	1.24539e+07
915	1.24221e+07
916	1.23903e+07
917	1.23587e+07
918	1.23273e+07
919	1.22959e+07
920	1.22647e+07
921	1.22336e+07
922	1.22026e+07
923	1.21718e+07
924	1.2141e+07
925	1.21104e+07
926	1.208e+07
927	1.20496e+07
928	1.20193e+07
929	1.19892e+07
930	1.19592e+07
931	1.19293e+07
932	1.18996e+07
933	1.18699e+07
934	1.18404e+07
935	1.1811e+07
936	1.17817e+07
937	1.17525e+07
938	1.17234e+07
939	1.16944e+07
940	1.16656e+07
941	1.16369e+07
942	1.16082e+07
943	1.15797e+07
944	1.15513e+07
945	1.1523e+07
946	1.14949e+07
947	1.14668e+07
948	1.14388e+07
949	1.1411e+07
950	1.13832e+07
951	1.13556e+07
952	1.13281e+07
953	1.13006e+07
954	1.12733e+07
955	1.12461e+07
956	1.1219e+07
957	1.1192e+07
958	1.1165e+07
959	1.11382e+07
960	1.11115e+07
961	1.10849e+07
962	1.10584e+07
963	1.1032e+07
964	1.10057e+07
965	1.09795e+07
966	1.09534e+07
967	1.09274e+07
968	1.09015e+07
969	1.08757e+07
970	1.085e+07
971	1.08244e+07
972	1.07989e+07
973	1.07734e+07
974	1.07481e+07
975	1.07229e+07
976	1.06977e+07
977	1.06727e+07
978	1.06477e+07
979	1.06229e+07
980	1.05981e+07
981	1.05734e+07
982	1.05489e+07
983	1.05244e+07
984	1.05e+07
985	1.04756e+07
986	1.04514e+07
987	1.04273e+07
988	1.04032e+07
989	1.03793e+07
990	1.03554e+07
991	1.03316e+07
992	1.03079e+07
993	1.02843e+07
994	1.02608e+07
995	1.02374e+07
996	1.0214e+07
997	1.01908e+07
998	1.01676e+07
999	1.01445e+07
1000	1.01215e+07
# iterates cost: 0.434938
