# Reading DATA...
# Reading Matrix Successfully!
PARALLEL_MRSM
0	1.60282e+17
1	1.31363e+16
2	3.29279e+15
3	1.33586e+15
4	6.6866e+14
5	3.85324e+14
6	2.42969e+14
7	1.63994e+14
8	1.16296e+14
9	8.58207e+13
10	6.53261e+13
11	5.10355e+13
12	4.07244e+13
13	3.30948e+13
14	2.73097e+13
15	2.28413e+13
16	1.93262e+13
17	1.65217e+13
18	1.4252e+13
19	1.23947e+13
20	1.08574e+13
21	9.57364e+12
22	8.49159e+12
23	7.57278e+12
24	6.78662e+12
25	6.10977e+12
26	5.52328e+12
27	5.0124e+12
28	4.56494e+12
29	4.17126e+12
30	3.82325e+12
31	3.51441e+12
32	3.23921e+12
33	2.99312e+12
34	2.77229e+12
35	2.57352e+12
36	2.39403e+12
37	2.23151e+12
38	2.08394e+12
39	1.94963e+12
40	1.82706e+12
41	1.71498e+12
42	1.61224e+12
43	1.51788e+12
44	1.43104e+12
45	1.35097e+12
46	1.27701e+12
47	1.20858e+12
48	1.14515e+12
49	1.08627e+12
50	1.03153e+12
51	9.80565e+11
52	9.33046e+11
53	8.88682e+11
54	8.47207e+11
55	8.08387e+11
56	7.72007e+11
57	7.37875e+11
58	7.05814e+11
59	6.75669e+11
60	6.47292e+11
61	6.20555e+11
62	5.95338e+11
63	5.71531e+11
64	5.49035e+11
65	5.2776e+11
66	5.0762e+11
67	4.8854e+11
68	4.7045e+11
69	4.53283e+11
70	4.36982e+11
71	4.21489e+11
72	4.06756e+11
73	3.92734e+11
74	3.79379e+11
75	3.66653e+11
76	3.54517e+11
77	3.42936e+11
78	3.31879e+11
79	3.21315e+11
80	3.11217e+11
81	3.01557e+11
82	2.92313e+11
83	2.83461e+11
84	2.74981e+11
85	2.66851e+11
86	2.59055e+11
87	2.51574e+11
88	2.44393e+11
89	2.37496e+11
90	2.30868e+11
91	2.24497e+11
92	2.1837e+11
93	2.12474e+11
94	2.06799e+11
95	2.01335e+11
96	1.9607e+11
97	1.90997e+11
98	1.86105e+11
99	1.81387e+11
100	1.76835e+11
101	1.72442e+11
102	1.682e+11
103	1.64103e+11
104	1.60144e+11
105	1.56317e+11
106	1.52618e+11
107	1.4904e+11
108	1.45578e+11
109	1.42228e+11
110	1.38984e+11
111	1.35844e+11
112	1.32802e+11
113	1.29854e+11
114	1.26997e+11
115	1.24227e+11
116	1.21542e+11
117	1.18936e+11
118	1.16408e+11
119	1.13955e+11
120	1.11573e+11
121	1.09261e+11
122	1.07015e+11
123	1.04833e+11
124	1.02713e+11
125	1.00652e+11
126	9.86485e+10
127	9.67004e+10
128	9.48057e+10
129	9.29625e+10
130	9.1169e+10
131	8.94235e+10
132	8.77244e+10
133	8.60701e+10
134	8.4459e+10
135	8.28898e+10
136	8.1361e+10
137	7.98713e+10
138	7.84195e+10
139	7.70043e+10
140	7.56245e+10
141	7.4279e+10
142	7.29668e+10
143	7.16867e+10
144	7.04377e+10
145	6.92189e+10
146	6.80294e+10
147	6.68683e+10
148	6.57346e+10
149	6.46276e+10
150	6.35464e+10
151	6.24904e+10
152	6.14587e+10
153	6.04506e+10
154	5.94655e+10
155	5.85026e+10
156	5.75614e+10
157	5.66412e+10
158	5.57414e+10
159	5.48614e+10
160	5.40007e+10
161	5.31587e+10
162	5.23349e+10
163	5.15289e+10
164	5.074e+10
165	4.99679e+10
166	4.92122e+10
167	4.84722e+10
168	4.77478e+10
169	4.70383e+10
170	4.63434e+10
171	4.56628e+10
172	4.49961e+10
173	4.43429e+10
174	4.37028e+10
175	4.30756e+10
176	4.24608e+10
177	4.18582e+10
178	4.12675e+10
179	4.06883e+10
180	4.01204e+10
181	3.95636e+10
182	3.90174e+10
183	3.84817e+10
184	3.79562e+10
185	3.74407e+10
186	3.69348e+10
187	3.64385e+10
188	3.59514e+10
189	3.54734e+10
190	3.50041e+10
191	3.45435e+10
192	3.40913e+10
193	3.36473e+10
194	3.32113e+10
195	3.27832e+10
196	3.23627e+10
197	3.19497e+10
198	3.15441e+10
199	3.11455e+10
200	3.0754e+10
201	3.03693e+10
202	2.99912e+10
203	2.96197e+10
204	2.92546e+10
205	2.88957e+10
206	2.8543e+10
207	2.81962e+10
208	2.78552e+10
209	2.752e+10
210	2.71904e+10
211	2.68662e+10
212	2.65475e+10
213	2.62339e+10
214	2.59255e+10
215	2.56222e+10
216	2.53237e+10
217	2.50301e+10
218	2.47413e+10
219	2.4457e+10
220	2.41773e+10
221	2.3902e+10
222	2.36311e+10
223	2.33644e+10
224	2.31019e+10
225	2.28435e+10
226	2.25891e+10
227	2.23386e+10
228	2.2092e+10
229	2.18492e+10
230	2.16101e+10
231	2.13746e+10
232	2.11427e+10
233	2.09143e+10
234	2.06893e+10
235	2.04676e+10
236	2.02493e+10
237	2.00342e+10
238	1.98222e+10
239	1.96134e+10
240	1.94076e+10
241	1.92048e+10
242	1.9005e+10
243	1.88081e+10
244	1.8614e+10
245	1.84226e+10
246	1.8234e+10
247	1.80481e+10
248	1.78648e+10
249	1.76841e+10
250	1.75059e+10
251	1.73303e+10
252	1.71571e+10
253	1.69862e+10
254	1.68178e+10
255	1.66516e+10
256	1.64878e+10
257	1.63262e+10
258	1.61667e+10
259	1.60095e+10
260	1.58544e+10
261	1.57013e+10
262	1.55503e+10
263	1.54014e+10
264	1.52544e+10
265	1.51093e+10
266	1.49662e+10
267	1.48249e+10
268	1.46856e+10
269	1.4548e+10
270	1.44122e+10
271	1.42782e+10
272	1.41459e+10
273	1.40153e+10
274	1.38864e+10
275	1.37591e+10
276	1.36335e+10
277	1.35095e+10
278	1.3387e+10
279	1.3266e+10
280	1.31466e+10
281	1.30287e+10
282	1.29122e+10
283	1.27972e+10
284	1.26837e+10
285	1.25715e+10
286	1.24607e+10
287	1.23512e+10
288	1.22431e+10
289	1.21363e+10
290	1.20308e+10
291	1.19266e+10
292	1.18236e+10
293	1.17219e+10
294	1.16214e+10
295	1.15221e+10
296	1.14239e+10
297	1.13269e+10
298	1.12311e+10
299	1.11364e+10
300	1.10428e+10
301	1.09503e+10
302	1.08589e+10
303	1.07685e+10
304	1.06792e+10
305	1.05909e+10
306	1.05037e+10
307	1.04174e+10
308	1.03321e+10
309	1.02478e+10
310	1.01644e+10
311	1.0082e+10
312	1.00005e+10
313	9.91998e+09
314	9.84032e+09
315	9.76154e+09
316	9.68364e+09
317	9.60661e+09
318	9.53043e+09
319	9.45509e+09
320	9.38058e+09
321	9.30689e+09
322	9.234e+09
323	9.16191e+09
324	9.0906e+09
325	9.02006e+09
326	8.95029e+09
327	8.88126e+09
328	8.81298e+09
329	8.74543e+09
330	8.67859e+09
331	8.61247e+09
332	8.54705e+09
333	8.48233e+09
334	8.41828e+09
335	8.35491e+09
336	8.2922e+09
337	8.23014e+09
338	8.16874e+09
339	8.10797e+09
340	8.04783e+09
341	7.98831e+09
342	7.92941e+09
343	7.87111e+09
344	7.8134e+09
345	7.75629e+09
346	7.69975e+09
347	7.64379e+09
348	7.5884e+09
349	7.53357e+09
350	7.47929e+09
351	7.42555e+09
352	7.37235e+09
353	7.31968e+09
354	7.26754e+09
355	7.21591e+09
356	7.16479e+09
357	7.11418e+09
358	7.06407e+09
359	7.01445e+09
360	6.96531e+09
361	6.91665e+09
362	6.86847e+09
363	6.82076e+09
364	6.7735e+09
365	6.72671e+09
366	6.68036e+09
367	6.63446e+09
368	6.589e+09
369	6.54397e+09
370	6.49937e+09
371	6.45519e+09
372	6.41144e+09
373	6.36809e+09
374	6.32516e+09
375	6.28263e+09
376	6.2405e+09
377	6.19876e+09
378	6.15741e+09
379	6.11644e+09
380	6.07586e+09
381	6.03565e+09
382	5.99581e+09
383	5.95634e+09
384	5.91723e+09
385	5.87847e+09
386	5.84008e+09
387	5.80203e+09
388	5.76433e+09
389	5.72696e+09
390	5.68994e+09
391	5.65325e+09
392	5.61689e+09
393	5.58086e+09
394	5.54515e+09
395	5.50976e+09
396	5.47468e+09
397	5.43991e+09
398	5.40546e+09
399	5.3713e+09
400	5.33745e+09
401	5.3039e+09
402	5.27064e+09
403	5.23767e+09
404	5.20499e+09
405	5.17259e+09
406	5.14047e+09
407	5.10864e+09
408	5.07707e+09
409	5.04578e+09
410	5.01476e+09
411	4.98401e+09
412	4.95352e+09
413	4.92328e+09
414	4.89331e+09
415	4.86359e+09
416	4.83412e+09
417	4.80491e+09
418	4.77593e+09
419	4.74721e+09
420	4.71872e+09
421	4.69047e+09
422	4.66246e+09
423	4.63468e+09
424	4.60713e+09
425	4.57981e+09
426	4.55272e+09
427	4.52585e+09
428	4.4992e+09
429	4.47278e+09
430	4.44656e+09
431	4.42057e+09
432	4.39478e+09
433	4.36921e+09
434	4.34384e+09
435	4.31868e+09
436	4.29372e+09
437	4.26896e+09
438	4.2444e+09
439	4.22004e+09
440	4.19588e+09
441	4.17191e+09
442	4.14813e+09
443	4.12453e+09
444	4.10113e+09
445	4.07791e+09
446	4.05488e+09
447	4.03203e+09
448	4.00935e+09
449	3.98686e+09
450	3.96454e+09
451	3.94239e+09
452	3.92042e+09
453	3.89862e+09
454	3.87699e+09
455	3.85553e+09
456	3.83423e+09
457	3.8131e+09
458	3.79213e+09
459	3.77132e+09
460	3.75067e+09
461	3.73018e+09
462	3.70984e+09
463	3.68966e+09
464	3.66963e+09
465	3.64976e+09
466	3.63003e+09
467	3.61046e+09
468	3.59103e+09
469	3.57175e+09
470	3.55261e+09
471	3.53362e+09
472	3.51476e+09
473	3.49605e+09
474	3.47748e+09
475	3.45905e+09
476	3.44075e+09
477	3.42258e+09
478	3.40456e+09
479	3.38666e+09
480	3.3689e+09
481	3.35126e+09
482	3.33376e+09
483	3.31638e+09
484	3.29913e+09
485	3.282e+09
486	3.265e+09
487	3.24812e+09
488	3.23137e+09
489	3.21473e+09
490	3.19822e+09
491	3.18182e+09
492	3.16554e+09
493	3.14938e+09
494	3.13333e+09
495	3.1174e+09
496	3.10158e+09
497	3.08587e+09
498	3.07027e+09
499	3.05479e+09
500	3.03941e+09
501	3.02414e+09
502	3.00898e+09
503	2.99393e+09
504	2.97898e+09
505	2.96413e+09
506	2.94939e+09
507	2.93475e+09
508	2.92021e+09
509	2.90577e+09
510	2.89144e+09
511	2.8772e+09
512	2.86306e+09
513	2.84901e+09
514	2.83507e+09
515	2.82122e+09
516	2.80746e+09
517	2.7938e+09
518	2.78023e+09
519	2.76675e+09
520	2.75336e+09
521	2.74007e+09
522	2.72686e+09
523	2.71375e+09
524	2.70072e+09
525	2.68778e+09
526	2.67492e+09
527	2.66215e+09
528	2.64947e+09
529	2.63687e+09
530	2.62436e+09
531	2.61193e+09
532	2.59958e+09
533	2.58731e+09
534	2.57512e+09
535	2.56302e+09
536	2.55099e+09
537	2.53904e+09
538	2.52717e+09
539	2.51538e+09
540	2.50367e+09
541	2.49203e+09
542	2.48047e+09
543	2.46898e+09
544	2.45756e+09
545	2.44623e+09
546	2.43496e+09
547	2.42377e+09
548	2.41264e+09
549	2.40159e+09
550	2.39061e+09
551	2.37971e+09
552	2.36887e+09
553	2.3581e+09
554	2.34739e+09
555	2.33676e+09
556	2.32619e+09
557	2.31569e+09
558	2.30526e+09
559	2.29489e+09
560	2.28459e+09
561	2.27436e+09
562	2.26418e+09
563	2.25407e+09
564	2.24403e+09
565	2.23404e+09
566	2.22412e+09
567	2.21426e+09
568	2.20446e+09
569	2.19473e+09
570	2.18505e+09
571	2.17543e+09
572	2.16587e+09
573	2.15637e+09
574	2.14693e+09
575	2.13755e+09
576	2.12822e+09
577	2.11895e+09
578	2.10974e+09
579	2.10058e+09
580	2.09148e+09
581	2.08243e+09
582	2.07344e+09
583	2.06451e+09
584	2.05562e+09
585	2.04679e+09
586	2.03802e+09
587	2.02929e+09
588	2.02062e+09
589	2.012e+09
590	2.00344e+09
591	1.99492e+09
592	1.98645e+09
593	1.97804e+09
594	1.96967e+09
595	1.96136e+09
596	1.95309e+09
597	1.94487e+09
598	1.9367e+09
599	1.92858e+09
600	1.9205e+09
601	1.91248e+09
602	1.9045e+09
603	1.89656e+09
604	1.88868e+09
605	1.88084e+09
606	1.87304e+09
607	1.86529e+09
608	1.85759e+09
609	1.84993e+09
610	1.84231e+09
611	1.83474e+09
612	1.82721e+09
613	1.81972e+09
614	1.81228e+09
615	1.80488e+09
616	1.79752e+09
617	1.79021e+09
618	1.78293e+09
619	1.7757e+09
620	1.76851e+09
621	1.76136e+09
622	1.75425e+09
623	1.74718e+09
624	1.74015e+09
625	1.73316e+09
626	1.7262e+09
627	1.71929e+09
628	1.71242e+09
629	1.70558e+09
630	1.69879e+09
631	1.69203e+09
632	1.68531e+09
633	1.67862e+09
634	1.67198e+09
635	1.66537e+09
636	1.6588e+09
637	1.65226e+09
638	1.64576e+09
639	1.63929e+09
640	1.63286e+09
641	1.62647e+09
642	1.62011e+09
643	1.61379e+09
644	1.6075e+09
645	1.60124e+09
646	1.59502e+09
647	1.58884e+09
648	1.58268e+09
649	1.57656e+09
650	1.57047e+09
651	1.56442e+09
652	1.5584e+09
653	1.55241e+09
654	1.54645e+09
655	1.54053e+09
656	1.53464e+09
657	1.52878e+09
658	1.52295e+09
659	1.51715e+09
660	1.51138e+09
661	1.50564e+09
662	1.49994e+09
663	1.49426e+09
664	1.48861e+09
665	1.483e+09
666	1.47741e+09
667	1.47185e+09
668	1.46633e+09
669	1.46083e+09
670	1.45536e+09
671	1.44992e+09
672	1.44451e+09
673	1.43912e+09
674	1.43376e+09
675	1.42844e+09
676	1.42314e+09
677	1.41786e+09
678	1.41262e+09
679	1.4074e+09
680	1.40221e+09
681	1.39704e+09
682	1.39191e+09
683	1.3868e+09
684	1.38171e+09
685	1.37665e+09
686	1.37162e+09
687	1.36661e+09
688	1.36163e+09
689	1.35667e+09
690	1.35174e+09
691	1.34684e+09
692	1.34196e+09
693	1.3371e+09
694	1.33227e+09
695	1.32746e+09
696	1.32268e+09
697	1.31792e+09
698	1.31319e+09
699	1.30848e+09
700	1.30379e+09
701	1.29913e+09
702	1.29449e+09
703	1.28987e+09
704	1.28528e+09
705	1.28071e+09
706	1.27616e+09
707	1.27163e+09
708	1.26713e+09
709	1.26265e+09
710	1.25819e+09
711	1.25375e+09
712	1.24934e+09
713	1.24495e+09
714	1.24058e+09
715	1.23623e+09
716	1.2319e+09
717	1.22759e+09
718	1.22331e+09
719	1.21904e+09
720	1.2148e+09
721	1.21058e+09
722	1.20637e+09
723	1.20219e+09
724	1.19803e+09
725	1.19389e+09
726	1.18977e+09
727	1.18567e+09
728	1.18158e+09
729	1.17752e+09
730	1.17348e+09
731	1.16946e+09
732	1.16545e+09
733	1.16147e+09
734	1.1575e+09
735	1.15356e+09
736	1.14963e+09
737	1.14572e+09
738	1.14183e+09
739	1.13796e+09
740	1.13411e+09
741	1.13027e+09
742	1.12645e+09
743	1.12265e+09
744	1.11887e+09
745	1.11511e+09
746	1.11137e+09
747	1.10764e+09
748	1.10393e+09
749	1.10024e+09
750	1.09656e+09
751	1.0929e+09
752	1.08926e+09
753	1.08564e+09
754	1.08203e+09
755	1.07844e+09
756	1.07487e+09
757	1.07131e+09
758	1.06777e+09
759	1.06425e+09
760	1.06074e+09
761	1.05725e+09
762	1.05377e+09
763	1.05031e+09
764	1.04687e+09
765	1.04344e+09
766	1.04003e+09
767	1.03663e+09
768	1.03325e+09
769	1.02989e+09
770	1.02654e+09
771	1.0232e+09
772	1.01988e+09
773	1.01658e+09
774	1.01329e+09
775	1.01001e+09
776	1.00675e+09
777	1.00351e+09
778	1.00028e+09
779	9.97064e+08
780	9.93863e+08
781	9.90677e+08
782	9.87504e+08
783	9.84346e+08
784	9.81202e+08
785	9.78072e+08
786	9.74956e+08
787	9.71854e+08
788	9.68766e+08
789	9.65692e+08
790	9.62631e+08
791	9.59584e+08
792	9.5655e+08
793	9.5353e+08
794	9.50523e+08
795	9.4753e+08
796	9.4455e+08
797	9.41583e+08
798	9.38628e+08
799	9.35687e+08
800	9.32759e+08
801	9.29844e+08
802	9.26941e+08
803	9.24052e+08
804	9.21174e+08
805	9.1831e+08
806	9.15458e+08
807	9.12618e+08
808	9.0979e+08
809	9.06975e+08
810	9.04172e+08
811	9.01382e+08
812	8.98603e+08
813	8.95836e+08
814	8.93082e+08
815	8.90339e+08
816	8.87608e+08
817	8.84888e+08
818	8.82181e+08
819	8.79485e+08
820	8.768e+08
821	8.74127e+08
822	8.71466e+08
823	8.68816e+08
824	8.66177e+08
825	8.63549e+08
826	8.60933e+08
827	8.58327e+08
828	8.55733e+08
829	8.5315e+08
830	8.50577e+08
831	8.48016e+08
832	8.45465e+08
833	8.42925e+08
834	8.40396e+08
835	8.37877e+08
836	8.35369e+08
837	8.32872e+08
838	8.30384e+08
839	8.27908e+08
840	8.25442e+08
841	8.22986e+08
842	8.2054e+08
843	8.18104e+08
844	8.15679e+08
845	8.13264e+08
846	8.10858e+08
847	8.08463e+08
848	8.06077e+08
849	8.03702e+08
850	8.01336e+08
851	7.9898e+08
852	7.96634e+08
853	7.94297e+08
854	7.9197e+08
855	7.89653e+08
856	7.87345e+08
857	7.85046e+08
858	7.82757e+08
859	7.80478e+08
860	7.78207e+08
861	7.75946e+08
862	7.73694e+08
863	7.71451e+08
864	7.69217e+08
865	7.66993e+08
866	7.64777e+08
867	7.62571e+08
868	7.60373e+08
869	7.58184e+08
870	7.56004e+08
871	7.53833e+08
872	7.5167e+08
873	7.49517e+08
874	7.47371e+08
875	7.45235e+08
876	7.43107e+08
877	7.40987e+08
878	7.38876e+08
879	7.36774e+08
880	7.3468e+08
881	7.32594e+08
882	7.30516e+08
883	7.28447e+08
884	7.26386e+08
885	7.24333e+08
886	7.22288e+08
887	7.20252e+08
888	7.18223e+08
889	7.16203e+08
890	7.1419e+08
891	7.12185e+08
892	7.10188e+08
893	7.08199e+08
894	7.06218e+08
895	7.04245e+08
896	7.02279e+08
897	7.00321e+08
898	6.98371e+08
899	6.96428e+08
900	6.94493e+08
901	6.92565e+08
902	6.90645e+08
903	6.88732e+08
904	6.86827e+08
905	6.84929e+08
906	6.83039e+08
907	6.81156e+08
908	6.7928e+08
909	6.77411e+08
910	6.7555e+08
911	6.73695e+08
912	6.71848e+08
913	6.70008e+08
914	6.68175e+08
915	6.66349e+08
916	6.6453e+08
917	6.62718e+08
918	6.60913e+08
919	6.59115e+08
920	6.57323e+08
921	6.55539e+08
922	6.53761e+08
923	6.5199e+08
924	6.50226e+08
925	6.48468e+08
926	6.46717e+08
927	6.44973e+08
928	6.43235e+08
929	6.41504e+08
930	6.39779e+08
931	6.38061e+08
932	6.36349e+08
933	6.34644e+08
934	6.32945e+08
935	6.31253e+08
936	6.29567e+08
937	6.27887e+08
938	6.26213e+08
939	6.24546e+08
940	6.22885e+08
941	6.2123e+08
942	6.19581e+08
943	6.17939e+08
944	6.16302e+08
945	6.14672e+08
946	6.13047e+08
947	6.11429e+08
948	6.09816e+08
949	6.0821e+08
950	6.0661e+08
951	6.05015e+08
952	6.03426e+08
953	6.01843e+08
954	6.00266e+08
955	5.98695e+08
956	5.97129e+08
957	5.9557e+08
958	5.94016e+08
959	5.92467e+08
960	5.90924e+08
961	5.89387e+08
962	5.87856e+08
963	5.8633e+08
964	5.84809e+08
965	5.83294e+08
966	5.81785e+08
967	5.80281e+08
968	5.78783e+08
969	5.7729e+08
970	5.75802e+08
971	5.7432e+08
972	5.72843e+08
973	5.71371e+08
974	5.69905e+08
975	5.68444e+08
976	5.66988e+08
977	5.65537e+08
978	5.64092e+08
979	5.62652e+08
980	5.61217e+08
981	5.59787e+08
982	5.58362e+08
983	5.56942e+08
984	5.55527e+08
985	5.54118e+08
986	5.52713e+08
987	5.51313e+08
988	5.49919e+08
989	5.48529e+08
990	5.47144e+08
991	5.45764e+08
992	5.44389e+08
993	5.43019e+08
994	5.41653e+08
995	5.40293e+08
996	5.38937e+08
997	5.37586e+08
998	5.3624e+08
999	5.34898e+08
1000	5.33561e+08
# iterates cost: 49.7256
