# Reading DATA...
# Reading Matrix Successfully!
PARALLEL_MDMRM
0	1.30692e+16
1	9.48865e+14
2	2.08299e+14
3	7.25785e+13
4	3.03397e+13
5	1.40212e+13
6	6.64593e+12
7	2.99905e+12
8	1.06893e+12
9	7.05385e+09
10	2.10987e+09
11	2.09074e+09
12	2.08419e+09
13	2.07887e+09
14	2.01902e+09
15	2.01433e+09
16	1.4969e+09
17	2.62941e+08
18	2.58895e+08
19	2.58057e+08
20	2.57076e+08
21	2.55432e+08
22	6.32338e+06
23	5.80385e+06
24	5.67716e+06
25	5.61143e+06
26	1.07086e+06
27	1.04044e+06
28	184458
29	135749
30	129936
31	125652
32	119682
33	116871
34	79832.9
35	10235
36	10083.6
37	9987.9
38	9956.42
39	9934.12
40	9883.78
41	9426.24
42	9413.82
43	9351.85
44	9335.59
45	9309.6
46	9293.68
47	9283.84
48	9273.94
49	9264.15
50	9254.39
51	9244.65
52	9234.88
53	94.8356
54	74.116
55	70.4588
56	68.476
57	67.1979
58	66.2775
59	12.9281
60	3.57825
61	3.51901
62	3.48725
63	1.10568
64	1.08989
65	1.07794
66	1.04878
67	1.04365
68	0.224392
69	0.220675
70	0.0901029
71	0.0889067
72	0.0340645
73	0.0333352
74	0.0328178
75	0.0327652
76	0.0237809
77	0.0237239
78	0.0236936
79	0.0236653
80	0.02257
81	0.0225369
82	0.0225105
83	0.0224865
84	0.00940746
#	0
# iterats cost: 179.007
# 41.8212	26.4625	43.7525	15.711	28.1786	7.76144
