# Reading DATA...
# Reading Matrix Successfully!
# Initialize b...
# Initialize b sucessfully!
PARALLEL_MRSM
0	1.55377e+16
1	1.26776e+15
2	3.18137e+14
3	1.29393e+14
4	6.49236e+13
5	3.74868e+13
6	2.36756e+13
7	1.59998e+13
8	1.13567e+13
9	8.38582e+12
10	6.38553e+12
11	4.98931e+12
12	3.98105e+12
13	3.23451e+12
14	2.66819e+12
15	2.23062e+12
16	1.88636e+12
17	1.61168e+12
18	1.38941e+12
19	1.20756e+12
20	1.0571e+12
21	9.3149e+11
22	8.2567e+11
23	7.35861e+11
24	6.5906e+11
25	5.92977e+11
26	5.35749e+11
27	4.85931e+11
28	4.42325e+11
29	4.03983e+11
30	3.70111e+11
31	3.40069e+11
32	3.13314e+11
33	2.89405e+11
34	2.67961e+11
35	2.48668e+11
36	2.31256e+11
37	2.15499e+11
38	2.01197e+11
39	1.88185e+11
40	1.76316e+11
41	1.65466e+11
42	1.55524e+11
43	1.46396e+11
44	1.37998e+11
45	1.30257e+11
46	1.23108e+11
47	1.16495e+11
48	1.10367e+11
49	1.04679e+11
50	9.93925e+10
51	9.4471e+10
52	8.98829e+10
53	8.56e+10
54	8.15964e+10
55	7.78495e+10
56	7.43384e+10
57	7.10445e+10
58	6.79507e+10
59	6.50419e+10
60	6.23039e+10
61	5.97243e+10
62	5.72913e+10
63	5.49946e+10
64	5.28243e+10
65	5.07719e+10
66	4.88291e+10
67	4.69886e+10
68	4.52436e+10
69	4.35877e+10
70	4.20153e+10
71	4.05211e+10
72	3.91e+10
73	3.77476e+10
74	3.64596e+10
75	3.52323e+10
76	3.40619e+10
77	3.29452e+10
78	3.18789e+10
79	3.08603e+10
80	2.98865e+10
81	2.89552e+10
82	2.8064e+10
83	2.72106e+10
84	2.63931e+10
85	2.56095e+10
86	2.48581e+10
87	2.41371e+10
88	2.3445e+10
89	2.27804e+10
90	2.21418e+10
91	2.15279e+10
92	2.09376e+10
93	2.03697e+10
94	1.98231e+10
95	1.92968e+10
96	1.87898e+10
97	1.83013e+10
98	1.78304e+10
99	1.73762e+10
100	1.6938e+10
# iterates cost: 297.94
