# Reading DATA...
# Reading Matrix Successfully!
PARALLEL_CG
0	2.06069e+16
1	1.83204e+15
2	4.14156e+14
3	1.40533e+14
4	6.01453e+13
5	2.98831e+13
6	1.65134e+13
7	9.85135e+12
8	6.22108e+12
9	4.11799e+12
10	2.83752e+12
11	2.01583e+12
12	1.47351e+12
13	1.10406e+12
14	8.41359e+11
15	6.53196e+11
16	5.15278e+11
17	4.1135e+11
18	3.32204e+11
19	2.71182e+11
20	2.2366e+11
21	1.86445e+11
22	1.56421e+11
23	1.32376e+11
24	1.12757e+11
25	9.64152e+10
26	8.30294e+10
27	7.17177e+10
28	6.23669e+10
29	5.45913e+10
30	4.78626e+10
31	4.21045e+10
32	3.72513e+10
33	3.30141e+10
34	2.93601e+10
35	2.62501e+10
36	2.35922e+10
37	2.12208e+10
38	1.91401e+10
39	1.73344e+10
40	1.56825e+10
41	1.42654e+10
42	1.2973e+10
43	1.18461e+10
44	1.0781e+10
45	9.88655e+09
46	9.07626e+09
47	8.33877e+09
48	7.67533e+09
49	7.08384e+09
50	6.54845e+09
51	6.06168e+09
52	5.62024e+09
53	5.19985e+09
54	4.81844e+09
55	4.48633e+09
56	4.17834e+09
57	3.89753e+09
58	3.64696e+09
59	3.41451e+09
60	3.20241e+09
61	3.00439e+09
62	2.83197e+09
63	2.65358e+09
64	2.48855e+09
65	2.32561e+09
66	2.17404e+09
67	2.03567e+09
68	1.90794e+09
69	1.79342e+09
70	1.69165e+09
71	1.59213e+09
72	1.50107e+09
73	1.41869e+09
74	1.33858e+09
75	1.26616e+09
76	1.1995e+09
77	1.13611e+09
78	1.0792e+09
79	1.0261e+09
80	9.78329e+08
81	9.34112e+08
82	8.94616e+08
83	8.52231e+08
84	8.04897e+08
85	7.5957e+08
86	7.18645e+08
87	6.80226e+08
88	6.46121e+08
89	6.13166e+08
90	5.8361e+08
91	5.55071e+08
92	5.2988e+08
93	5.07027e+08
94	4.85893e+08
95	4.66069e+08
96	4.49651e+08
97	4.32404e+08
98	4.13241e+08
99	3.91861e+08
100	3.70863e+08
101	3.52162e+08
102	3.35011e+08
103	3.20353e+08
104	3.0705e+08
105	2.95496e+08
106	2.86443e+08
107	2.78129e+08
108	2.67268e+08
109	2.52594e+08
110	2.3797e+08
111	2.26153e+08
112	2.15938e+08
113	2.07126e+08
114	1.99911e+08
115	1.93902e+08
116	1.87739e+08
117	1.7994e+08
118	1.69935e+08
119	1.60168e+08
120	1.52015e+08
121	1.44904e+08
122	1.38424e+08
123	1.32898e+08
124	1.28529e+08
125	1.24982e+08
126	1.21219e+08
127	1.16864e+08
128	1.10688e+08
129	1.04521e+08
130	9.91381e+07
131	9.46666e+07
132	9.07188e+07
133	8.76718e+07
134	8.55269e+07
135	8.37894e+07
136	8.0708e+07
137	7.60135e+07
138	7.16878e+07
139	6.83608e+07
140	6.62939e+07
141	6.48384e+07
142	6.28499e+07
143	5.95377e+07
144	5.58082e+07
145	5.27033e+07
146	5.01742e+07
147	4.82085e+07
148	4.68176e+07
149	4.59466e+07
150	4.48148e+07
151	4.25864e+07
152	3.99458e+07
153	3.78474e+07
154	3.67678e+07
155	3.63623e+07
156	3.5497e+07
157	3.32499e+07
158	3.08898e+07
159	2.91941e+07
160	2.80943e+07
161	2.74323e+07
162	2.69666e+07
163	2.58391e+07
164	2.42131e+07
165	2.27345e+07
166	2.1712e+07
167	2.11462e+07
168	2.09945e+07
169	2.05127e+07
170	1.91754e+07
171	1.78836e+07
172	1.70427e+07
173	1.66382e+07
174	1.63839e+07
175	1.56683e+07
176	1.45538e+07
177	1.36355e+07
178	1.30188e+07
179	1.26378e+07
180	1.24751e+07
181	1.22328e+07
182	1.15173e+07
183	1.06979e+07
184	1.01196e+07
185	9.79399e+06
186	9.75854e+06
187	9.6357e+06
188	8.95005e+06
189	8.27993e+06
190	7.95074e+06
191	7.88589e+06
192	7.68119e+06
193	7.11099e+06
194	6.59996e+06
195	6.34949e+06
196	6.38121e+06
197	6.35126e+06
198	5.84316e+06
199	5.36369e+06
200	5.16964e+06
201	5.12848e+06
202	4.91872e+06
203	4.51733e+06
204	4.21157e+06
205	4.03921e+06
206	3.99946e+06
207	3.97173e+06
208	3.74033e+06
209	3.45145e+06
210	3.31541e+06
211	3.34251e+06
212	3.25944e+06
213	2.94687e+06
214	2.74646e+06
215	2.70723e+06
216	2.73033e+06
217	2.54396e+06
218	2.3346e+06
219	2.28809e+06
220	2.28311e+06
221	2.09924e+06
222	1.90812e+06
223	1.81228e+06
224	1.79469e+06
225	1.78496e+06
226	1.65018e+06
227	1.51172e+06
228	1.44481e+06
229	1.46067e+06
230	1.449e+06
231	1.31237e+06
232	1.23017e+06
233	1.23553e+06
234	1.1956e+06
235	1.07144e+06
236	998727
237	1.00409e+06
238	1.00961e+06
239	910859
240	845058
241	847828
242	824381
243	738088
244	682239
245	673565
246	685425
247	640248
248	588868
249	596841
250	596612
251	520685
252	483873
253	493623
254	478204
255	426397
256	411503
257	422486
258	384642
259	342323
260	332286
261	339713
262	315700
263	284701
264	279562
265	292231
266	266229
267	242018
268	246107
269	232693
270	204945
271	199381
272	208626
273	189129
274	171574
275	175884
276	166437
277	146971
278	147494
279	151391
280	130372
281	122836
282	125664
283	113083
284	100565
285	99916.8
286	102458
287	91031.6
288	85529.4
289	90822.6
290	81916.2
291	73248.7
292	76769
293	72270.1
294	64406.4
295	66880.3
296	60921.9
297	52871.1
298	53188.7
299	53677.8
300	46793.5
301	46187
302	48452.9
303	40793.5
304	38668.9
305	39858.5
306	34700.1
307	31966.2
308	34205.4
309	31291.5
310	27853.1
311	29063.1
312	26226.9
313	23054.5
314	24464.3
315	23745
316	21000.5
317	21916.3
318	18773.5
319	16821.2
320	17871.2
321	16434.5
322	14816.2
323	16046.7
324	13886.6
325	12702.6
326	13631.8
327	11728.9
328	11529.1
329	11510.7
330	9464.76
331	9599.69
332	9710.49
333	8411.4
334	9085.8
335	7822.64
336	6938.05
337	7490.95
338	6507.31
339	6404.92
340	6544.95
341	5295.15
342	5468
343	5203.17
344	4511.75
345	4944.27
346	4238.87
347	3842.96
348	4089.88
349	3402.37
350	3222.79
351	3484.66
352	2921.12
353	3022.32
354	2867.74
355	2409.33
356	2643.26
357	2282.52
358	2213.4
359	2262.83
360	1817.17
361	1939.4
362	1752.75
363	1616.36
364	1803.25
365	1415.95
366	1487.66
367	1298.78
368	1187.26
369	1322.58
370	1063.95
371	1143.85
372	997.201
373	965.243
374	989.278
375	793.176
376	863.478
377	701.166
378	704.865
379	734.054
380	628.086
381	684.159
382	532.073
383	588.032
384	516.557
385	496.377
386	485.363
387	401.233
388	463.252
389	375.473
390	409.583
391	338.547
392	321.165
393	340.619
394	295.15
395	327.966
396	246.572
397	277.479
398	228.29
399	240.931
400	222.832
401	195.641
402	209.81
403	165.902
404	195.999
405	163.912
406	179.263
407	149.401
408	145.925
409	146.405
410	131.167
411	139.13
412	111.144
413	130.96
414	105.163
415	125.04
416	93.2359
417	105.469
418	88.3094
419	97.6675
420	90.9884
421	90.5027
422	80.0385
423	79.6526
424	78.5254
425	70.8785
426	73.2501
427	62.6803
428	76.0053
429	63.5382
430	68.9732
431	54.5247
432	65.9053
433	53.4135
434	63.5735
435	48.5759
436	59.8636
437	48.0871
438	57.3193
439	43.6081
440	53.8573
441	43.7632
442	51.8438
443	39.2766
444	46.6577
445	36.4988
446	47.1048
447	36.7788
448	44.8052
449	34.3095
450	43.9871
451	35.8177
452	39.4399
453	32.1823
454	36.9811
455	33.6655
456	35.3253
457	32.782
458	31.0072
459	33.7974
460	28.7448
461	32.769
462	25.8886
463	33.5373
464	24.4704
465	30.2686
466	22.1867
467	30.0926
468	24.4714
469	24.6417
470	22.6196
471	21.4996
472	23.4508
473	18.0949
474	21.5529
475	16.2034
476	22.1823
477	16.0635
478	18.7665
479	14.6747
480	16.137
481	16.029
482	12.5273
483	15.3519
484	11.1577
485	14.164
486	9.97697
487	11.1348
488	10.8645
489	9.04798
490	10.6192
491	7.15279
492	9.46009
493	7.36034
494	6.812
495	7.8638
496	5.48654
497	6.67229
498	4.63606
499	5.02928
500	5.1766
501	3.79092
502	4.8118
503	3.35921
504	3.65284
505	3.65184
506	2.50352
507	3.37809
508	2.37963
509	2.0771
510	2.40623
511	1.72015
512	2.12801
513	1.68979
514	1.29218
515	1.72403
516	1.08053
517	1.10034
518	1.23909
519	0.822497
520	0.955831
521	0.777746
522	0.613925
523	0.838665
524	0.544349
525	0.472001
526	0.630497
527	0.385054
528	0.375647
529	0.46553
530	0.279913
531	0.279813
532	0.298962
533	0.187452
534	0.238473
535	0.221284
536	0.139261
537	0.184429
538	0.171084
539	0.0970829
540	0.128126
541	0.134087
542	0.0754384
543	0.088577
544	0.104232
545	0.0621448
546	0.063284
547	0.0873019
548	0.0533503
549	0.0415575
550	0.0627227
551	0.0469937
552	0.0350448
553	0.0489368
554	0.0488056
555	0.0299877
556	0.0340241
557	0.047715
558	0.0327679
559	0.0281534
560	0.0428654
561	0.0455851
562	0.0286467
563	0.0298552
564	0.0509878
565	0.0414255
566	0.0265128
567	0.0394667
568	0.0652556
569	0.0446401
570	0.030126
571	0.0487588
572	0.072573
573	0.0463259
574	0.0353772
575	0.0536717
576	0.0773443
577	0.0547914
578	0.0361508
579	0.0405295
580	0.0667691
581	0.0633472
582	0.0340305
583	0.024764
584	0.0381578
585	0.0529174
586	0.0328191
587	0.0154303
588	0.0126217
589	0.0161615
590	0.0229216
591	0.0165875
592	0.00654114
# iterates cost: 163.506
