# Reading DATA...
# Reading Matrix Successfully!
# Initialize b...
# Initialize b sucessfully!
PARALLEL_MDMRB
0	1.55377e+16
1	1.12688e+15
2	2.47462e+14
3	8.6318e+13
4	3.61441e+13
5	1.67551e+13
6	7.99954e+12
7	3.66904e+12
8	1.37831e+12
9	1.11677e+11
10	1.10566e+11
11	9.30598e+10
12	9.21648e+10
13	8.39252e+10
14	2.24847e+10
15	1.75712e+10
16	1.13498e+10
17	1.09491e+10
18	4.25446e+09
19	3.74883e+09
20	3.45611e+09
21	3.37778e+09
22	3.07026e+09
23	2.5899e+09
24	2.56571e+09
25	2.55663e+09
26	2.55181e+09
27	2.5492e+09
28	2.5478e+09
29	2.4927e+09
30	8.357e+08
31	6.18988e+08
32	6.0646e+08
33	5.77371e+08
34	5.75603e+08
35	5.7411e+08
36	5.73655e+08
37	5.71884e+08
38	5.61025e+08
39	5.46823e+08
40	5.46177e+08
41	5.44303e+08
42	5.43904e+08
43	5.43715e+08
44	5.42126e+08
45	5.41901e+08
46	5.41548e+08
47	5.41356e+08
48	5.41195e+08
49	5.41037e+08
50	5.40673e+08
51	5.39717e+08
52	5.39525e+08
53	5.39314e+08
54	5.39151e+08
55	5.21332e+08
56	5.20314e+08
57	5.19864e+08
58	4.15766e+08
59	1.09496e+08
60	8.00225e+07
61	7.63386e+07
62	7.19415e+07
63	7.04119e+07
64	6.95946e+07
65	6.89013e+07
66	6.70923e+07
67	6.6711e+07
68	6.58446e+07
69	6.56817e+07
70	2.30202e+07
71	2.14448e+07
72	2.0966e+07
73	2.07702e+07
74	2.06313e+07
75	2.05346e+07
76	2.04596e+07
77	1.93007e+07
78	1.91925e+07
79	1.91368e+07
80	1.91048e+07
81	1.20436e+07
82	1.14302e+07
83	1.12154e+07
84	1.11339e+07
85	8.48186e+06
86	7.49299e+06
87	7.44304e+06
88	7.42646e+06
89	7.41589e+06
90	7.36929e+06
91	3.04416e+06
92	2.47668e+06
93	2.16779e+06
94	2.11317e+06
95	2.08515e+06
96	1.24781e+06
97	951618
98	788327
99	693557
100	582953
#	0
# iterats cost: 1935.8
# 444.041	290.485	464.508	162.328	298.732	68.1854
