# Reading DATA...
# Reading Matrix Successfully!
PARALLEL_MDMRM
0	2.51359e+16
1	1.82475e+15
2	4.00319e+14
3	1.39513e+14
4	5.83404e+13
5	2.69687e+13
6	1.27854e+13
7	5.76547e+12
8	2.05213e+12
9	8.2481e+09
10	8.2416e+09
11	2.37969e+09
12	1.80681e+09
13	1.7427e+09
14	1.7402e+09
15	1.73822e+09
16	1.73667e+09
17	3.10804e+08
18	3.08998e+08
19	3.08342e+08
20	3.07896e+08
21	3.07529e+08
22	3.03389e+08
23	3.03092e+08
24	3.02817e+08
25	3.01835e+08
26	3.01604e+08
27	2.95632e+08
28	2.95395e+08
29	2.90634e+08
30	3.16863e+06
31	2.87482e+06
32	2.76241e+06
33	2.70101e+06
34	2.57586e+06
35	2.55985e+06
36	2.54818e+06
37	2.47104e+06
38	2.34397e+06
39	2.34268e+06
40	2.3416e+06
41	2.34057e+06
42	2.33957e+06
43	2.33848e+06
44	2.33521e+06
45	2.33424e+06
46	1.22271e+06
47	1.21989e+06
48	1.21937e+06
49	1.21254e+06
50	1.21203e+06
51	1.21142e+06
52	1.20252e+06
53	1.20194e+06
54	1.20145e+06
55	1.20096e+06
56	1.19832e+06
57	1.19781e+06
58	19223.1
59	16995.6
60	16491.5
61	16206.2
62	16063
63	15338.5
64	9305.25
65	9288.74
66	9280.17
67	9271.4
68	9267.25
69	9261.87
70	9254.5
71	9179.97
72	9176.36
73	9172.8
74	9169.26
75	9165.61
76	9159.33
77	9155.82
78	9152.31
79	9148.13
80	143.039
81	128.69
82	124.898
83	117.621
84	40.0682
85	39.8789
86	39.7937
87	39.7381
88	38.835
89	38.801
90	38.773
91	38.7486
92	38.5341
93	38.5167
94	38.5001
95	38.0396
96	38.0234
97	38.0068
98	37.9905
99	37.976
100	0.331851
101	0.284596
102	0.272266
103	0.231131
104	0.227473
105	0.211327
106	0.210531
107	0.210157
108	0.2095
109	0.207558
110	0.207244
111	0.206966
112	0.206713
113	0.206473
114	0.206243
115	0.206024
116	0.18771
117	0.187522
118	0.187346
119	0.187259
120	0.187192
121	0.187127
122	0.187062
123	0.186997
124	0.000464822
#	0
# iterats cost: 63.7084
# 16.1684	10.2797	14.0233	7.21951	10.9762	0.852208
