# Reading DATA...
# Reading Matrix Successfully!
PARALLEL_MRSM
0	2.51359e+16
1	2.05286e+15
2	5.14686e+14
3	2.0918e+14
4	1.04948e+14
5	6.06055e+13
6	3.82839e+13
7	2.58751e+13
8	1.83671e+13
9	1.3562e+13
10	1.03263e+13
11	8.06757e+12
12	6.43654e+12
13	5.22896e+12
14	4.31304e+12
15	3.60546e+12
16	3.04886e+12
17	2.60482e+12
18	2.24558e+12
19	1.9517e+12
20	1.70858e+12
21	1.50563e+12
22	1.33467e+12
23	1.18958e+12
24	1.0655e+12
25	9.58738e+11
26	8.66279e+11
27	7.85785e+11
28	7.15323e+11
29	6.53362e+11
30	5.98618e+11
31	5.5006e+11
32	5.0681e+11
33	4.68156e+11
34	4.33482e+11
35	4.02285e+11
36	3.74125e+11
37	3.48638e+11
38	3.25503e+11
39	3.04453e+11
40	2.8525e+11
41	2.67694e+11
42	2.51606e+11
43	2.36834e+11
44	2.23242e+11
45	2.10713e+11
46	1.99142e+11
47	1.88438e+11
48	1.78518e+11
49	1.69312e+11
50	1.60753e+11
51	1.52786e+11
52	1.45358e+11
53	1.38425e+11
54	1.31943e+11
55	1.25877e+11
56	1.20193e+11
57	1.1486e+11
58	1.09851e+11
59	1.05142e+11
60	1.00709e+11
61	9.65328e+10
62	9.25939e+10
63	8.88757e+10
64	8.53623e+10
65	8.20396e+10
66	7.88945e+10
67	7.59151e+10
68	7.30901e+10
69	7.04097e+10
70	6.78644e+10
71	6.54456e+10
72	6.31454e+10
73	6.09563e+10
74	5.88717e+10
75	5.68852e+10
76	5.49909e+10
77	5.31835e+10
78	5.14578e+10
79	4.98093e+10
80	4.82335e+10
81	4.67264e+10
82	4.52842e+10
83	4.39034e+10
84	4.25805e+10
85	4.13127e+10
86	4.00969e+10
87	3.89304e+10
88	3.78107e+10
89	3.67355e+10
90	3.57025e+10
91	3.47095e+10
92	3.37547e+10
93	3.28361e+10
94	3.19521e+10
95	3.11009e+10
96	3.0281e+10
97	2.9491e+10
98	2.87294e+10
99	2.79951e+10
100	2.72866e+10
101	2.6603e+10
102	2.5943e+10
103	2.53057e+10
104	2.469e+10
105	2.4095e+10
106	2.35199e+10
107	2.29637e+10
108	2.24258e+10
109	2.19053e+10
110	2.14015e+10
111	2.09137e+10
112	2.04413e+10
113	1.99837e+10
114	1.95403e+10
115	1.91105e+10
116	1.86938e+10
117	1.82897e+10
118	1.78976e+10
119	1.75173e+10
120	1.71481e+10
121	1.67897e+10
122	1.64417e+10
123	1.61036e+10
124	1.57752e+10
125	1.54561e+10
126	1.5146e+10
127	1.48445e+10
128	1.45513e+10
129	1.42661e+10
130	1.39887e+10
131	1.37187e+10
132	1.3456e+10
133	1.32003e+10
134	1.29513e+10
135	1.27088e+10
136	1.24727e+10
137	1.22426e+10
138	1.20184e+10
139	1.17999e+10
140	1.15869e+10
141	1.13793e+10
142	1.11768e+10
143	1.09793e+10
144	1.07867e+10
145	1.05988e+10
146	1.04154e+10
147	1.02364e+10
148	1.00617e+10
149	9.89115e+09
150	9.72461e+09
151	9.56196e+09
152	9.40309e+09
153	9.24789e+09
154	9.09625e+09
155	8.94806e+09
156	8.80323e+09
157	8.66166e+09
158	8.52325e+09
159	8.38792e+09
160	8.25558e+09
161	8.12614e+09
162	7.99952e+09
163	7.87564e+09
164	7.75443e+09
165	7.63582e+09
166	7.51973e+09
167	7.40609e+09
168	7.29484e+09
169	7.18592e+09
170	7.07926e+09
171	6.9748e+09
172	6.87249e+09
173	6.77227e+09
174	6.67407e+09
175	6.57786e+09
176	6.48358e+09
177	6.39118e+09
178	6.30062e+09
179	6.21183e+09
180	6.12479e+09
181	6.03945e+09
182	5.95576e+09
183	5.87369e+09
184	5.79319e+09
185	5.71423e+09
186	5.63676e+09
187	5.56076e+09
188	5.48619e+09
189	5.413e+09
190	5.34118e+09
191	5.27068e+09
192	5.20148e+09
193	5.13355e+09
194	5.06685e+09
195	5.00135e+09
196	4.93704e+09
197	4.87388e+09
198	4.81184e+09
199	4.75091e+09
200	4.69104e+09
201	4.63223e+09
202	4.57445e+09
203	4.51767e+09
204	4.46187e+09
205	4.40704e+09
206	4.35314e+09
207	4.30016e+09
208	4.24808e+09
209	4.19687e+09
210	4.14653e+09
211	4.09703e+09
212	4.04835e+09
213	4.00048e+09
214	3.9534e+09
215	3.90709e+09
216	3.86153e+09
217	3.81672e+09
218	3.77263e+09
219	3.72925e+09
220	3.68657e+09
221	3.64457e+09
222	3.60323e+09
223	3.56255e+09
224	3.52251e+09
225	3.48309e+09
226	3.44429e+09
227	3.4061e+09
228	3.36849e+09
229	3.33146e+09
230	3.29501e+09
231	3.2591e+09
232	3.22374e+09
233	3.18892e+09
234	3.15462e+09
235	3.12084e+09
236	3.08756e+09
237	3.05478e+09
238	3.02248e+09
239	2.99066e+09
240	2.9593e+09
241	2.92841e+09
242	2.89796e+09
243	2.86795e+09
244	2.83838e+09
245	2.80924e+09
246	2.78051e+09
247	2.75219e+09
248	2.72427e+09
249	2.69675e+09
250	2.66962e+09
251	2.64287e+09
252	2.61649e+09
253	2.59048e+09
254	2.56483e+09
255	2.53953e+09
256	2.51458e+09
257	2.48998e+09
258	2.46571e+09
259	2.44177e+09
260	2.41815e+09
261	2.39486e+09
262	2.37187e+09
263	2.3492e+09
264	2.32683e+09
265	2.30475e+09
266	2.28297e+09
267	2.26147e+09
268	2.24026e+09
269	2.21932e+09
270	2.19866e+09
271	2.17827e+09
272	2.15814e+09
273	2.13827e+09
274	2.11865e+09
275	2.09929e+09
276	2.08017e+09
277	2.0613e+09
278	2.04267e+09
279	2.02427e+09
280	2.0061e+09
281	1.98816e+09
282	1.97044e+09
283	1.95295e+09
284	1.93567e+09
285	1.91861e+09
286	1.90175e+09
287	1.8851e+09
288	1.86866e+09
289	1.85241e+09
290	1.83637e+09
291	1.82051e+09
292	1.80485e+09
293	1.78938e+09
294	1.77409e+09
295	1.75898e+09
296	1.74406e+09
297	1.72931e+09
298	1.71473e+09
299	1.70033e+09
300	1.6861e+09
301	1.67203e+09
302	1.65812e+09
303	1.64438e+09
304	1.6308e+09
305	1.61737e+09
306	1.6041e+09
307	1.59098e+09
308	1.57801e+09
309	1.56519e+09
310	1.55251e+09
311	1.53998e+09
312	1.52758e+09
313	1.51533e+09
314	1.50321e+09
315	1.49123e+09
316	1.47939e+09
317	1.46767e+09
318	1.45609e+09
319	1.44463e+09
320	1.4333e+09
321	1.42209e+09
322	1.41101e+09
323	1.40004e+09
324	1.3892e+09
325	1.37847e+09
326	1.36786e+09
327	1.35736e+09
328	1.34697e+09
329	1.3367e+09
330	1.32653e+09
331	1.31648e+09
332	1.30653e+09
333	1.29668e+09
334	1.28694e+09
335	1.2773e+09
336	1.26776e+09
337	1.25832e+09
338	1.24898e+09
339	1.23974e+09
340	1.23059e+09
341	1.22154e+09
342	1.21258e+09
343	1.20371e+09
344	1.19493e+09
345	1.18624e+09
346	1.17764e+09
347	1.16913e+09
348	1.1607e+09
349	1.15236e+09
350	1.1441e+09
351	1.13593e+09
352	1.12783e+09
353	1.11982e+09
354	1.11189e+09
355	1.10403e+09
356	1.09625e+09
357	1.08855e+09
358	1.08093e+09
359	1.07338e+09
360	1.0659e+09
361	1.0585e+09
362	1.05116e+09
363	1.0439e+09
364	1.03671e+09
365	1.02959e+09
366	1.02254e+09
367	1.01555e+09
368	1.00863e+09
369	1.00178e+09
370	9.94989e+08
371	9.88265e+08
372	9.81605e+08
373	9.75007e+08
374	9.68472e+08
375	9.61997e+08
376	9.55584e+08
377	9.4923e+08
378	9.42935e+08
379	9.36698e+08
380	9.30519e+08
381	9.24397e+08
382	9.18331e+08
383	9.12322e+08
384	9.06367e+08
385	9.00466e+08
386	8.94619e+08
387	8.88825e+08
388	8.83084e+08
389	8.77394e+08
390	8.71756e+08
391	8.66168e+08
392	8.60631e+08
393	8.55143e+08
394	8.49703e+08
395	8.44313e+08
396	8.3897e+08
397	8.33674e+08
398	8.28425e+08
399	8.23222e+08
400	8.18065e+08
401	8.12953e+08
402	8.07886e+08
403	8.02863e+08
404	7.97884e+08
405	7.92947e+08
406	7.88054e+08
407	7.83203e+08
408	7.78393e+08
409	7.73625e+08
410	7.68897e+08
411	7.6421e+08
412	7.59563e+08
413	7.54955e+08
414	7.50387e+08
415	7.45857e+08
416	7.41365e+08
417	7.36912e+08
418	7.32495e+08
419	7.28116e+08
420	7.23773e+08
421	7.19466e+08
422	7.15196e+08
423	7.1096e+08
424	7.0676e+08
425	7.02594e+08
426	6.98463e+08
427	6.94366e+08
428	6.90302e+08
429	6.86272e+08
430	6.82274e+08
431	6.78309e+08
432	6.74376e+08
433	6.70475e+08
434	6.66606e+08
435	6.62768e+08
436	6.58961e+08
437	6.55184e+08
438	6.51437e+08
439	6.47721e+08
440	6.44034e+08
441	6.40377e+08
442	6.36748e+08
443	6.33148e+08
444	6.29577e+08
445	6.26034e+08
446	6.22519e+08
447	6.19031e+08
448	6.15571e+08
449	6.12137e+08
450	6.08731e+08
451	6.05351e+08
452	6.01997e+08
453	5.98669e+08
454	5.95367e+08
455	5.9209e+08
456	5.88839e+08
457	5.85612e+08
458	5.8241e+08
459	5.79233e+08
460	5.7608e+08
461	5.72951e+08
462	5.69845e+08
463	5.66763e+08
464	5.63705e+08
465	5.60669e+08
466	5.57657e+08
467	5.54666e+08
468	5.51699e+08
469	5.48753e+08
470	5.4583e+08
471	5.42928e+08
472	5.40048e+08
473	5.37189e+08
474	5.34352e+08
475	5.31535e+08
476	5.28739e+08
477	5.25964e+08
478	5.23208e+08
479	5.20474e+08
480	5.17759e+08
481	5.15064e+08
482	5.12388e+08
483	5.09732e+08
484	5.07095e+08
485	5.04477e+08
486	5.01878e+08
487	4.99298e+08
488	4.96736e+08
489	4.94193e+08
490	4.91668e+08
491	4.89161e+08
492	4.86672e+08
493	4.842e+08
494	4.81746e+08
495	4.79309e+08
496	4.7689e+08
497	4.74488e+08
498	4.72102e+08
499	4.69734e+08
500	4.67381e+08
501	4.65046e+08
502	4.62726e+08
503	4.60423e+08
504	4.58136e+08
505	4.55865e+08
506	4.53609e+08
507	4.51369e+08
508	4.49145e+08
509	4.46936e+08
510	4.44741e+08
511	4.42563e+08
512	4.40398e+08
513	4.38249e+08
514	4.36114e+08
515	4.33994e+08
516	4.31889e+08
517	4.29797e+08
518	4.2772e+08
519	4.25657e+08
520	4.23607e+08
521	4.21572e+08
522	4.1955e+08
523	4.17541e+08
524	4.15546e+08
525	4.13565e+08
526	4.11596e+08
527	4.09641e+08
528	4.07698e+08
529	4.05769e+08
530	4.03852e+08
531	4.01948e+08
532	4.00056e+08
533	3.98177e+08
534	3.9631e+08
535	3.94455e+08
536	3.92613e+08
537	3.90782e+08
538	3.88964e+08
539	3.87157e+08
540	3.85362e+08
541	3.83579e+08
542	3.81807e+08
543	3.80046e+08
544	3.78297e+08
545	3.76559e+08
546	3.74832e+08
547	3.73117e+08
548	3.71412e+08
549	3.69718e+08
550	3.68035e+08
551	3.66363e+08
552	3.64701e+08
553	3.63049e+08
554	3.61409e+08
555	3.59778e+08
556	3.58158e+08
557	3.56548e+08
558	3.54948e+08
559	3.53358e+08
560	3.51778e+08
561	3.50208e+08
562	3.48648e+08
563	3.47097e+08
564	3.45556e+08
565	3.44025e+08
566	3.42503e+08
567	3.4099e+08
568	3.39487e+08
569	3.37993e+08
570	3.36508e+08
571	3.35032e+08
572	3.33566e+08
573	3.32108e+08
574	3.30659e+08
575	3.29219e+08
576	3.27788e+08
577	3.26365e+08
578	3.24951e+08
579	3.23546e+08
580	3.22149e+08
581	3.20761e+08
582	3.1938e+08
583	3.18009e+08
584	3.16645e+08
585	3.15289e+08
586	3.13942e+08
587	3.12603e+08
588	3.11271e+08
589	3.09948e+08
590	3.08632e+08
591	3.07324e+08
592	3.06024e+08
593	3.04732e+08
594	3.03447e+08
595	3.0217e+08
596	3.009e+08
597	2.99638e+08
598	2.98383e+08
599	2.97135e+08
600	2.95895e+08
601	2.94662e+08
602	2.93436e+08
603	2.92217e+08
604	2.91005e+08
605	2.89801e+08
606	2.88603e+08
607	2.87412e+08
608	2.86228e+08
609	2.85051e+08
610	2.8388e+08
611	2.82716e+08
612	2.81559e+08
613	2.80409e+08
614	2.79265e+08
615	2.78127e+08
616	2.76997e+08
617	2.75872e+08
618	2.74754e+08
619	2.73642e+08
620	2.72536e+08
621	2.71437e+08
622	2.70344e+08
623	2.69257e+08
624	2.68176e+08
625	2.67101e+08
626	2.66032e+08
627	2.64969e+08
628	2.63912e+08
629	2.62861e+08
630	2.61816e+08
631	2.60776e+08
632	2.59743e+08
633	2.58715e+08
634	2.57692e+08
635	2.56676e+08
636	2.55664e+08
637	2.54659e+08
638	2.53659e+08
639	2.52664e+08
640	2.51675e+08
641	2.50691e+08
642	2.49713e+08
643	2.4874e+08
644	2.47772e+08
645	2.4681e+08
646	2.45853e+08
647	2.449e+08
648	2.43953e+08
649	2.43012e+08
650	2.42075e+08
651	2.41143e+08
652	2.40216e+08
653	2.39294e+08
654	2.38378e+08
655	2.37466e+08
656	2.36559e+08
657	2.35656e+08
658	2.34759e+08
659	2.33866e+08
660	2.32978e+08
661	2.32095e+08
662	2.31216e+08
663	2.30342e+08
664	2.29473e+08
665	2.28608e+08
666	2.27748e+08
667	2.26892e+08
668	2.26041e+08
669	2.25194e+08
670	2.24352e+08
671	2.23514e+08
672	2.2268e+08
673	2.21851e+08
674	2.21026e+08
675	2.20205e+08
676	2.19389e+08
677	2.18576e+08
678	2.17768e+08
679	2.16964e+08
680	2.16165e+08
681	2.15369e+08
682	2.14577e+08
683	2.1379e+08
684	2.13006e+08
685	2.12227e+08
686	2.11451e+08
687	2.1068e+08
688	2.09912e+08
689	2.09148e+08
690	2.08389e+08
691	2.07633e+08
692	2.0688e+08
693	2.06132e+08
694	2.05387e+08
695	2.04646e+08
696	2.03909e+08
697	2.03176e+08
698	2.02446e+08
699	2.0172e+08
700	2.00997e+08
701	2.00279e+08
702	1.99563e+08
703	1.98852e+08
704	1.98143e+08
705	1.97439e+08
706	1.96737e+08
707	1.9604e+08
708	1.95345e+08
709	1.94654e+08
710	1.93967e+08
711	1.93283e+08
712	1.92602e+08
713	1.91925e+08
714	1.91251e+08
715	1.9058e+08
716	1.89913e+08
717	1.89248e+08
718	1.88587e+08
719	1.8793e+08
720	1.87275e+08
721	1.86624e+08
722	1.85975e+08
723	1.8533e+08
724	1.84688e+08
725	1.84049e+08
726	1.83414e+08
727	1.82781e+08
728	1.82151e+08
729	1.81524e+08
730	1.80901e+08
731	1.8028e+08
732	1.79662e+08
733	1.79047e+08
734	1.78436e+08
735	1.77827e+08
736	1.77221e+08
737	1.76617e+08
738	1.76017e+08
739	1.7542e+08
740	1.74825e+08
741	1.74233e+08
742	1.73644e+08
743	1.73058e+08
744	1.72474e+08
745	1.71893e+08
746	1.71315e+08
747	1.7074e+08
748	1.70167e+08
749	1.69597e+08
750	1.6903e+08
751	1.68465e+08
752	1.67903e+08
753	1.67344e+08
754	1.66787e+08
755	1.66233e+08
756	1.65681e+08
757	1.65132e+08
758	1.64585e+08
759	1.64041e+08
760	1.635e+08
761	1.6296e+08
762	1.62424e+08
763	1.6189e+08
764	1.61358e+08
765	1.60829e+08
766	1.60302e+08
767	1.59777e+08
768	1.59255e+08
769	1.58735e+08
770	1.58218e+08
771	1.57703e+08
772	1.5719e+08
773	1.5668e+08
774	1.56172e+08
775	1.55666e+08
776	1.55163e+08
777	1.54662e+08
778	1.54163e+08
779	1.53666e+08
780	1.53171e+08
781	1.52679e+08
782	1.52189e+08
783	1.51701e+08
784	1.51216e+08
785	1.50732e+08
786	1.50251e+08
787	1.49771e+08
788	1.49294e+08
789	1.48819e+08
790	1.48346e+08
791	1.47876e+08
792	1.47407e+08
793	1.4694e+08
794	1.46476e+08
795	1.46013e+08
796	1.45553e+08
797	1.45094e+08
798	1.44638e+08
799	1.44183e+08
800	1.43731e+08
801	1.4328e+08
802	1.42831e+08
803	1.42385e+08
804	1.4194e+08
805	1.41497e+08
806	1.41057e+08
807	1.40618e+08
808	1.40181e+08
809	1.39746e+08
810	1.39312e+08
811	1.38881e+08
812	1.38452e+08
813	1.38024e+08
814	1.37598e+08
815	1.37174e+08
816	1.36752e+08
817	1.36332e+08
818	1.35913e+08
819	1.35496e+08
820	1.35081e+08
821	1.34668e+08
822	1.34257e+08
823	1.33847e+08
824	1.33439e+08
825	1.33033e+08
826	1.32628e+08
827	1.32225e+08
828	1.31824e+08
829	1.31425e+08
830	1.31027e+08
831	1.30631e+08
832	1.30236e+08
833	1.29844e+08
834	1.29453e+08
835	1.29063e+08
836	1.28675e+08
837	1.28289e+08
838	1.27905e+08
839	1.27522e+08
840	1.2714e+08
841	1.2676e+08
842	1.26382e+08
843	1.26005e+08
844	1.2563e+08
845	1.25257e+08
846	1.24885e+08
847	1.24514e+08
848	1.24145e+08
849	1.23778e+08
850	1.23412e+08
851	1.23048e+08
852	1.22685e+08
853	1.22323e+08
854	1.21963e+08
855	1.21605e+08
856	1.21248e+08
857	1.20892e+08
858	1.20538e+08
859	1.20186e+08
860	1.19835e+08
861	1.19485e+08
862	1.19136e+08
863	1.18789e+08
864	1.18444e+08
865	1.181e+08
866	1.17757e+08
867	1.17416e+08
868	1.17076e+08
869	1.16737e+08
870	1.164e+08
871	1.16064e+08
872	1.15729e+08
873	1.15396e+08
874	1.15064e+08
875	1.14734e+08
876	1.14404e+08
877	1.14076e+08
878	1.1375e+08
879	1.13424e+08
880	1.131e+08
881	1.12778e+08
882	1.12456e+08
883	1.12136e+08
884	1.11817e+08
885	1.11499e+08
886	1.11183e+08
887	1.10868e+08
888	1.10554e+08
889	1.10241e+08
890	1.0993e+08
891	1.0962e+08
892	1.09311e+08
893	1.09003e+08
894	1.08696e+08
895	1.08391e+08
896	1.08087e+08
897	1.07784e+08
898	1.07482e+08
899	1.07181e+08
900	1.06882e+08
901	1.06583e+08
902	1.06286e+08
903	1.0599e+08
904	1.05695e+08
905	1.05401e+08
906	1.05109e+08
907	1.04817e+08
908	1.04527e+08
909	1.04238e+08
910	1.0395e+08
911	1.03663e+08
912	1.03377e+08
913	1.03092e+08
914	1.02808e+08
915	1.02526e+08
916	1.02244e+08
917	1.01963e+08
918	1.01684e+08
919	1.01406e+08
920	1.01128e+08
921	1.00852e+08
922	1.00577e+08
923	1.00303e+08
924	1.0003e+08
925	9.97576e+07
926	9.94866e+07
927	9.92166e+07
928	9.89476e+07
929	9.86796e+07
930	9.84126e+07
931	9.81466e+07
932	9.78816e+07
933	9.76176e+07
934	9.73546e+07
935	9.70926e+07
936	9.68316e+07
937	9.65715e+07
938	9.63124e+07
939	9.60543e+07
940	9.57971e+07
941	9.55409e+07
942	9.52856e+07
943	9.50313e+07
944	9.4778e+07
945	9.45255e+07
946	9.4274e+07
947	9.40235e+07
948	9.37738e+07
949	9.35251e+07
950	9.32773e+07
951	9.30304e+07
952	9.27844e+07
953	9.25393e+07
954	9.22951e+07
955	9.20518e+07
956	9.18094e+07
957	9.15679e+07
958	9.13273e+07
959	9.10875e+07
960	9.08487e+07
961	9.06107e+07
962	9.03735e+07
963	9.01372e+07
964	8.99018e+07
965	8.96672e+07
966	8.94335e+07
967	8.92006e+07
968	8.89686e+07
969	8.87374e+07
970	8.85071e+07
971	8.82775e+07
972	8.80488e+07
973	8.78209e+07
974	8.75939e+07
975	8.73676e+07
976	8.71422e+07
977	8.69176e+07
978	8.66937e+07
979	8.64707e+07
980	8.62485e+07
981	8.6027e+07
982	8.58064e+07
983	8.55865e+07
984	8.53674e+07
985	8.51491e+07
986	8.49316e+07
987	8.47149e+07
988	8.44989e+07
989	8.42836e+07
990	8.40692e+07
991	8.38555e+07
992	8.36425e+07
993	8.34303e+07
994	8.32189e+07
995	8.30081e+07
996	8.27982e+07
997	8.25889e+07
998	8.23804e+07
999	8.21727e+07
1000	8.19656e+07
# iterates cost: 110.713
