# Reading DATA...
# Reading Matrix Successfully!
PARALLEL_MRSM
0	2.06069e+16
1	1.68246e+15
2	4.22252e+14
3	1.71707e+14
4	8.61213e+13
5	4.97042e+13
6	3.13805e+13
7	2.12013e+13
8	1.50466e+13
9	1.11099e+13
10	8.45985e+12
11	6.61028e+12
12	5.27467e+12
13	4.28567e+12
14	3.53536e+12
15	2.95556e+12
16	2.49934e+12
17	2.13529e+12
18	1.84068e+12
19	1.59963e+12
20	1.40018e+12
21	1.23367e+12
22	1.0934e+12
23	9.74358e+11
24	8.72566e+11
25	7.84986e+11
26	7.09152e+11
27	6.43144e+11
28	5.85375e+11
29	5.34587e+11
30	4.89726e+11
31	4.49944e+11
32	4.1452e+11
33	3.82869e+11
34	3.54485e+11
35	3.28953e+11
36	3.05913e+11
37	2.85065e+11
38	2.66145e+11
39	2.48934e+11
40	2.33237e+11
41	2.18888e+11
42	2.05742e+11
43	1.93673e+11
44	1.8257e+11
45	1.72337e+11
46	1.62887e+11
47	1.54145e+11
48	1.46046e+11
49	1.38529e+11
50	1.31541e+11
51	1.25037e+11
52	1.18974e+11
53	1.13313e+11
54	1.08022e+11
55	1.03071e+11
56	9.84305e+10
57	9.40774e+10
58	8.99886e+10
59	8.61443e+10
60	8.25256e+10
61	7.91161e+10
62	7.59003e+10
63	7.28645e+10
64	6.99958e+10
65	6.72827e+10
66	6.47143e+10
67	6.22811e+10
68	5.99739e+10
69	5.77846e+10
70	5.57054e+10
71	5.37295e+10
72	5.18502e+10
73	5.00616e+10
74	4.83581e+10
75	4.67347e+10
76	4.51864e+10
77	4.37091e+10
78	4.22984e+10
79	4.09506e+10
80	3.96621e+10
81	3.84297e+10
82	3.72502e+10
83	3.61207e+10
84	3.50385e+10
85	3.40012e+10
86	3.30064e+10
87	3.20518e+10
88	3.11354e+10
89	3.02552e+10
90	2.94095e+10
91	2.85965e+10
92	2.78146e+10
93	2.70622e+10
94	2.63381e+10
95	2.56408e+10
96	2.4969e+10
97	2.43216e+10
98	2.36974e+10
99	2.30954e+10
100	2.25146e+10
101	2.19541e+10
102	2.14128e+10
103	2.08901e+10
104	2.0385e+10
105	1.98969e+10
106	1.94249e+10
107	1.89685e+10
108	1.85269e+10
109	1.80996e+10
110	1.76859e+10
111	1.72853e+10
112	1.68973e+10
113	1.65214e+10
114	1.61571e+10
115	1.58039e+10
116	1.54615e+10
117	1.51293e+10
118	1.4807e+10
119	1.44942e+10
120	1.41906e+10
121	1.38958e+10
122	1.36095e+10
123	1.33314e+10
124	1.30612e+10
125	1.27985e+10
126	1.25432e+10
127	1.2295e+10
128	1.20535e+10
129	1.18187e+10
130	1.15902e+10
131	1.13678e+10
132	1.11513e+10
133	1.09406e+10
134	1.07354e+10
135	1.05355e+10
136	1.03408e+10
137	1.01511e+10
138	9.9662e+09
139	9.78599e+09
140	9.6103e+09
141	9.43899e+09
142	9.27191e+09
143	9.10894e+09
144	8.94994e+09
145	8.7948e+09
146	8.64339e+09
147	8.4956e+09
148	8.35131e+09
149	8.21043e+09
150	8.07284e+09
151	7.93846e+09
152	7.80718e+09
153	7.67891e+09
154	7.55357e+09
155	7.43107e+09
156	7.31133e+09
157	7.19427e+09
158	7.07981e+09
159	6.96787e+09
160	6.8584e+09
161	6.75131e+09
162	6.64654e+09
163	6.54404e+09
164	6.44372e+09
165	6.34555e+09
166	6.24944e+09
167	6.15537e+09
168	6.06325e+09
169	5.97305e+09
170	5.88472e+09
171	5.7982e+09
172	5.71345e+09
173	5.63041e+09
174	5.54905e+09
175	5.46933e+09
176	5.3912e+09
177	5.31461e+09
178	5.23954e+09
179	5.16594e+09
180	5.09378e+09
181	5.02302e+09
182	4.95362e+09
183	4.88556e+09
184	4.81879e+09
185	4.7533e+09
186	4.68904e+09
187	4.62598e+09
188	4.56411e+09
189	4.50338e+09
190	4.44378e+09
191	4.38527e+09
192	4.32784e+09
193	4.27144e+09
194	4.21608e+09
195	4.1617e+09
196	4.10831e+09
197	4.05586e+09
198	4.00434e+09
199	3.95374e+09
200	3.90402e+09
201	3.85518e+09
202	3.80718e+09
203	3.76001e+09
204	3.71365e+09
205	3.66809e+09
206	3.62331e+09
207	3.57929e+09
208	3.53601e+09
209	3.49346e+09
210	3.45161e+09
211	3.41047e+09
212	3.37001e+09
213	3.33022e+09
214	3.29108e+09
215	3.25257e+09
216	3.2147e+09
217	3.17744e+09
218	3.14078e+09
219	3.1047e+09
220	3.06921e+09
221	3.03428e+09
222	2.9999e+09
223	2.96606e+09
224	2.93275e+09
225	2.89997e+09
226	2.86769e+09
227	2.83592e+09
228	2.80463e+09
229	2.77382e+09
230	2.74349e+09
231	2.71361e+09
232	2.68419e+09
233	2.65521e+09
234	2.62667e+09
235	2.59856e+09
236	2.57086e+09
237	2.54357e+09
238	2.51669e+09
239	2.4902e+09
240	2.4641e+09
241	2.43838e+09
242	2.41304e+09
243	2.38806e+09
244	2.36344e+09
245	2.33917e+09
246	2.31525e+09
247	2.29168e+09
248	2.26843e+09
249	2.24551e+09
250	2.22292e+09
251	2.20064e+09
252	2.17868e+09
253	2.15701e+09
254	2.13565e+09
255	2.11459e+09
256	2.09381e+09
257	2.07331e+09
258	2.0531e+09
259	2.03316e+09
260	2.01349e+09
261	1.99408e+09
262	1.97494e+09
263	1.95605e+09
264	1.93741e+09
265	1.91902e+09
266	1.90087e+09
267	1.88297e+09
268	1.86529e+09
269	1.84785e+09
270	1.83064e+09
271	1.81364e+09
272	1.79687e+09
273	1.78032e+09
274	1.76397e+09
275	1.74784e+09
276	1.73191e+09
277	1.71618e+09
278	1.70065e+09
279	1.68532e+09
280	1.67018e+09
281	1.65523e+09
282	1.64047e+09
283	1.62589e+09
284	1.61149e+09
285	1.59727e+09
286	1.58322e+09
287	1.56934e+09
288	1.55564e+09
289	1.5421e+09
290	1.52872e+09
291	1.51551e+09
292	1.50246e+09
293	1.48956e+09
294	1.47682e+09
295	1.46422e+09
296	1.45178e+09
297	1.43949e+09
298	1.42734e+09
299	1.41533e+09
300	1.40347e+09
301	1.39174e+09
302	1.38015e+09
303	1.36869e+09
304	1.35737e+09
305	1.34618e+09
306	1.33511e+09
307	1.32417e+09
308	1.31336e+09
309	1.30267e+09
310	1.2921e+09
311	1.28165e+09
312	1.27132e+09
313	1.26111e+09
314	1.25101e+09
315	1.24102e+09
316	1.23114e+09
317	1.22138e+09
318	1.21172e+09
319	1.20216e+09
320	1.19272e+09
321	1.18337e+09
322	1.17413e+09
323	1.16499e+09
324	1.15594e+09
325	1.147e+09
326	1.13815e+09
327	1.1294e+09
328	1.12074e+09
329	1.11217e+09
330	1.1037e+09
331	1.09531e+09
332	1.08702e+09
333	1.07881e+09
334	1.07068e+09
335	1.06265e+09
336	1.05469e+09
337	1.04682e+09
338	1.03904e+09
339	1.03133e+09
340	1.0237e+09
341	1.01615e+09
342	1.00868e+09
343	1.00128e+09
344	9.93965e+08
345	9.86721e+08
346	9.79549e+08
347	9.72451e+08
348	9.65424e+08
349	9.58468e+08
350	9.51582e+08
351	9.44765e+08
352	9.38016e+08
353	9.31334e+08
354	9.24718e+08
355	9.18168e+08
356	9.11683e+08
357	9.05262e+08
358	8.98903e+08
359	8.92607e+08
360	8.86372e+08
361	8.80198e+08
362	8.74084e+08
363	8.6803e+08
364	8.62033e+08
365	8.56095e+08
366	8.50213e+08
367	8.44388e+08
368	8.38619e+08
369	8.32904e+08
370	8.27244e+08
371	8.21637e+08
372	8.16083e+08
373	8.10582e+08
374	8.05132e+08
375	7.99734e+08
376	7.94386e+08
377	7.89087e+08
378	7.83838e+08
379	7.78638e+08
380	7.73486e+08
381	7.68381e+08
382	7.63323e+08
383	7.58312e+08
384	7.53347e+08
385	7.48426e+08
386	7.43551e+08
387	7.3872e+08
388	7.33933e+08
389	7.29189e+08
390	7.24487e+08
391	7.19828e+08
392	7.15211e+08
393	7.10635e+08
394	7.061e+08
395	7.01605e+08
396	6.9715e+08
397	6.92734e+08
398	6.88358e+08
399	6.8402e+08
400	6.7972e+08
401	6.75458e+08
402	6.71233e+08
403	6.67044e+08
404	6.62893e+08
405	6.58777e+08
406	6.54697e+08
407	6.50652e+08
408	6.46642e+08
409	6.42666e+08
410	6.38725e+08
411	6.34817e+08
412	6.30942e+08
413	6.27101e+08
414	6.23292e+08
415	6.19515e+08
416	6.1577e+08
417	6.12057e+08
418	6.08375e+08
419	6.04724e+08
420	6.01103e+08
421	5.97513e+08
422	5.93952e+08
423	5.90421e+08
424	5.86919e+08
425	5.83446e+08
426	5.80002e+08
427	5.76586e+08
428	5.73198e+08
429	5.69838e+08
430	5.66506e+08
431	5.632e+08
432	5.59922e+08
433	5.5667e+08
434	5.53444e+08
435	5.50244e+08
436	5.4707e+08
437	5.43922e+08
438	5.40799e+08
439	5.377e+08
440	5.34627e+08
441	5.31578e+08
442	5.28553e+08
443	5.25552e+08
444	5.22575e+08
445	5.19622e+08
446	5.16691e+08
447	5.13784e+08
448	5.109e+08
449	5.08038e+08
450	5.05198e+08
451	5.02381e+08
452	4.99585e+08
453	4.96811e+08
454	4.94058e+08
455	4.91327e+08
456	4.88617e+08
457	4.85927e+08
458	4.83259e+08
459	4.8061e+08
460	4.77982e+08
461	4.75374e+08
462	4.72785e+08
463	4.70217e+08
464	4.67667e+08
465	4.65137e+08
466	4.62626e+08
467	4.60134e+08
468	4.57661e+08
469	4.55206e+08
470	4.52769e+08
471	4.50351e+08
472	4.4795e+08
473	4.45568e+08
474	4.43203e+08
475	4.40855e+08
476	4.38525e+08
477	4.36212e+08
478	4.33916e+08
479	4.31636e+08
480	4.29374e+08
481	4.27128e+08
482	4.24898e+08
483	4.22684e+08
484	4.20487e+08
485	4.18305e+08
486	4.16139e+08
487	4.13989e+08
488	4.11854e+08
489	4.09735e+08
490	4.0763e+08
491	4.05541e+08
492	4.03467e+08
493	4.01407e+08
494	3.99362e+08
495	3.97332e+08
496	3.95316e+08
497	3.93314e+08
498	3.91326e+08
499	3.89352e+08
500	3.87392e+08
501	3.85446e+08
502	3.83513e+08
503	3.81594e+08
504	3.79688e+08
505	3.77796e+08
506	3.75916e+08
507	3.7405e+08
508	3.72196e+08
509	3.70356e+08
510	3.68527e+08
511	3.66712e+08
512	3.64909e+08
513	3.63118e+08
514	3.61339e+08
515	3.59573e+08
516	3.57818e+08
517	3.56076e+08
518	3.54345e+08
519	3.52626e+08
520	3.50919e+08
521	3.49223e+08
522	3.47538e+08
523	3.45865e+08
524	3.44203e+08
525	3.42552e+08
526	3.40912e+08
527	3.39283e+08
528	3.37664e+08
529	3.36057e+08
530	3.3446e+08
531	3.32874e+08
532	3.31298e+08
533	3.29732e+08
534	3.28177e+08
535	3.26632e+08
536	3.25097e+08
537	3.23572e+08
538	3.22057e+08
539	3.20552e+08
540	3.19057e+08
541	3.17571e+08
542	3.16095e+08
543	3.14629e+08
544	3.13172e+08
545	3.11724e+08
546	3.10285e+08
547	3.08856e+08
548	3.07436e+08
549	3.06025e+08
550	3.04623e+08
551	3.0323e+08
552	3.01846e+08
553	3.00471e+08
554	2.99104e+08
555	2.97746e+08
556	2.96396e+08
557	2.95055e+08
558	2.93723e+08
559	2.92399e+08
560	2.91083e+08
561	2.89775e+08
562	2.88475e+08
563	2.87184e+08
564	2.859e+08
565	2.84625e+08
566	2.83357e+08
567	2.82097e+08
568	2.80845e+08
569	2.79601e+08
570	2.78365e+08
571	2.77136e+08
572	2.75914e+08
573	2.747e+08
574	2.73493e+08
575	2.72294e+08
576	2.71102e+08
577	2.69917e+08
578	2.6874e+08
579	2.6757e+08
580	2.66406e+08
581	2.6525e+08
582	2.64101e+08
583	2.62958e+08
584	2.61822e+08
585	2.60694e+08
586	2.59572e+08
587	2.58456e+08
588	2.57348e+08
589	2.56246e+08
590	2.5515e+08
591	2.54061e+08
592	2.52978e+08
593	2.51902e+08
594	2.50832e+08
595	2.49769e+08
596	2.48711e+08
597	2.4766e+08
598	2.46615e+08
599	2.45576e+08
600	2.44544e+08
601	2.43517e+08
602	2.42496e+08
603	2.41481e+08
604	2.40472e+08
605	2.39469e+08
606	2.38472e+08
607	2.37481e+08
608	2.36495e+08
609	2.35515e+08
610	2.3454e+08
611	2.33571e+08
612	2.32608e+08
613	2.3165e+08
614	2.30697e+08
615	2.2975e+08
616	2.28809e+08
617	2.27873e+08
618	2.26942e+08
619	2.26016e+08
620	2.25095e+08
621	2.2418e+08
622	2.2327e+08
623	2.22365e+08
624	2.21465e+08
625	2.2057e+08
626	2.1968e+08
627	2.18796e+08
628	2.17916e+08
629	2.17041e+08
630	2.1617e+08
631	2.15305e+08
632	2.14445e+08
633	2.13589e+08
634	2.12738e+08
635	2.11891e+08
636	2.1105e+08
637	2.10213e+08
638	2.0938e+08
639	2.08552e+08
640	2.07729e+08
641	2.0691e+08
642	2.06096e+08
643	2.05286e+08
644	2.0448e+08
645	2.03679e+08
646	2.02882e+08
647	2.0209e+08
648	2.01301e+08
649	2.00517e+08
650	1.99738e+08
651	1.98962e+08
652	1.98191e+08
653	1.97423e+08
654	1.9666e+08
655	1.95901e+08
656	1.95146e+08
657	1.94395e+08
658	1.93648e+08
659	1.92905e+08
660	1.92166e+08
661	1.91431e+08
662	1.907e+08
663	1.89972e+08
664	1.89249e+08
665	1.88529e+08
666	1.87813e+08
667	1.87101e+08
668	1.86392e+08
669	1.85687e+08
670	1.84986e+08
671	1.84289e+08
672	1.83595e+08
673	1.82905e+08
674	1.82218e+08
675	1.81535e+08
676	1.80856e+08
677	1.8018e+08
678	1.79507e+08
679	1.78838e+08
680	1.78173e+08
681	1.77511e+08
682	1.76852e+08
683	1.76197e+08
684	1.75545e+08
685	1.74896e+08
686	1.74251e+08
687	1.73609e+08
688	1.7297e+08
689	1.72334e+08
690	1.71702e+08
691	1.71073e+08
692	1.70447e+08
693	1.69824e+08
694	1.69205e+08
695	1.68588e+08
696	1.67975e+08
697	1.67364e+08
698	1.66757e+08
699	1.66153e+08
700	1.65552e+08
701	1.64954e+08
702	1.64358e+08
703	1.63766e+08
704	1.63177e+08
705	1.62591e+08
706	1.62007e+08
707	1.61427e+08
708	1.60849e+08
709	1.60274e+08
710	1.59702e+08
711	1.59133e+08
712	1.58567e+08
713	1.58003e+08
714	1.57442e+08
715	1.56884e+08
716	1.56329e+08
717	1.55776e+08
718	1.55226e+08
719	1.54679e+08
720	1.54134e+08
721	1.53592e+08
722	1.53053e+08
723	1.52516e+08
724	1.51982e+08
725	1.51451e+08
726	1.50922e+08
727	1.50395e+08
728	1.49872e+08
729	1.4935e+08
730	1.48831e+08
731	1.48315e+08
732	1.47801e+08
733	1.4729e+08
734	1.46781e+08
735	1.46274e+08
736	1.4577e+08
737	1.45268e+08
738	1.44769e+08
739	1.44272e+08
740	1.43777e+08
741	1.43285e+08
742	1.42795e+08
743	1.42307e+08
744	1.41822e+08
745	1.41339e+08
746	1.40858e+08
747	1.40379e+08
748	1.39903e+08
749	1.39429e+08
750	1.38957e+08
751	1.38487e+08
752	1.3802e+08
753	1.37554e+08
754	1.37091e+08
755	1.3663e+08
756	1.36171e+08
757	1.35714e+08
758	1.3526e+08
759	1.34807e+08
760	1.34357e+08
761	1.33908e+08
762	1.33462e+08
763	1.33018e+08
764	1.32576e+08
765	1.32135e+08
766	1.31697e+08
767	1.31261e+08
768	1.30827e+08
769	1.30394e+08
770	1.29964e+08
771	1.29536e+08
772	1.2911e+08
773	1.28685e+08
774	1.28263e+08
775	1.27842e+08
776	1.27423e+08
777	1.27007e+08
778	1.26592e+08
779	1.26179e+08
780	1.25767e+08
781	1.25358e+08
782	1.2495e+08
783	1.24545e+08
784	1.24141e+08
785	1.23739e+08
786	1.23338e+08
787	1.2294e+08
788	1.22543e+08
789	1.22148e+08
790	1.21755e+08
791	1.21364e+08
792	1.20974e+08
793	1.20586e+08
794	1.20199e+08
795	1.19815e+08
796	1.19432e+08
797	1.19051e+08
798	1.18671e+08
799	1.18293e+08
800	1.17917e+08
801	1.17542e+08
802	1.17169e+08
803	1.16798e+08
804	1.16428e+08
805	1.1606e+08
806	1.15694e+08
807	1.15329e+08
808	1.14966e+08
809	1.14604e+08
810	1.14244e+08
811	1.13885e+08
812	1.13528e+08
813	1.13172e+08
814	1.12818e+08
815	1.12466e+08
816	1.12115e+08
817	1.11765e+08
818	1.11417e+08
819	1.11071e+08
820	1.10726e+08
821	1.10382e+08
822	1.1004e+08
823	1.097e+08
824	1.09361e+08
825	1.09023e+08
826	1.08687e+08
827	1.08352e+08
828	1.08018e+08
829	1.07686e+08
830	1.07356e+08
831	1.07027e+08
832	1.06699e+08
833	1.06372e+08
834	1.06047e+08
835	1.05723e+08
836	1.05401e+08
837	1.0508e+08
838	1.0476e+08
839	1.04442e+08
840	1.04125e+08
841	1.03809e+08
842	1.03495e+08
843	1.03182e+08
844	1.0287e+08
845	1.0256e+08
846	1.02251e+08
847	1.01943e+08
848	1.01636e+08
849	1.01331e+08
850	1.01027e+08
851	1.00724e+08
852	1.00422e+08
853	1.00122e+08
854	9.98227e+07
855	9.95248e+07
856	9.92281e+07
857	9.89326e+07
858	9.86384e+07
859	9.83453e+07
860	9.80534e+07
861	9.77628e+07
862	9.74733e+07
863	9.7185e+07
864	9.68978e+07
865	9.66119e+07
866	9.6327e+07
867	9.60434e+07
868	9.57609e+07
869	9.54795e+07
870	9.51992e+07
871	9.49201e+07
872	9.46421e+07
873	9.43653e+07
874	9.40895e+07
875	9.38148e+07
876	9.35413e+07
877	9.32688e+07
878	9.29974e+07
879	9.27271e+07
880	9.24579e+07
881	9.21898e+07
882	9.19227e+07
883	9.16567e+07
884	9.13917e+07
885	9.11278e+07
886	9.0865e+07
887	9.06031e+07
888	9.03424e+07
889	9.00826e+07
890	8.98239e+07
891	8.95661e+07
892	8.93094e+07
893	8.90537e+07
894	8.87991e+07
895	8.85454e+07
896	8.82927e+07
897	8.80409e+07
898	8.77902e+07
899	8.75405e+07
900	8.72917e+07
901	8.70439e+07
902	8.67971e+07
903	8.65512e+07
904	8.63062e+07
905	8.60623e+07
906	8.58192e+07
907	8.55771e+07
908	8.5336e+07
909	8.50958e+07
910	8.48565e+07
911	8.46181e+07
912	8.43806e+07
913	8.41441e+07
914	8.39084e+07
915	8.36737e+07
916	8.34399e+07
917	8.32069e+07
918	8.29749e+07
919	8.27437e+07
920	8.25134e+07
921	8.2284e+07
922	8.20555e+07
923	8.18278e+07
924	8.16011e+07
925	8.13751e+07
926	8.115e+07
927	8.09258e+07
928	8.07024e+07
929	8.04799e+07
930	8.02582e+07
931	8.00374e+07
932	7.98173e+07
933	7.95981e+07
934	7.93798e+07
935	7.91622e+07
936	7.89455e+07
937	7.87295e+07
938	7.85144e+07
939	7.83001e+07
940	7.80866e+07
941	7.78739e+07
942	7.7662e+07
943	7.74508e+07
944	7.72405e+07
945	7.70309e+07
946	7.68221e+07
947	7.66141e+07
948	7.64069e+07
949	7.62004e+07
950	7.59947e+07
951	7.57897e+07
952	7.55855e+07
953	7.53821e+07
954	7.51794e+07
955	7.49774e+07
956	7.47762e+07
957	7.45758e+07
958	7.4376e+07
959	7.4177e+07
960	7.39787e+07
961	7.37812e+07
962	7.35844e+07
963	7.33883e+07
964	7.31929e+07
965	7.29982e+07
966	7.28042e+07
967	7.26109e+07
968	7.24184e+07
969	7.22265e+07
970	7.20353e+07
971	7.18448e+07
972	7.1655e+07
973	7.14659e+07
974	7.12775e+07
975	7.10897e+07
976	7.09026e+07
977	7.07162e+07
978	7.05305e+07
979	7.03454e+07
980	7.0161e+07
981	6.99773e+07
982	6.97942e+07
983	6.96118e+07
984	6.943e+07
985	6.92489e+07
986	6.90684e+07
987	6.88885e+07
988	6.87093e+07
989	6.85308e+07
990	6.83528e+07
991	6.81755e+07
992	6.79989e+07
993	6.78228e+07
994	6.76474e+07
995	6.74726e+07
996	6.72984e+07
997	6.71248e+07
998	6.69518e+07
999	6.67795e+07
1000	6.66077e+07
# iterates cost: 212.202
