# Reading DATA...
# Reading Matrix Successfully!
PARALLEL_CG
0	1.95938e+16
1	1.7443e+15
2	3.94244e+14
3	1.33855e+14
4	5.73351e+13
5	2.84913e+13
6	1.57169e+13
7	9.36352e+12
8	5.92455e+12
9	3.9269e+12
10	2.70048e+12
11	1.91996e+12
12	1.40166e+12
13	1.04731e+12
14	7.98808e+11
15	6.18672e+11
16	4.87053e+11
17	3.884e+11
18	3.13901e+11
19	2.55863e+11
20	2.10705e+11
21	1.75231e+11
22	1.46912e+11
23	1.24059e+11
24	1.05413e+11
25	9.02644e+10
26	7.75667e+10
27	6.71716e+10
28	5.84605e+10
29	5.11165e+10
30	4.48713e+10
31	3.95466e+10
32	3.49716e+10
33	3.10549e+10
34	2.76348e+10
35	2.46527e+10
36	2.20794e+10
37	1.9839e+10
38	1.78605e+10
39	1.6091e+10
40	1.45529e+10
41	1.32156e+10
42	1.20159e+10
43	1.09431e+10
44	9.98982e+09
45	9.13345e+09
46	8.36957e+09
47	7.6796e+09
48	7.0736e+09
49	6.52425e+09
50	6.03444e+09
51	5.59939e+09
52	5.21352e+09
53	4.85326e+09
54	4.50233e+09
55	4.16462e+09
56	3.84758e+09
57	3.55511e+09
58	3.29378e+09
59	3.06147e+09
60	2.84954e+09
61	2.65727e+09
62	2.47649e+09
63	2.30941e+09
64	2.15962e+09
65	2.02147e+09
66	1.89513e+09
67	1.78097e+09
68	1.68278e+09
69	1.59503e+09
70	1.50815e+09
71	1.41539e+09
72	1.31873e+09
73	1.22795e+09
74	1.14501e+09
75	1.07195e+09
76	1.00532e+09
77	9.43511e+08
78	8.8607e+08
79	8.36142e+08
80	7.90643e+08
81	7.52172e+08
82	7.18208e+08
83	6.8563e+08
84	6.45535e+08
85	6.0123e+08
86	5.60661e+08
87	5.26443e+08
88	4.96883e+08
89	4.72856e+08
90	4.55461e+08
91	4.39283e+08
92	4.14033e+08
93	3.83223e+08
94	3.55905e+08
95	3.33154e+08
96	3.1467e+08
97	2.98952e+08
98	2.86743e+08
99	2.76424e+08
100	2.63376e+08
101	2.45539e+08
102	2.27757e+08
103	2.12412e+08
104	1.99653e+08
105	1.88829e+08
106	1.79704e+08
107	1.72675e+08
108	1.67163e+08
109	1.59706e+08
110	1.4861e+08
111	1.3745e+08
112	1.28113e+08
113	1.20971e+08
114	1.15775e+08
115	1.1277e+08
116	1.09701e+08
117	1.02358e+08
118	9.37568e+07
119	8.74046e+07
120	8.33263e+07
121	8.10045e+07
122	7.79722e+07
123	7.22209e+07
124	6.62467e+07
125	6.15522e+07
126	5.81345e+07
127	5.59443e+07
128	5.49903e+07
129	5.30105e+07
130	4.86569e+07
131	4.49102e+07
132	4.30598e+07
133	4.22652e+07
134	3.97856e+07
135	3.59777e+07
136	3.3052e+07
137	3.10011e+07
138	2.98371e+07
139	2.92822e+07
140	2.80417e+07
141	2.55571e+07
142	2.34295e+07
143	2.22278e+07
144	2.19525e+07
145	2.15055e+07
146	1.94776e+07
147	1.75911e+07
148	1.65677e+07
149	1.61846e+07
150	1.57734e+07
151	1.4431e+07
152	1.30419e+07
153	1.21076e+07
154	1.15761e+07
155	1.1444e+07
156	1.10416e+07
157	9.97592e+06
158	9.09444e+06
159	8.68798e+06
160	8.7489e+06
161	8.37356e+06
162	7.40569e+06
163	6.82427e+06
164	6.70252e+06
165	6.55599e+06
166	5.9023e+06
167	5.35284e+06
168	5.21794e+06
169	5.29325e+06
170	4.77146e+06
171	4.20838e+06
172	4.00403e+06
173	3.99064e+06
174	3.71512e+06
175	3.28232e+06
176	3.02603e+06
177	2.96155e+06
178	2.98488e+06
179	2.71232e+06
180	2.45668e+06
181	2.45252e+06
182	2.3822e+06
183	2.05692e+06
184	1.89304e+06
185	1.92159e+06
186	1.85192e+06
187	1.60195e+06
188	1.50591e+06
189	1.5174e+06
190	1.3752e+06
191	1.1985e+06
192	1.12383e+06
193	1.13162e+06
194	1.08129e+06
195	940878
196	875745
197	904480
198	860886
199	739028
200	716183
201	714722
202	617002
203	561246
204	581719
205	546984
206	464793
207	451220
208	449405
209	385569
210	350286
211	366904
212	352607
213	302777
214	304430
215	278908
216	235089
217	226598
218	235209
219	203797
220	185856
221	193748
222	168336
223	145295
224	146417
225	142634
226	120302
227	118075
228	124579
229	102066
230	97300.7
231	97010.3
232	80321.4
233	77598.1
234	82187.6
235	67292.7
236	64804.8
237	64419
238	52944.9
239	53267.4
240	53029.4
241	42790.7
242	42822.5
243	40726.2
244	33314.1
245	32821.9
246	33734.6
247	27978.3
248	29088.9
249	27393.6
250	22437.5
251	24215.2
252	20710.6
253	18987.1
254	19527.9
255	15318.1
256	14865.8
257	15271.6
258	12464.2
259	13349.7
260	12000
261	9969.23
262	10628.7
263	8661.63
264	8042.46
265	8766.41
266	6936.9
267	7205.09
268	6438.5
269	5566
270	6310.67
271	4877.37
272	5001.53
273	4312.36
274	3626.87
275	4045.65
276	3324.89
277	3398.46
278	3197.1
279	2617.9
280	2901.39
281	2265.09
282	2469.93
283	2015.88
284	1843.27
285	1977.71
286	1605.32
287	1797.2
288	1310.36
289	1386.76
290	1248.47
291	1167.43
292	1196.39
293	916.454
294	1028.53
295	789.594
296	870.55
297	753.589
298	682.229
299	689.156
300	530.924
301	618.097
302	491.439
303	533.472
304	474.114
305	433.486
306	434.619
307	367.171
308	423.787
309	318.646
310	367.948
311	278.525
312	352.433
313	258.19
314	295.515
315	221.941
316	255.229
317	223.275
318	241.466
319	198.1
320	210.006
321	189.192
322	191.096
323	168.919
324	163.952
325	173.248
326	171.775
327	148.842
328	142.887
329	140.956
330	138.062
331	137.196
332	129.234
333	125.98
334	131.266
335	116.377
336	120.999
337	103.776
338	121.805
339	99.8654
340	115.654
341	84.9892
342	106.464
343	82.8913
344	106.805
345	74.1535
346	95.2902
347	68.328
348	96.6204
349	69.5172
350	81.4504
351	62.8795
352	71.6749
353	67.3754
354	55.588
355	65.7246
356	48.7504
357	62.5422
358	40.7091
359	52.5631
360	43.3491
361	38.7082
362	39.2695
363	29.2802
364	39.5965
365	26.3356
366	31.899
367	25.8597
368	22.1666
369	24.6405
370	15.2814
371	20.8901
372	14.2888
373	15.7412
374	14.4207
375	10.1852
376	13.985
377	8.57129
378	8.74186
379	9.09424
380	5.96172
381	7.44055
382	4.64983
383	4.68798
384	5.22422
385	3.19102
386	4.03374
387	3.2344
388	2.28794
389	2.9125
390	1.75771
391	1.79125
392	2.20131
393	1.15093
394	1.2244
395	1.39862
396	0.749781
397	0.871817
398	0.947255
399	0.508758
400	0.56789
401	0.624375
402	0.348011
403	0.35977
404	0.383392
405	0.212887
406	0.260435
407	0.276664
408	0.144644
409	0.181415
410	0.23813
411	0.124149
412	0.109404
413	0.181207
414	0.129943
415	0.0808392
416	0.124767
417	0.150734
418	0.0845289
419	0.0880187
420	0.14819
421	0.125653
422	0.0775843
423	0.118911
424	0.197332
425	0.140481
426	0.0970205
427	0.135715
428	0.229253
429	0.167759
430	0.113065
431	0.129819
432	0.242443
433	0.213474
434	0.0944379
435	0.0747777
436	0.126175
437	0.156616
438	0.0793941
439	0.0368456
440	0.0246317
441	0.0311189
442	0.0462148
443	0.029129
444	0.00850584
# iterates cost: 350.311
