# Reading DATA...
# Reading Matrix Successfully!
# Initialize b...
# Initialize b sucessfully!
PARALLEL_CG
0	2.49147e+16
1	2.21667e+15
2	5.0114e+14
3	1.70203e+14
4	7.2853e+13
5	3.62095e+13
6	1.99802e+13
7	1.19263e+13
8	7.55644e+12
9	5.01002e+12
10	3.44607e+12
11	2.44847e+12
12	1.78852e+12
13	1.3341e+12
14	1.0163e+12
15	7.87765e+11
16	6.20061e+11
17	4.95347e+11
18	4.01107e+11
19	3.2753e+11
20	2.70524e+11
21	2.25093e+11
22	1.88468e+11
23	1.59175e+11
24	1.3523e+11
25	1.15587e+11
26	9.95792e+10
27	8.63031e+10
28	7.51139e+10
29	6.57115e+10
30	5.76747e+10
31	5.08343e+10
32	4.49186e+10
33	3.99263e+10
34	3.55752e+10
35	3.18035e+10
36	2.8502e+10
37	2.55653e+10
38	2.30522e+10
39	2.08927e+10
40	1.89599e+10
41	1.72386e+10
42	1.56957e+10
43	1.43127e+10
44	1.30914e+10
45	1.19999e+10
46	1.10158e+10
47	1.01441e+10
48	9.35492e+09
49	8.62907e+09
50	7.96341e+09
51	7.37512e+09
52	6.84155e+09
53	6.34841e+09
54	5.89956e+09
55	5.48439e+09
56	5.117e+09
57	4.77035e+09
58	4.45191e+09
59	4.16293e+09
60	3.89903e+09
61	3.64707e+09
62	3.41697e+09
63	3.21126e+09
64	3.02124e+09
65	2.84497e+09
66	2.68438e+09
67	2.53707e+09
68	2.40381e+09
69	2.27803e+09
70	2.15993e+09
71	2.04898e+09
72	1.93966e+09
73	1.83387e+09
74	1.73287e+09
75	1.64133e+09
76	1.55403e+09
77	1.47384e+09
78	1.39866e+09
79	1.32796e+09
80	1.26049e+09
81	1.20004e+09
82	1.14328e+09
83	1.09006e+09
84	1.04076e+09
85	9.93401e+08
86	9.48403e+08
87	9.06695e+08
88	8.68551e+08
89	8.33835e+08
90	8.00368e+08
91	7.72183e+08
92	7.43741e+08
93	7.15049e+08
94	6.84668e+08
95	6.52789e+08
96	6.22511e+08
97	5.95309e+08
98	5.69503e+08
99	5.45941e+08
100	5.23971e+08
101	5.0325e+08
102	4.83552e+08
103	4.64713e+08
104	4.4734e+08
105	4.3228e+08
106	4.17819e+08
107	4.05595e+08
108	3.94112e+08
109	3.8308e+08
110	3.69903e+08
111	3.5607e+08
112	3.41805e+08
113	3.27827e+08
114	3.15787e+08
115	3.04362e+08
116	2.9411e+08
117	2.84598e+08
118	2.76263e+08
119	2.6971e+08
120	2.6408e+08
121	2.57911e+08
122	2.50234e+08
123	2.39929e+08
124	2.29643e+08
125	2.20792e+08
126	2.13312e+08
127	2.06924e+08
128	2.01367e+08
129	1.97365e+08
130	1.93785e+08
131	1.88936e+08
132	1.82278e+08
133	1.75276e+08
134	1.68715e+08
135	1.62745e+08
136	1.57967e+08
137	1.53368e+08
138	1.49232e+08
139	1.45531e+08
140	1.42622e+08
141	1.40338e+08
142	1.37764e+08
143	1.34348e+08
144	1.29572e+08
145	1.24646e+08
146	1.20199e+08
147	1.16286e+08
148	1.13001e+08
149	1.10293e+08
150	1.08035e+08
151	1.06585e+08
152	1.0564e+08
153	1.03733e+08
154	1.00453e+08
155	9.67409e+07
156	9.36532e+07
157	9.14653e+07
158	9.00047e+07
159	8.94519e+07
160	8.82375e+07
161	8.53189e+07
162	8.17524e+07
163	7.88266e+07
164	7.63856e+07
165	7.45349e+07
166	7.32142e+07
167	7.25326e+07
168	7.2039e+07
169	7.06774e+07
170	6.82425e+07
171	6.58035e+07
172	6.39443e+07
173	6.27839e+07
174	6.26464e+07
175	6.2769e+07
176	6.1294e+07
177	5.85222e+07
178	5.61537e+07
179	5.44401e+07
180	5.35733e+07
181	5.33032e+07
182	5.3133e+07
183	5.20422e+07
184	5.01359e+07
185	4.84191e+07
186	4.70835e+07
187	4.6333e+07
188	4.63269e+07
189	4.65568e+07
190	4.57078e+07
191	4.37322e+07
192	4.20307e+07
193	4.10754e+07
194	4.07321e+07
195	4.07602e+07
196	4.03484e+07
197	3.89635e+07
198	3.73244e+07
199	3.61083e+07
200	3.5256e+07
201	3.48938e+07
202	3.49239e+07
203	3.4911e+07
204	3.41804e+07
205	3.2838e+07
206	3.16987e+07
207	3.0989e+07
208	3.0678e+07
209	3.08728e+07
210	3.10992e+07
211	3.03567e+07
212	2.90324e+07
213	2.81622e+07
214	2.80758e+07
215	2.83564e+07
216	2.79512e+07
217	2.66747e+07
218	2.5516e+07
219	2.49483e+07
220	2.49984e+07
221	2.54626e+07
222	2.54068e+07
223	2.42317e+07
224	2.33139e+07
225	2.3194e+07
226	2.34506e+07
227	2.30522e+07
228	2.19431e+07
229	2.10854e+07
230	2.06539e+07
231	2.06279e+07
232	2.09349e+07
233	2.07575e+07
234	1.98549e+07
235	1.9075e+07
236	1.8816e+07
237	1.9155e+07
238	1.9497e+07
239	1.87002e+07
240	1.77556e+07
241	1.74815e+07
242	1.77403e+07
243	1.79508e+07
244	1.72661e+07
245	1.65288e+07
246	1.65155e+07
247	1.701e+07
248	1.66191e+07
249	1.55814e+07
250	1.49836e+07
251	1.49355e+07
252	1.52279e+07
253	1.51614e+07
254	1.44268e+07
255	1.38202e+07
256	1.36594e+07
257	1.39624e+07
258	1.42925e+07
259	1.37082e+07
260	1.3065e+07
261	1.30441e+07
262	1.33702e+07
263	1.29902e+07
264	1.22402e+07
265	1.19329e+07
266	1.21782e+07
267	1.25711e+07
268	1.20881e+07
269	1.1438e+07
270	1.13692e+07
271	1.16754e+07
272	1.14009e+07
273	1.06863e+07
274	1.0326e+07
275	1.03839e+07
276	1.06753e+07
277	1.05426e+07
278	9.96724e+06
279	9.71613e+06
280	1.0028e+07
281	1.04291e+07
282	9.82026e+06
283	9.33415e+06
284	9.50453e+06
285	9.70475e+06
286	9.18794e+06
287	8.79755e+06
288	9.01059e+06
289	9.2588e+06
290	8.67652e+06
291	8.17488e+06
292	8.18888e+06
293	8.46979e+06
294	8.29117e+06
295	7.77131e+06
296	7.5599e+06
297	7.79254e+06
298	8.09652e+06
299	7.67991e+06
300	7.37758e+06
301	7.62301e+06
302	7.62146e+06
303	7.04562e+06
304	6.80969e+06
305	7.04795e+06
306	7.25754e+06
307	6.81573e+06
308	6.60927e+06
309	6.89559e+06
310	6.79883e+06
311	6.27007e+06
312	6.17724e+06
313	6.56663e+06
314	6.46378e+06
315	5.98497e+06
316	6.02843e+06
317	6.19748e+06
318	5.77885e+06
319	5.44756e+06
320	5.50067e+06
321	5.76023e+06
322	5.56822e+06
323	5.22212e+06
324	5.28435e+06
325	5.63942e+06
326	5.35788e+06
327	5.02642e+06
328	5.20335e+06
329	5.30642e+06
330	4.92263e+06
331	4.91873e+06
332	5.26554e+06
333	4.88124e+06
334	4.56368e+06
335	4.73035e+06
336	4.80809e+06
337	4.44683e+06
338	4.39229e+06
339	4.75469e+06
340	4.5495e+06
341	4.19311e+06
342	4.33633e+06
343	4.40621e+06
344	4.03555e+06
345	3.95037e+06
346	4.24351e+06
347	4.18435e+06
348	3.85248e+06
349	3.95658e+06
350	4.0684e+06
351	3.69891e+06
352	3.58125e+06
353	3.83665e+06
354	3.85935e+06
355	3.60197e+06
356	3.81362e+06
357	3.77013e+06
358	3.36583e+06
359	3.40089e+06
360	3.60865e+06
361	3.34771e+06
362	3.25881e+06
363	3.53863e+06
364	3.31227e+06
365	3.07818e+06
366	3.28218e+06
367	3.29542e+06
368	3.03568e+06
369	3.23037e+06
370	3.1758e+06
371	2.84059e+06
372	2.93256e+06
373	3.09097e+06
374	2.83475e+06
375	2.92029e+06
376	3.05847e+06
377	2.6838e+06
378	2.67264e+06
379	2.87233e+06
380	2.64606e+06
381	2.65838e+06
382	2.87324e+06
383	2.53243e+06
384	2.4949e+06
385	2.68561e+06
386	2.44884e+06
387	2.41901e+06
388	2.60861e+06
389	2.31943e+06
390	2.22889e+06
391	2.41321e+06
392	2.27009e+06
393	2.11213e+06
394	2.28121e+06
395	2.30996e+06
396	2.10289e+06
397	2.26804e+06
398	2.19772e+06
399	1.9808e+06
400	2.13708e+06
401	2.14252e+06
402	1.96679e+06
403	2.15196e+06
404	2.01017e+06
405	1.83027e+06
406	1.98393e+06
407	1.9223e+06
408	1.78745e+06
409	2.02414e+06
410	1.9001e+06
411	1.7754e+06
412	1.92331e+06
413	1.71647e+06
414	1.71713e+06
415	1.88297e+06
416	1.63741e+06
417	1.67893e+06
418	1.74587e+06
419	1.552e+06
420	1.71864e+06
421	1.73208e+06
422	1.54985e+06
423	1.67747e+06
424	1.48785e+06
425	1.45375e+06
426	1.64242e+06
427	1.46409e+06
428	1.53051e+06
429	1.5269e+06
430	1.35923e+06
431	1.54149e+06
432	1.42248e+06
433	1.36548e+06
434	1.46375e+06
435	1.26634e+06
436	1.35111e+06
437	1.40996e+06
438	1.25598e+06
439	1.38463e+06
440	1.21464e+06
441	1.17171e+06
442	1.30927e+06
443	1.15834e+06
444	1.2173e+06
445	1.28145e+06
446	1.11909e+06
447	1.26486e+06
448	1.13939e+06
449	1.17209e+06
450	1.1906e+06
451	1.0209e+06
452	1.13407e+06
453	1.03919e+06
454	999562
455	1.1532e+06
456	998843
457	1.08325e+06
458	1.01136e+06
459	945483
460	1.08779e+06
461	929812
462	1.01359e+06
463	935485
464	880649
465	1.0169e+06
466	876257
467	971268
468	857125
469	817890
470	916079
471	791548
472	903560
473	850312
474	822583
475	882903
476	778119
477	898570
478	733577
479	792032
480	758691
481	722495
482	846262
483	708295
484	799475
485	676567
486	739220
487	732722
488	684598
489	735030
490	625391
491	746658
492	634658
493	694428
494	634156
495	622661
496	702752
497	618053
498	679697
499	548731
500	641019
# iterates cost: 432.27
