# Reading DATA...
# Reading Matrix Successfully!
PARALLEL_MDMRM
0	2.06069e+16
1	1.49544e+15
2	3.2842e+14
3	1.14484e+14
4	4.78622e+13
5	2.20987e+13
6	1.04675e+13
7	4.71786e+12
8	1.68015e+12
9	8.49653e+09
10	8.48611e+09
11	6.68095e+09
12	6.67006e+09
13	9.41716e+08
14	9.24005e+08
15	5.80981e+08
16	5.78968e+08
17	5.77251e+08
18	5.75914e+08
19	5.7498e+08
20	5.73163e+08
21	5.18185e+08
22	5.17487e+08
23	5.16848e+08
24	1.88259e+07
25	1.83878e+07
26	1.61945e+07
27	1.59457e+07
28	1.59212e+07
29	1.58811e+07
30	3.93434e+06
31	3.75921e+06
32	3.67013e+06
33	98283
34	88144.9
35	72020.7
36	69993.8
37	59837.1
38	46337.9
39	45939.4
40	45782.6
41	45628.6
42	45513.5
43	45409.4
44	45298.5
45	1648
46	1535.3
47	1450.93
48	1429.84
49	218.125
50	192.436
51	184.131
52	181.073
53	179.584
54	176.325
55	175.047
56	173.925
57	172.871
58	171.876
59	170.93
60	170.033
61	168.043
62	167.245
63	5.35299
64	5.14407
65	5.07249
66	5.03273
67	2.74741
68	1.19869
69	1.18245
70	1.17446
71	1.16839
72	1.16353
73	1.15949
74	1.156
75	0.742813
76	0.740918
77	0.728654
78	0.0980767
79	0.0960994
80	0.0950181
81	0.0941632
82	0.0409863
83	0.0408164
84	0.0407297
85	0.0405525
86	0.0404839
87	0.0355767
88	0.0355083
89	0.0328889
90	0.0328297
91	0.0327801
92	0.0324116
93	0.0323642
94	0.0323215
95	0.0322804
96	0.0322405
97	0.0155718
98	0.0155318
99	0.0155188
100	0.0155082
101	0.0154985
102	0.0154892
103	0.01547
104	0.000597979
#	0
# iterats cost: 105.14
# 26.5615	16.5412	23.8061	10.8318	18.1012	1.56551
