# Reading DATA...
# Reading Matrix Successfully!
# Initialize b...
# Initialize b sucessfully!
PARALLEL_MDMRB
0	2.4905e+19
1	1.8009e+18
2	3.96959e+17
3	1.38933e+17
4	5.82675e+16
5	2.69713e+16
6	1.27908e+16
7	5.7762e+15
8	2.05839e+15
9	9.34602e+12
10	9.33075e+12
11	9.29731e+12
12	4.31643e+12
13	1.82258e+12
14	1.4399e+12
15	1.39049e+12
16	1.3822e+12
17	1.3784e+12
18	1.25065e+12
19	5.44343e+11
20	5.23921e+11
21	5.10287e+11
22	4.73812e+11
23	4.64308e+11
24	4.57043e+11
25	2.49438e+11
26	1.95007e+11
27	1.75461e+11
28	1.06409e+11
29	1.03242e+11
30	9.65848e+10
31	9.62388e+10
32	9.60716e+10
33	9.55335e+10
34	9.38042e+10
35	9.36291e+10
36	9.35731e+10
37	9.35198e+10
38	9.34834e+10
39	9.25512e+10
40	9.25213e+10
41	9.20308e+10
42	9.19957e+10
43	9.19214e+10
44	5.36073e+10
45	5.25163e+10
46	5.2185e+10
47	2.92121e+10
48	2.81385e+10
49	2.58278e+10
50	2.56746e+10
51	1.52248e+10
52	1.49071e+10
53	1.4816e+10
54	1.47228e+10
55	1.3627e+10
56	1.35668e+10
57	1.35453e+10
58	6.77771e+09
59	6.32279e+09
60	5.65807e+09
61	5.56061e+09
62	5.46176e+09
63	5.44083e+09
64	3.12942e+09
65	3.01008e+09
66	2.95545e+09
67	2.89104e+09
68	2.83285e+09
69	2.82423e+09
70	1.69668e+09
71	1.45735e+09
72	7.78829e+08
73	7.51975e+08
74	7.07562e+08
75	6.38689e+08
76	6.2695e+08
77	6.23871e+08
78	6.23169e+08
79	6.203e+08
80	5.26274e+08
81	5.24189e+08
82	2.29932e+08
83	1.72147e+08
84	1.62081e+08
85	1.13546e+08
86	1.11819e+08
87	1.05487e+08
88	9.9319e+07
89	9.77899e+07
90	9.76032e+07
91	9.75351e+07
92	9.74901e+07
93	9.31855e+07
94	9.03351e+07
95	8.96393e+07
96	4.6842e+07
97	2.26316e+07
98	2.1349e+07
99	1.2734e+07
100	1.22253e+07
101	1.13918e+07
102	1.1285e+07
103	1.1012e+07
104	1.09428e+07
105	1.085e+07
106	9.93331e+06
107	9.89989e+06
108	6.0171e+06
109	4.74495e+06
110	4.65178e+06
111	4.64221e+06
112	4.63887e+06
113	4.46369e+06
114	3.99732e+06
115	3.9833e+06
116	3.92856e+06
117	3.43691e+06
118	1.19218e+06
119	1.07473e+06
120	778272
121	732859
122	675886
123	655552
124	639934
125	629466
126	621326
127	536323
128	435205
129	429444
130	415031
131	413822
132	413193
133	407459
134	407225
135	406712
136	406581
137	392831
138	392210
139	391269
140	391145
141	391055
142	120271
143	108565
144	107039
145	106430
146	105992
147	102386
148	63884.8
149	59752.2
150	36085
151	34783.3
152	34444.7
153	33709.5
154	32330
155	32187.8
156	32050.9
157	31802.2
158	31742.2
159	31573.1
160	31521.7
161	31490.8
162	31465
163	12809.5
164	8969.75
165	8420.59
166	8214.09
167	7962.95
168	7813.08
169	7556.57
170	7241.97
171	7041.6
172	7001.43
173	6965.61
174	6941.2
175	1875.33
176	1657.43
177	1594.74
178	1558.36
179	1039.15
180	944.066
181	927.725
182	873.834
183	866.458
184	861.557
185	770.798
186	755.581
187	675.667
188	672.022
189	512.795
190	504.082
191	502.561
192	498.411
193	497.816
194	475.882
195	474.395
196	460.171
197	130.152
198	80.1378
199	78.3972
200	69.6579
201	68.7378
202	56.2768
203	53.8999
204	53.4612
205	53.1616
206	51.977
207	48.6846
208	47.1412
209	47.0395
210	17.847
211	16.3098
212	13.1288
213	12.8095
214	12.7403
215	12.477
216	12.4411
217	12.4149
218	12.3946
219	12.3785
220	11.9379
221	11.111
222	11.0543
223	10.9796
224	10.9722
225	10.9692
226	10.9665
227	9.34535
228	9.29618
229	9.28356
230	3.93855
231	2.90365
232	2.80413
233	2.49615
234	2.24537
235	2.22044
236	2.21383
237	1.75019
238	1.72036
239	1.65741
240	1.65318
241	1.65079
242	0.807994
243	0.771482
244	0.76423
245	0.697106
246	0.631052
247	0.622804
248	0.580927
249	0.570199
250	0.306758
251	0.295814
252	0.259774
253	0.251785
254	0.249495
255	0.242793
256	0.238605
257	0.224819
258	0.223498
259	0.223292
260	0.10851
261	0.0890006
262	0.0830814
263	0.0810543
264	0.0797895
265	0.0790672
266	0.0786316
267	0.0772817
268	0.0770328
269	0.02452
270	0.0232109
271	0.0178902
272	0.0174486
273	0.0145002
274	0.00636175
275	0.00585933
276	0.00570159
277	0.00563261
278	0.00451317
279	0.00445451
280	0.00424873
281	0.00419262
282	0.00416984
283	0.00261588
284	0.0024632
285	0.00232467
286	0.0011537
287	0.00110532
288	0.00107495
289	0.00103891
290	0.00103001
291	0.000616005
292	0.000599923
293	0.000593617
294	0.000532723
295	0.000260065
296	0.000237027
297	0.000220776
298	0.000150412
299	9.78731e-05
300	6.79195e-05
301	6.54066e-05
302	6.24284e-05
303	4.08094e-05
304	3.42651e-05
305	3.1338e-05
306	2.39401e-05
307	2.25687e-05
308	2.21798e-05
309	2.12683e-05
310	2.10753e-05
311	2.07649e-05
312	2.06473e-05
313	2.05454e-05
314	2.04597e-05
315	2.0265e-05
316	2.01912e-05
317	2.01283e-05
318	2.00521e-05
319	1.96332e-05
320	1.95602e-05
321	1.76418e-05
322	1.75608e-05
323	1.74514e-05
324	1.74123e-05
325	1.239e-05
326	1.21963e-05
327	1.21188e-05
328	1.08722e-05
329	1.07725e-05
330	1.03763e-05
331	1.03132e-05
332	1.02881e-05
333	1.02681e-05
334	1.02504e-05
335	1.00542e-05
336	9.98995e-06
337	9.92255e-06
338	9.89853e-06
339	9.82687e-06
340	9.79835e-06
341	9.78535e-06
342	9.76954e-06
343	9.75959e-06
344	9.74789e-06
345	9.73902e-06
346	9.73075e-06
347	9.7144e-06
348	9.70553e-06
349	9.6982e-06
350	9.69123e-06
351	9.68483e-06
352	9.67848e-06
353	9.67158e-06
354	9.66614e-06
355	9.66105e-06
356	9.65474e-06
357	9.65012e-06
358	9.6458e-06
359	9.64171e-06
360	8.77766e-06
361	8.72946e-06
362	8.71963e-06
363	1.77355e-06
364	1.54264e-06
365	1.46341e-06
366	1.41263e-06
367	6.63478e-07
368	4.64056e-07
369	4.14317e-07
370	4.03855e-07
371	3.95885e-07
372	3.88099e-07
373	3.24277e-07
374	3.01003e-07
375	2.738e-07
376	2.66163e-07
377	2.61017e-07
378	1.70062e-07
379	1.66288e-07
380	1.42496e-07
381	1.41076e-07
382	1.40159e-07
383	1.39753e-07
384	1.30335e-07
385	1.2978e-07
386	1.2891e-07
387	1.28565e-07
388	1.28272e-07
389	1.28064e-07
390	1.27275e-07
391	1.24009e-07
392	1.23312e-07
393	1.23198e-07
394	1.23049e-07
395	1.22975e-07
396	1.22608e-07
397	1.22507e-07
398	1.22453e-07
399	1.22403e-07
400	1.22327e-07
401	1.22285e-07
402	1.21792e-07
403	1.21731e-07
404	2.19139e-08
405	1.82385e-08
406	1.54068e-08
407	6.33793e-09
408	4.02724e-09
409	2.99134e-09
410	2.62982e-09
411	2.48403e-09
412	2.23088e-09
413	2.13567e-09
414	2.06109e-09
415	1.98684e-09
416	1.93754e-09
417	1.88555e-09
418	9.681e-10
419	9.14191e-10
420	7.0902e-10
421	6.9442e-10
422	6.81866e-10
423	6.72093e-10
424	6.6404e-10
425	6.57254e-10
426	5.34052e-10
427	5.00735e-10
428	4.99219e-10
429	4.94402e-10
430	4.9391e-10
431	4.87501e-10
432	4.84852e-10
433	4.789e-10
434	4.77933e-10
435	4.77561e-10
436	4.77401e-10
437	4.77269e-10
438	3.77921e-10
439	3.71014e-10
440	3.70115e-10
441	1.52333e-10
442	1.35986e-10
443	6.41131e-11
444	6.02768e-11
445	5.86678e-11
446	5.6933e-11
447	5.60843e-11
448	4.45086e-11
449	4.25546e-11
450	4.15369e-11
451	4.08201e-11
452	3.59251e-11
453	2.06397e-11
454	1.95547e-11
455	1.90195e-11
456	1.85557e-11
457	1.82177e-11
458	1.79369e-11
459	1.76978e-11
460	1.74888e-11
461	1.73088e-11
462	1.71385e-11
463	1.39399e-11
464	1.36881e-11
465	1.04106e-11
466	1.00803e-11
467	9.90158e-12
468	9.66673e-12
469	9.5461e-12
470	9.42092e-12
471	5.39138e-12
472	5.26985e-12
473	4.93801e-12
474	4.85259e-12
475	4.78345e-12
476	4.31309e-12
477	4.25278e-12
478	4.19731e-12
479	3.3055e-12
480	3.11148e-12
481	2.99626e-12
482	2.1417e-12
483	2.11464e-12
484	2.09324e-12
485	2.07346e-12
486	1.24998e-12
487	1.18917e-12
488	1.15416e-12
489	1.14769e-12
490	1.13024e-12
491	1.1282e-12
492	1.12662e-12
493	1.12219e-12
494	1.12095e-12
495	1.12007e-12
496	1.11934e-12
497	1.07725e-12
498	8.10338e-13
499	6.8059e-13
500	6.7221e-13
501	6.61686e-13
502	6.60522e-13
503	6.56894e-13
504	6.40823e-13
505	6.39792e-13
506	6.32012e-13
507	2.72967e-13
508	2.68493e-13
509	2.65122e-13
510	1.77057e-13
511	1.6814e-13
512	1.66053e-13
513	1.60846e-13
514	1.59175e-13
515	1.57964e-13
516	1.5762e-13
517	1.03582e-13
518	1.02824e-13
519	1.01207e-13
520	1.00114e-13
521	9.3081e-14
522	9.11575e-14
523	9.08573e-14
524	9.06651e-14
525	9.04861e-14
526	9.03662e-14
527	9.02138e-14
528	8.34128e-14
529	8.3149e-14
530	8.29582e-14
531	8.23448e-14
532	8.06415e-14
533	7.92371e-14
534	2.67843e-14
535	2.54075e-14
536	2.47562e-14
537	2.37329e-14
538	2.35567e-14
539	2.20546e-14
540	2.20204e-14
541	2.19621e-14
542	2.18532e-14
543	2.18438e-14
544	2.17602e-14
545	2.16943e-14
546	2.15178e-14
547	2.1509e-14
548	2.14961e-14
549	2.1491e-14
550	1.39547e-14
551	1.27812e-14
552	1.25537e-14
553	1.24734e-14
554	1.24158e-14
555	1.23793e-14
556	1.11668e-14
557	1.11023e-14
558	1.10793e-14
559	1.10619e-14
560	1.10488e-14
561	3.13677e-15
562	2.75915e-15
563	2.70144e-15
564	2.67103e-15
565	2.48637e-15
566	2.46452e-15
567	2.44899e-15
568	2.43666e-15
569	2.38678e-15
570	2.35607e-15
571	2.35119e-15
572	2.34271e-15
573	2.33635e-15
574	2.26676e-15
575	2.26381e-15
576	2.25957e-15
577	2.25549e-15
578	2.25531e-15
579	2.2526e-15
580	2.25253e-15
581	2.25232e-15
582	7.36553e-16
583	7.21999e-16
584	7.10865e-16
585	7.02748e-16
586	6.98469e-16
587	6.95147e-16
588	6.89967e-16
589	4.49828e-16
590	2.61742e-16
591	2.49722e-16
592	2.45281e-16
593	1.32838e-16
594	1.11193e-16
595	1.01232e-16
596	9.81513e-17
597	6.86303e-17
598	6.54582e-17
599	6.28293e-17
600	6.08455e-17
601	5.84112e-17
602	5.68096e-17
603	5.56703e-17
604	5.35598e-17
605	5.2556e-17
606	5.17604e-17
607	5.10728e-17
608	2.06988e-17
609	1.97042e-17
610	1.18121e-17
611	1.16043e-17
612	1.14827e-17
613	1.10661e-17
614	1.07027e-17
615	1.06613e-17
616	1.05883e-17
617	1.05691e-17
618	1.03491e-17
619	1.03316e-17
620	1.03287e-17
621	1.03262e-17
622	9.55145e-18
623	9.53767e-18
624	9.3511e-18
625	9.34171e-18
626	9.33595e-18
627	9.33194e-18
628	9.32285e-18
629	9.32131e-18
630	9.31979e-18
631	2.71265e-18
632	2.5249e-18
633	2.39648e-18
634	2.33147e-18
635	2.28112e-18
636	2.24868e-18
637	2.22393e-18
638	2.17329e-18
639	2.1556e-18
640	2.1305e-18
641	2.11913e-18
642	2.09498e-18
643	2.08597e-18
644	2.07866e-18
645	2.02719e-18
646	2.02346e-18
647	2.02043e-18
648	7.5586e-19
649	7.28741e-19
650	7.11439e-19
651	4.92428e-19
652	4.73982e-19
653	4.62159e-19
654	4.01156e-19
655	3.87902e-19
656	3.85748e-19
657	3.81588e-19
658	3.80187e-19
659	3.78483e-19
660	3.65835e-19
661	3.65752e-19
662	3.65001e-19
663	3.64501e-19
664	3.62848e-19
665	3.61837e-19
666	2.96229e-19
667	2.91652e-19
668	2.90843e-19
669	2.8855e-19
670	2.88102e-19
671	2.87889e-19
672	6.8898e-20
673	6.29409e-20
674	5.65151e-20
675	5.56028e-20
676	5.47842e-20
677	1.49476e-20
678	1.33138e-20
679	1.23473e-20
680	1.10408e-20
681	1.05354e-20
682	1.01535e-20
683	5.89869e-21
#	0
# iterats cost: 160.15
# 35.5129	23.7581	33.2341	22.9826	27.66	1.85944
