# Reading DATA...
# Reading Matrix Successfully!
# Initialize b...
# Initialize b sucessfully!
PARALLEL_MRSM
0	2.49147e+16
1	2.03556e+15
2	5.10983e+14
3	2.07821e+14
4	1.04269e+14
5	6.01974e+13
6	3.80147e+13
7	2.56874e+13
8	1.82317e+13
9	1.34619e+13
10	1.02508e+13
11	8.00975e+12
12	6.39155e+12
13	5.19345e+12
14	4.28461e+12
15	3.58237e+12
16	3.02983e+12
17	2.58893e+12
18	2.23212e+12
19	1.94015e+12
20	1.69854e+12
21	1.49681e+12
22	1.32683e+12
23	1.18255e+12
24	1.05914e+12
25	9.52944e+11
26	8.60966e+11
27	7.80886e+11
28	7.10783e+11
29	6.49138e+11
30	5.94674e+11
31	5.46366e+11
32	5.03342e+11
33	4.64891e+11
34	4.30404e+11
35	3.99378e+11
36	3.71375e+11
37	3.46034e+11
38	3.23034e+11
39	3.0211e+11
40	2.83024e+11
41	2.65578e+11
42	2.49593e+11
43	2.34918e+11
44	2.21417e+11
45	2.08974e+11
46	1.97484e+11
47	1.86856e+11
48	1.77008e+11
49	1.6787e+11
50	1.59376e+11
51	1.5147e+11
52	1.44101e+11
53	1.37222e+11
54	1.30793e+11
55	1.24777e+11
56	1.1914e+11
57	1.13852e+11
58	1.08886e+11
59	1.04218e+11
60	9.98241e+10
61	9.5685e+10
62	9.17816e+10
63	8.80972e+10
64	8.4616e+10
65	8.13242e+10
66	7.82085e+10
67	7.52572e+10
68	7.24591e+10
69	6.98044e+10
70	6.72836e+10
71	6.48882e+10
72	6.26104e+10
73	6.04428e+10
74	5.83787e+10
75	5.64119e+10
76	5.45364e+10
77	5.27469e+10
78	5.10385e+10
79	4.94065e+10
80	4.78465e+10
81	4.63546e+10
82	4.49269e+10
83	4.35599e+10
84	4.22504e+10
85	4.09953e+10
86	3.97917e+10
87	3.8637e+10
88	3.75286e+10
89	3.64641e+10
90	3.54414e+10
91	3.44584e+10
92	3.35131e+10
93	3.26036e+10
94	3.17283e+10
95	3.08856e+10
96	3.00737e+10
97	2.92915e+10
98	2.85374e+10
99	2.78101e+10
100	2.71085e+10
101	2.64315e+10
102	2.57778e+10
103	2.51465e+10
104	2.45367e+10
105	2.39473e+10
106	2.33775e+10
107	2.28265e+10
108	2.22935e+10
109	2.17778e+10
110	2.12786e+10
111	2.07952e+10
112	2.03271e+10
113	1.98735e+10
114	1.9434e+10
115	1.9008e+10
116	1.85949e+10
117	1.81943e+10
118	1.78056e+10
119	1.74284e+10
120	1.70623e+10
121	1.67069e+10
122	1.63618e+10
123	1.60265e+10
124	1.57008e+10
125	1.53842e+10
126	1.50765e+10
127	1.47774e+10
128	1.44865e+10
129	1.42035e+10
130	1.39282e+10
131	1.36603e+10
132	1.33995e+10
133	1.31457e+10
134	1.28985e+10
135	1.26578e+10
136	1.24233e+10
137	1.21949e+10
138	1.19723e+10
139	1.17553e+10
140	1.15438e+10
141	1.13376e+10
142	1.11364e+10
143	1.09403e+10
144	1.07489e+10
145	1.05622e+10
146	1.038e+10
147	1.02021e+10
148	1.00285e+10
149	9.85902e+09
150	9.69349e+09
151	9.53182e+09
152	9.3739e+09
153	9.21962e+09
154	9.06886e+09
155	8.92152e+09
156	8.77752e+09
157	8.63674e+09
158	8.4991e+09
159	8.36451e+09
160	8.23288e+09
161	8.10413e+09
162	7.97818e+09
163	7.85495e+09
164	7.73436e+09
165	7.61635e+09
166	7.50084e+09
167	7.38777e+09
168	7.27707e+09
169	7.16867e+09
170	7.06252e+09
171	6.95855e+09
172	6.85671e+09
173	6.75695e+09
174	6.6592e+09
175	6.56342e+09
176	6.46956e+09
177	6.37756e+09
178	6.28738e+09
179	6.19897e+09
180	6.1123e+09
181	6.02731e+09
182	5.94396e+09
183	5.86222e+09
184	5.78204e+09
185	5.70339e+09
186	5.62622e+09
187	5.55051e+09
188	5.47622e+09
189	5.40331e+09
190	5.33175e+09
191	5.26151e+09
192	5.19255e+09
193	5.12486e+09
194	5.05839e+09
195	4.99312e+09
196	4.92903e+09
197	4.86608e+09
198	4.80425e+09
199	4.74351e+09
200	4.68384e+09
201	4.62522e+09
202	4.56761e+09
203	4.51101e+09
204	4.45538e+09
205	4.40071e+09
206	4.34697e+09
207	4.29415e+09
208	4.24222e+09
209	4.19116e+09
210	4.14096e+09
211	4.0916e+09
212	4.04306e+09
213	3.99532e+09
214	3.94836e+09
215	3.90217e+09
216	3.85674e+09
217	3.81204e+09
218	3.76806e+09
219	3.72479e+09
220	3.68222e+09
221	3.64032e+09
222	3.59908e+09
223	3.5585e+09
224	3.51855e+09
225	3.47923e+09
226	3.44052e+09
227	3.40241e+09
228	3.36489e+09
229	3.32794e+09
230	3.29156e+09
231	3.25574e+09
232	3.22045e+09
233	3.18571e+09
234	3.15148e+09
235	3.11776e+09
236	3.08455e+09
237	3.05183e+09
238	3.0196e+09
239	2.98784e+09
240	2.95655e+09
241	2.92571e+09
242	2.89532e+09
243	2.86537e+09
244	2.83585e+09
245	2.80676e+09
246	2.77808e+09
247	2.74981e+09
248	2.72195e+09
249	2.69447e+09
250	2.66739e+09
251	2.64068e+09
252	2.61434e+09
253	2.58838e+09
254	2.56277e+09
255	2.53751e+09
256	2.51261e+09
257	2.48804e+09
258	2.46381e+09
259	2.4399e+09
260	2.41632e+09
261	2.39306e+09
262	2.37011e+09
263	2.34747e+09
264	2.32513e+09
265	2.30309e+09
266	2.28134e+09
267	2.25987e+09
268	2.23869e+09
269	2.21778e+09
270	2.19715e+09
271	2.17678e+09
272	2.15668e+09
273	2.13683e+09
274	2.11724e+09
275	2.09791e+09
276	2.07881e+09
277	2.05996e+09
278	2.04135e+09
279	2.02298e+09
280	2.00483e+09
281	1.98691e+09
282	1.96922e+09
283	1.95174e+09
284	1.93449e+09
285	1.91744e+09
286	1.9006e+09
287	1.88398e+09
288	1.86755e+09
289	1.85132e+09
290	1.83529e+09
291	1.81946e+09
292	1.80381e+09
293	1.78836e+09
294	1.77308e+09
295	1.75799e+09
296	1.74308e+09
297	1.72835e+09
298	1.71379e+09
299	1.6994e+09
300	1.68518e+09
301	1.67113e+09
302	1.65724e+09
303	1.64351e+09
304	1.62994e+09
305	1.61652e+09
306	1.60326e+09
307	1.59015e+09
308	1.5772e+09
309	1.56439e+09
310	1.55172e+09
311	1.5392e+09
312	1.52682e+09
313	1.51458e+09
314	1.50247e+09
315	1.4905e+09
316	1.47867e+09
317	1.46696e+09
318	1.45538e+09
319	1.44394e+09
320	1.43261e+09
321	1.42142e+09
322	1.41034e+09
323	1.39939e+09
324	1.38855e+09
325	1.37783e+09
326	1.36723e+09
327	1.35674e+09
328	1.34636e+09
329	1.33609e+09
330	1.32594e+09
331	1.31589e+09
332	1.30595e+09
333	1.29611e+09
334	1.28637e+09
335	1.27674e+09
336	1.26721e+09
337	1.25778e+09
338	1.24845e+09
339	1.23921e+09
340	1.23007e+09
341	1.22102e+09
342	1.21207e+09
343	1.20321e+09
344	1.19444e+09
345	1.18575e+09
346	1.17716e+09
347	1.16865e+09
348	1.16023e+09
349	1.1519e+09
350	1.14364e+09
351	1.13547e+09
352	1.12739e+09
353	1.11938e+09
354	1.11145e+09
355	1.1036e+09
356	1.09583e+09
357	1.08813e+09
358	1.08051e+09
359	1.07297e+09
360	1.0655e+09
361	1.0581e+09
362	1.05077e+09
363	1.04351e+09
364	1.03633e+09
365	1.02921e+09
366	1.02216e+09
367	1.01518e+09
368	1.00827e+09
369	1.00142e+09
370	9.94635e+08
371	9.87915e+08
372	9.8126e+08
373	9.74667e+08
374	9.68136e+08
375	9.61666e+08
376	9.55256e+08
377	9.48906e+08
378	9.42616e+08
379	9.36383e+08
380	9.30209e+08
381	9.24091e+08
382	9.1803e+08
383	9.12024e+08
384	9.06073e+08
385	9.00176e+08
386	8.94333e+08
387	8.88543e+08
388	8.82806e+08
389	8.7712e+08
390	8.71486e+08
391	8.65902e+08
392	8.60368e+08
393	8.54884e+08
394	8.49448e+08
395	8.44061e+08
396	8.38722e+08
397	8.3343e+08
398	8.28185e+08
399	8.22986e+08
400	8.17832e+08
401	8.12724e+08
402	8.0766e+08
403	8.02641e+08
404	7.97665e+08
405	7.92732e+08
406	7.87842e+08
407	7.82994e+08
408	7.78188e+08
409	7.73423e+08
410	7.68699e+08
411	7.64015e+08
412	7.59371e+08
413	7.54767e+08
414	7.50202e+08
415	7.45675e+08
416	7.41187e+08
417	7.36737e+08
418	7.32323e+08
419	7.27947e+08
420	7.23608e+08
421	7.19304e+08
422	7.15037e+08
423	7.10804e+08
424	7.06607e+08
425	7.02445e+08
426	6.98317e+08
427	6.94223e+08
428	6.90162e+08
429	6.86135e+08
430	6.8214e+08
431	6.78178e+08
432	6.74248e+08
433	6.70351e+08
434	6.66484e+08
435	6.62649e+08
436	6.58845e+08
437	6.55071e+08
438	6.51328e+08
439	6.47614e+08
440	6.4393e+08
441	6.40276e+08
442	6.3665e+08
443	6.33054e+08
444	6.29485e+08
445	6.25945e+08
446	6.22433e+08
447	6.18948e+08
448	6.1549e+08
449	6.1206e+08
450	6.08656e+08
451	6.05279e+08
452	6.01928e+08
453	5.98603e+08
454	5.95304e+08
455	5.9203e+08
456	5.88781e+08
457	5.85558e+08
458	5.82359e+08
459	5.79184e+08
460	5.76034e+08
461	5.72908e+08
462	5.69805e+08
463	5.66726e+08
464	5.6367e+08
465	5.60637e+08
466	5.57628e+08
467	5.5464e+08
468	5.51675e+08
469	5.48733e+08
470	5.45812e+08
471	5.42913e+08
472	5.40036e+08
473	5.3718e+08
474	5.34345e+08
475	5.31531e+08
476	5.28738e+08
477	5.25965e+08
478	5.23213e+08
479	5.2048e+08
480	5.17768e+08
481	5.15076e+08
482	5.12403e+08
483	5.09749e+08
484	5.07115e+08
485	5.045e+08
486	5.01904e+08
487	4.99326e+08
488	4.96767e+08
489	4.94227e+08
490	4.91704e+08
491	4.892e+08
492	4.86713e+08
493	4.84244e+08
494	4.81793e+08
495	4.79359e+08
496	4.76942e+08
497	4.74542e+08
498	4.7216e+08
499	4.69794e+08
500	4.67444e+08
# iterates cost: 278.298
