# Reading DATA...
# Reading Matrix Successfully!
# Initialize b...
# Initialize b sucessfully!
PARALLEL_CG
0	2.4905e+19
1	2.20624e+18
2	5.03048e+17
3	1.71512e+17
4	7.33266e+16
5	3.64827e+16
6	2.0169e+16
7	1.19865e+16
8	7.60445e+15
9	5.02269e+15
10	3.47218e+15
11	2.46157e+15
12	1.78964e+15
13	1.33981e+15
14	1.02785e+15
15	7.99158e+14
16	6.28624e+14
17	5.01155e+14
18	4.0482e+14
19	3.30787e+14
20	2.72391e+14
21	2.2754e+14
22	1.90629e+14
23	1.60626e+14
24	1.36327e+14
25	1.1698e+14
26	1.00359e+14
27	8.69597e+13
28	7.54465e+13
29	6.58522e+13
30	5.78116e+13
31	5.10704e+13
32	4.51324e+13
33	4.00435e+13
34	3.5616e+13
35	3.19093e+13
36	2.85228e+13
37	2.57469e+13
38	2.32739e+13
39	2.11802e+13
40	1.92531e+13
41	1.75143e+13
42	1.59819e+13
43	1.46042e+13
44	1.3337e+13
45	1.22456e+13
46	1.12059e+13
47	1.02797e+13
48	9.45699e+12
49	8.74327e+12
50	8.09124e+12
51	7.49727e+12
52	6.94345e+12
53	6.44707e+12
54	5.97563e+12
55	5.55449e+12
56	5.18208e+12
57	4.83599e+12
58	4.52573e+12
59	4.21904e+12
60	3.94424e+12
61	3.69581e+12
62	3.46224e+12
63	3.25884e+12
64	3.06288e+12
65	2.88082e+12
66	2.71883e+12
67	2.57005e+12
68	2.40744e+12
69	2.26062e+12
70	2.14156e+12
71	2.02635e+12
72	1.92089e+12
73	1.81416e+12
74	1.72757e+12
75	1.64495e+12
76	1.56158e+12
77	1.4856e+12
78	1.41566e+12
79	1.34631e+12
80	1.2824e+12
81	1.21716e+12
82	1.15827e+12
83	1.10972e+12
84	1.0546e+12
85	1.00435e+12
86	9.59288e+11
87	9.14937e+11
88	8.79878e+11
89	8.4596e+11
90	8.12625e+11
91	7.80843e+11
92	7.50582e+11
93	7.17496e+11
94	6.89018e+11
95	6.60685e+11
96	6.31738e+11
97	6.06023e+11
98	5.78665e+11
99	5.56786e+11
100	5.36882e+11
101	5.16577e+11
102	4.94332e+11
103	4.75221e+11
104	4.58025e+11
105	4.4251e+11
106	4.27137e+11
107	4.13025e+11
108	4.0075e+11
109	3.87956e+11
110	3.74548e+11
111	3.6009e+11
112	3.4865e+11
113	3.36414e+11
114	3.26674e+11
115	3.12825e+11
116	3.02459e+11
117	2.91427e+11
118	2.81825e+11
119	2.70964e+11
120	2.62321e+11
121	2.53033e+11
122	2.44718e+11
123	2.35532e+11
124	2.27803e+11
125	2.20064e+11
126	2.12661e+11
127	2.05406e+11
128	1.9823e+11
129	1.9208e+11
130	1.85389e+11
131	1.79591e+11
132	1.75156e+11
133	1.6873e+11
134	1.62873e+11
135	1.58113e+11
136	1.54356e+11
137	1.49279e+11
138	1.45911e+11
139	1.41413e+11
140	1.37592e+11
141	1.33796e+11
142	1.29787e+11
143	1.26405e+11
144	1.23382e+11
145	1.20398e+11
146	1.1723e+11
147	1.13837e+11
148	1.1091e+11
149	1.08001e+11
150	1.04922e+11
151	1.02062e+11
152	9.9811e+10
153	9.66968e+10
154	9.41364e+10
155	9.13977e+10
156	8.93425e+10
157	8.71368e+10
158	8.52376e+10
159	8.32467e+10
160	8.09928e+10
161	7.909e+10
162	7.74915e+10
163	7.60732e+10
164	7.40801e+10
165	7.23988e+10
166	7.06223e+10
167	6.90397e+10
168	6.72704e+10
169	6.56487e+10
170	6.42589e+10
171	6.27412e+10
172	6.14399e+10
173	5.96438e+10
174	5.77107e+10
175	5.63176e+10
176	5.50678e+10
177	5.39345e+10
178	5.28359e+10
179	5.13952e+10
180	5.03081e+10
181	4.93682e+10
182	4.83741e+10
183	4.77507e+10
184	4.67523e+10
185	4.56288e+10
186	4.45167e+10
187	4.37232e+10
188	4.28143e+10
189	4.18953e+10
190	4.12425e+10
191	4.02521e+10
192	3.94384e+10
193	3.87048e+10
194	3.78683e+10
195	3.68177e+10
196	3.61164e+10
197	3.53507e+10
198	3.46722e+10
199	3.40172e+10
200	3.33409e+10
201	3.27081e+10
202	3.19798e+10
203	3.13259e+10
204	3.0923e+10
205	3.03065e+10
206	2.98228e+10
207	2.94157e+10
208	2.87993e+10
209	2.81615e+10
210	2.75609e+10
211	2.69746e+10
212	2.6526e+10
213	2.59673e+10
214	2.53942e+10
215	2.49649e+10
216	2.45294e+10
217	2.40152e+10
218	2.35932e+10
219	2.31156e+10
220	2.27033e+10
221	2.24684e+10
222	2.21732e+10
223	2.17344e+10
224	2.13123e+10
225	2.08413e+10
226	2.04934e+10
227	2.01713e+10
228	1.98198e+10
229	1.93843e+10
230	1.90198e+10
231	1.86937e+10
232	1.84226e+10
233	1.8163e+10
234	1.77389e+10
235	1.74201e+10
236	1.71234e+10
237	1.68726e+10
238	1.66213e+10
239	1.63799e+10
240	1.61799e+10
241	1.59547e+10
242	1.56222e+10
243	1.53338e+10
244	1.51011e+10
245	1.48887e+10
246	1.46601e+10
247	1.44679e+10
248	1.4282e+10
249	1.4132e+10
250	1.38696e+10
251	1.36981e+10
252	1.35246e+10
253	1.33125e+10
254	1.30935e+10
255	1.27628e+10
256	1.25871e+10
257	1.24726e+10
258	1.22632e+10
259	1.20571e+10
260	1.19295e+10
261	1.17436e+10
262	1.15678e+10
263	1.13887e+10
264	1.11481e+10
265	1.09682e+10
266	1.08511e+10
267	1.06776e+10
268	1.05721e+10
269	1.03989e+10
270	1.02296e+10
271	1.00599e+10
272	9.89565e+09
273	9.74159e+09
274	9.64144e+09
275	9.46206e+09
276	9.33329e+09
277	9.22891e+09
278	9.06533e+09
279	8.91361e+09
280	8.78658e+09
281	8.68092e+09
282	8.57252e+09
283	8.44673e+09
284	8.36556e+09
285	8.25954e+09
286	8.16652e+09
287	8.06058e+09
288	7.93114e+09
289	7.79194e+09
290	7.69759e+09
291	7.60181e+09
292	7.54349e+09
293	7.42419e+09
294	7.35445e+09
295	7.21843e+09
296	7.09984e+09
297	7.01527e+09
298	6.86064e+09
299	6.74527e+09
300	6.62578e+09
301	6.57139e+09
302	6.42467e+09
303	6.35479e+09
304	6.26297e+09
305	6.17998e+09
306	6.09276e+09
307	6.01957e+09
308	5.97352e+09
309	5.9092e+09
310	5.84095e+09
311	5.78296e+09
312	5.73163e+09
313	5.66229e+09
314	5.59867e+09
315	5.5148e+09
316	5.45871e+09
317	5.38801e+09
318	5.32479e+09
319	5.27874e+09
320	5.18191e+09
321	5.12588e+09
322	5.05795e+09
323	5.00805e+09
324	4.95533e+09
325	4.88835e+09
326	4.81724e+09
327	4.76482e+09
328	4.72454e+09
329	4.67926e+09
330	4.63533e+09
331	4.56668e+09
332	4.52342e+09
333	4.45987e+09
334	4.4081e+09
335	4.34828e+09
336	4.2865e+09
337	4.23946e+09
338	4.18037e+09
339	4.12946e+09
340	4.09728e+09
341	4.03701e+09
342	3.99081e+09
343	3.95483e+09
344	3.91551e+09
345	3.85063e+09
346	3.81071e+09
347	3.76615e+09
348	3.73033e+09
349	3.67176e+09
350	3.63935e+09
351	3.59648e+09
352	3.5622e+09
353	3.52508e+09
354	3.45896e+09
355	3.42677e+09
356	3.36441e+09
357	3.33313e+09
358	3.30617e+09
359	3.26461e+09
360	3.25476e+09
361	3.21889e+09
362	3.19341e+09
363	3.17496e+09
364	3.13031e+09
365	3.09792e+09
366	3.0624e+09
367	3.03681e+09
368	3.0064e+09
369	2.97803e+09
370	2.95887e+09
371	2.91667e+09
372	2.87792e+09
373	2.84754e+09
374	2.82147e+09
375	2.78932e+09
376	2.76685e+09
377	2.74514e+09
378	2.71183e+09
379	2.68843e+09
380	2.65995e+09
381	2.62953e+09
382	2.60646e+09
383	2.58015e+09
384	2.55803e+09
385	2.52674e+09
386	2.49107e+09
387	2.46262e+09
388	2.44422e+09
389	2.41763e+09
390	2.40932e+09
391	2.37866e+09
392	2.3407e+09
393	2.31e+09
394	2.28532e+09
395	2.26184e+09
396	2.24118e+09
397	2.22344e+09
398	2.20278e+09
399	2.18142e+09
400	2.15554e+09
401	2.13251e+09
402	2.1095e+09
403	2.08499e+09
404	2.05818e+09
405	2.0285e+09
406	1.99505e+09
407	1.97434e+09
408	1.95776e+09
409	1.93476e+09
410	1.91625e+09
411	1.90242e+09
412	1.88778e+09
413	1.87618e+09
414	1.85168e+09
415	1.82649e+09
416	1.81635e+09
417	1.79699e+09
418	1.7788e+09
419	1.77096e+09
420	1.7439e+09
421	1.71355e+09
422	1.69277e+09
423	1.68212e+09
424	1.66949e+09
425	1.65717e+09
426	1.64857e+09
427	1.63396e+09
428	1.61618e+09
429	1.58946e+09
430	1.57181e+09
431	1.55648e+09
432	1.54511e+09
433	1.53004e+09
434	1.51457e+09
435	1.50732e+09
436	1.49314e+09
437	1.47473e+09
438	1.45495e+09
439	1.44257e+09
440	1.42235e+09
441	1.42265e+09
442	1.41059e+09
443	1.40138e+09
444	1.39169e+09
445	1.38104e+09
446	1.36281e+09
447	1.34755e+09
448	1.33427e+09
449	1.31793e+09
450	1.3082e+09
451	1.298e+09
452	1.28445e+09
453	1.27201e+09
454	1.25749e+09
455	1.24533e+09
456	1.23453e+09
457	1.21992e+09
458	1.21475e+09
459	1.20508e+09
460	1.19729e+09
461	1.18855e+09
462	1.17734e+09
463	1.16715e+09
464	1.15194e+09
465	1.1447e+09
466	1.1428e+09
467	1.134e+09
468	1.12451e+09
469	1.11893e+09
470	1.10465e+09
471	1.09332e+09
472	1.08407e+09
473	1.07861e+09
474	1.06586e+09
475	1.05172e+09
476	1.04455e+09
477	1.03681e+09
478	1.02868e+09
479	1.0223e+09
480	1.01897e+09
481	1.0103e+09
482	1.00139e+09
483	9.95862e+08
484	9.83447e+08
485	9.78644e+08
486	9.69614e+08
487	9.67746e+08
488	9.60134e+08
489	9.46447e+08
490	9.37893e+08
491	9.30134e+08
492	9.22298e+08
493	9.12182e+08
494	9.02505e+08
495	8.89307e+08
496	8.7866e+08
497	8.69951e+08
498	8.60214e+08
499	8.5155e+08
500	8.4224e+08
501	8.38746e+08
502	8.35206e+08
503	8.31624e+08
504	8.25012e+08
505	8.18987e+08
506	8.17262e+08
507	8.10287e+08
508	7.99756e+08
509	7.89823e+08
510	7.83588e+08
511	7.8017e+08
512	7.74496e+08
513	7.69418e+08
514	7.6429e+08
515	7.60759e+08
516	7.56285e+08
517	7.51944e+08
518	7.43078e+08
519	7.33762e+08
520	7.32691e+08
521	7.28485e+08
522	7.21644e+08
523	7.14613e+08
524	7.09371e+08
525	7.05353e+08
526	6.99948e+08
527	6.91232e+08
528	6.84456e+08
529	6.81728e+08
530	6.79932e+08
531	6.71999e+08
532	6.6574e+08
533	6.6203e+08
534	6.58664e+08
535	6.52952e+08
536	6.47425e+08
537	6.44307e+08
538	6.40879e+08
539	6.34777e+08
540	6.2685e+08
541	6.21694e+08
542	6.17442e+08
543	6.13435e+08
544	6.06772e+08
545	5.98833e+08
546	5.9333e+08
547	5.90544e+08
548	5.90298e+08
549	5.90236e+08
550	5.86539e+08
551	5.79331e+08
552	5.74224e+08
553	5.69005e+08
554	5.63536e+08
555	5.59198e+08
556	5.5502e+08
557	5.47562e+08
558	5.44627e+08
559	5.41036e+08
560	5.37882e+08
561	5.34107e+08
562	5.31764e+08
563	5.27174e+08
564	5.25145e+08
565	5.21131e+08
566	5.17725e+08
567	5.13639e+08
568	5.0979e+08
569	5.05015e+08
570	5.03048e+08
571	5.00482e+08
572	4.957e+08
573	4.93672e+08
574	4.91912e+08
575	4.86522e+08
576	4.83808e+08
577	4.82588e+08
578	4.80532e+08
579	4.77968e+08
580	4.72522e+08
581	4.66756e+08
582	4.65578e+08
583	4.62644e+08
584	4.58483e+08
585	4.5821e+08
586	4.54223e+08
587	4.51396e+08
588	4.50616e+08
589	4.47356e+08
590	4.44238e+08
591	4.40942e+08
592	4.3948e+08
593	4.37816e+08
594	4.33952e+08
595	4.33223e+08
596	4.31073e+08
597	4.28355e+08
598	4.23441e+08
599	4.19229e+08
600	4.16122e+08
601	4.13832e+08
602	4.10848e+08
603	4.06908e+08
604	4.03743e+08
605	4.01031e+08
606	3.9843e+08
607	3.96489e+08
608	3.9322e+08
609	3.89156e+08
610	3.84769e+08
611	3.80336e+08
612	3.77116e+08
613	3.7361e+08
614	3.70911e+08
615	3.70352e+08
616	3.66205e+08
617	3.63247e+08
618	3.57732e+08
619	3.54075e+08
620	3.52901e+08
621	3.50233e+08
622	3.46608e+08
623	3.44182e+08
624	3.41274e+08
625	3.37937e+08
626	3.35627e+08
627	3.33498e+08
628	3.30449e+08
629	3.29693e+08
630	3.28414e+08
631	3.24936e+08
632	3.21509e+08
633	3.18658e+08
634	3.15239e+08
635	3.12175e+08
636	3.09341e+08
637	3.08302e+08
638	3.05778e+08
639	3.0391e+08
640	3.01951e+08
641	3.01063e+08
642	2.99839e+08
643	2.99247e+08
644	2.98558e+08
645	2.97331e+08
646	2.95537e+08
647	2.94495e+08
648	2.93139e+08
649	2.91629e+08
650	2.90287e+08
651	2.89011e+08
652	2.87908e+08
653	2.86316e+08
654	2.85123e+08
655	2.85836e+08
656	2.88304e+08
657	2.86737e+08
658	2.84015e+08
659	2.80051e+08
660	2.77285e+08
661	2.76694e+08
662	2.74449e+08
663	2.73761e+08
664	2.7147e+08
665	2.69762e+08
666	2.68999e+08
667	2.66468e+08
668	2.65434e+08
669	2.63262e+08
670	2.61054e+08
671	2.60574e+08
672	2.57677e+08
673	2.56035e+08
674	2.54873e+08
675	2.52191e+08
676	2.50468e+08
677	2.49598e+08
678	2.48769e+08
679	2.4754e+08
680	2.45008e+08
681	2.4424e+08
682	2.44092e+08
683	2.43678e+08
684	2.41783e+08
685	2.39984e+08
686	2.37261e+08
687	2.35218e+08
688	2.34049e+08
689	2.32494e+08
690	2.3072e+08
691	2.30005e+08
692	2.299e+08
693	2.29306e+08
694	2.26812e+08
695	2.24784e+08
696	2.23569e+08
697	2.22177e+08
698	2.21351e+08
699	2.20901e+08
700	2.18577e+08
701	2.1675e+08
702	2.15306e+08
703	2.14147e+08
704	2.12573e+08
705	2.1187e+08
706	2.12028e+08
707	2.11602e+08
708	2.10577e+08
709	2.10237e+08
710	2.07847e+08
711	2.06299e+08
712	2.0557e+08
713	2.03304e+08
714	2.02624e+08
715	2.02626e+08
716	2.02728e+08
717	2.00795e+08
718	2.01006e+08
719	2.00234e+08
720	1.99079e+08
721	1.96909e+08
722	1.96349e+08
723	1.96407e+08
724	1.96079e+08
725	1.9595e+08
726	1.94656e+08
727	1.93473e+08
728	1.92217e+08
729	1.92021e+08
730	1.91097e+08
731	1.90003e+08
732	1.88909e+08
733	1.88755e+08
734	1.88058e+08
735	1.86754e+08
736	1.86259e+08
737	1.85944e+08
738	1.84995e+08
739	1.84231e+08
740	1.84007e+08
741	1.82425e+08
742	1.81034e+08
743	1.81097e+08
744	1.80553e+08
745	1.80493e+08
746	1.79713e+08
747	1.79157e+08
748	1.7778e+08
749	1.77317e+08
750	1.76998e+08
751	1.76419e+08
752	1.75734e+08
753	1.74453e+08
754	1.73977e+08
755	1.73017e+08
756	1.7286e+08
757	1.726e+08
758	1.72673e+08
759	1.71912e+08
760	1.71207e+08
761	1.70001e+08
762	1.68315e+08
763	1.67077e+08
764	1.65929e+08
765	1.65169e+08
766	1.6349e+08
767	1.6222e+08
768	1.61454e+08
769	1.6035e+08
770	1.58989e+08
771	1.58705e+08
772	1.58069e+08
773	1.57131e+08
774	1.56377e+08
775	1.55708e+08
776	1.55545e+08
777	1.54684e+08
778	1.54124e+08
779	1.53597e+08
780	1.53433e+08
781	1.52397e+08
782	1.50946e+08
783	1.50141e+08
784	1.48851e+08
785	1.4804e+08
786	1.47379e+08
787	1.46922e+08
788	1.45565e+08
789	1.44077e+08
790	1.42967e+08
791	1.42552e+08
792	1.41639e+08
793	1.41053e+08
794	1.39976e+08
795	1.39435e+08
796	1.39118e+08
797	1.37869e+08
798	1.37541e+08
799	1.36934e+08
800	1.35951e+08
801	1.34631e+08
802	1.33777e+08
803	1.33773e+08
804	1.32896e+08
805	1.32691e+08
806	1.31566e+08
807	1.3116e+08
808	1.30886e+08
809	1.30157e+08
810	1.29354e+08
811	1.29798e+08
812	1.28621e+08
813	1.28439e+08
814	1.2707e+08
815	1.26143e+08
816	1.25796e+08
817	1.25123e+08
818	1.23663e+08
819	1.22385e+08
820	1.21708e+08
821	1.20515e+08
822	1.19849e+08
823	1.1912e+08
824	1.18951e+08
825	1.18903e+08
826	1.17957e+08
827	1.17691e+08
828	1.16945e+08
829	1.15809e+08
830	1.15299e+08
831	1.14737e+08
832	1.14596e+08
833	1.13837e+08
834	1.12853e+08
835	1.11922e+08
836	1.11556e+08
837	1.10858e+08
838	1.111e+08
839	1.10772e+08
840	1.10295e+08
841	1.0938e+08
842	1.08901e+08
843	1.08567e+08
844	1.07977e+08
845	1.07032e+08
846	1.06731e+08
847	1.06214e+08
848	1.06068e+08
849	1.05778e+08
850	1.05564e+08
851	1.05785e+08
852	1.06037e+08
853	1.05474e+08
854	1.05293e+08
855	1.05538e+08
856	1.05211e+08
857	1.04613e+08
858	1.0317e+08
859	1.02485e+08
860	1.02105e+08
861	1.02137e+08
862	1.01627e+08
863	1.01589e+08
864	1.0108e+08
865	1.00154e+08
866	9.98104e+07
867	9.91627e+07
868	9.83399e+07
869	9.84435e+07
870	9.83948e+07
871	9.77717e+07
872	9.71852e+07
873	9.68653e+07
874	9.59825e+07
875	9.5101e+07
876	9.40387e+07
877	9.37507e+07
878	9.36357e+07
879	9.34526e+07
880	9.28226e+07
881	9.20335e+07
882	9.18593e+07
883	9.12947e+07
884	9.10269e+07
885	9.02873e+07
886	8.93673e+07
887	8.92822e+07
888	8.88204e+07
889	8.85202e+07
890	8.82803e+07
891	8.80657e+07
892	8.80623e+07
893	8.78365e+07
894	8.70386e+07
895	8.65331e+07
896	8.62482e+07
897	8.59645e+07
898	8.56874e+07
899	8.50431e+07
900	8.48759e+07
901	8.51669e+07
902	8.51442e+07
903	8.47758e+07
904	8.43471e+07
905	8.37653e+07
906	8.32775e+07
907	8.26053e+07
908	8.20772e+07
909	8.21173e+07
910	8.20061e+07
911	8.20694e+07
912	8.14877e+07
913	8.16177e+07
914	8.16548e+07
915	8.13337e+07
916	8.07007e+07
917	8.0483e+07
918	8.02151e+07
919	8.00214e+07
920	7.97128e+07
921	7.93077e+07
922	7.87154e+07
923	7.80554e+07
924	7.72377e+07
925	7.73584e+07
926	7.74823e+07
927	7.77066e+07
928	7.73122e+07
929	7.72583e+07
930	7.68068e+07
931	7.66175e+07
932	7.61974e+07
933	7.54501e+07
934	7.47496e+07
935	7.44363e+07
936	7.39888e+07
937	7.38829e+07
938	7.37756e+07
939	7.36949e+07
940	7.35493e+07
941	7.36037e+07
942	7.34986e+07
943	7.34934e+07
944	7.33009e+07
945	7.31687e+07
946	7.27716e+07
947	7.25263e+07
948	7.25184e+07
949	7.22648e+07
950	7.2539e+07
951	7.22247e+07
952	7.26022e+07
953	7.26332e+07
954	7.23815e+07
955	7.23671e+07
956	7.26155e+07
957	7.27219e+07
958	7.29401e+07
959	7.25948e+07
960	7.23175e+07
961	7.14494e+07
962	7.07598e+07
963	7.03519e+07
964	7.02441e+07
965	7.01649e+07
966	6.99684e+07
967	6.95324e+07
968	6.94284e+07
969	6.95901e+07
970	6.88293e+07
971	6.85111e+07
972	6.79018e+07
973	6.76257e+07
974	6.71839e+07
975	6.71763e+07
976	6.68268e+07
977	6.67245e+07
978	6.66586e+07
979	6.64376e+07
980	6.65104e+07
981	6.65039e+07
982	6.66807e+07
983	6.62428e+07
984	6.55777e+07
985	6.49577e+07
986	6.43151e+07
987	6.36998e+07
988	6.35676e+07
989	6.36062e+07
990	6.34108e+07
991	6.33598e+07
992	6.32569e+07
993	6.30784e+07
994	6.27742e+07
995	6.24097e+07
996	6.23873e+07
997	6.18152e+07
998	6.16997e+07
999	6.11295e+07
1000	6.10709e+07
# iterates cost: 119.959
