# Reading DATA...
# Reading Matrix Successfully!
PARALLEL_MDMRM
0	1.95938e+16
1	1.42376e+15
2	3.1274e+14
3	1.08978e+14
4	4.5546e+13
5	2.10419e+13
6	9.97595e+12
7	4.50164e+12
8	1.60533e+12
9	1.06261e+10
10	1.06032e+10
11	1.05804e+10
12	8.36014e+09
13	1.21487e+09
14	1.19729e+09
15	1.1863e+09
16	1.10054e+09
17	1.06832e+09
18	1.06516e+09
19	1.06265e+09
20	1.06031e+09
21	6.42808e+08
22	7.16843e+06
23	6.4888e+06
24	6.23923e+06
25	3.84689e+06
26	3.7079e+06
27	3.51689e+06
28	3.47165e+06
29	3.43396e+06
30	2.30152e+06
31	880363
32	870691
33	864243
34	856508
35	850513
36	846274
37	842343
38	838288
39	410609
40	38673
41	37231.8
42	36156.9
43	35289.3
44	32921.7
45	32233
46	31607.3
47	31032.1
48	30501.9
49	30001.5
50	28645.2
51	434.497
52	408.481
53	298.765
54	212.155
55	123.428
56	120.444
57	120.268
58	120.113
59	119.398
60	118.941
61	118.689
62	118.545
63	118.417
64	2.67532
65	2.53574
66	2.5051
67	2.48959
68	1.72054
69	1.70831
70	1.69629
71	1.69145
72	1.4993
73	0.51026
74	0.507572
75	0.506465
76	0.505736
77	0.505101
78	0.504489
79	0.492463
80	0.491889
81	0.491006
82	0.490421
83	0.475918
84	0.475365
85	0.474759
86	0.473939
87	0.473417
88	0.472901
89	0.472392
90	0.471887
91	0.471385
92	0.470886
93	0.470388
94	0.469895
95	0.469399
96	0.468838
97	0.468352
98	0.467863
99	0.467381
100	0.466902
101	0.466424
102	0.465948
103	0.465473
104	0.465001
105	0.464529
106	0.46406
107	0.463592
108	0.00561808
#	0
# iterats cost: 347.914
# 82.3691	51.1586	84.0238	29.9176	55.8511	15.3751
