# Reading DATA...
# Reading Matrix Successfully!
# Initialize b...
# Initialize b sucessfully!
PARALLEL_CG
0	1.55377e+16
1	1.38039e+15
2	3.12089e+14
3	1.06079e+14
4	4.53947e+13
5	2.25559e+13
6	1.2448e+13
7	7.41936e+12
8	4.69436e+12
9	3.1127e+12
10	2.14357e+12
11	1.524e+12
12	1.11316e+12
13	8.31518e+11
14	6.34069e+11
15	4.91612e+11
16	3.86925e+11
17	3.08618e+11
18	2.49134e+11
19	2.0335e+11
20	1.67638e+11
21	1.39405e+11
22	1.16971e+11
23	9.88274e+10
24	8.4046e+10
25	7.19359e+10
26	6.19091e+10
27	5.35608e+10
28	4.65678e+10
29	4.06828e+10
30	3.57081e+10
31	3.14607e+10
32	2.78398e+10
33	2.47167e+10
34	2.20213e+10
35	1.96751e+10
36	1.76404e+10
37	1.58581e+10
38	1.42934e+10
39	1.2916e+10
40	1.17e+10
41	1.06281e+10
42	9.68881e+09
43	8.84743e+09
44	8.11473e+09
45	7.47532e+09
46	6.91959e+09
47	6.42822e+09
48	5.95949e+09
49	5.49671e+09
50	5.0495e+09
51	4.64013e+09
52	4.27636e+09
53	3.95438e+09
54	3.66912e+09
55	3.41167e+09
56	3.17554e+09
57	2.96286e+09
58	2.76828e+09
59	2.59374e+09
60	2.43661e+09
61	2.30285e+09
62	2.19024e+09
63	2.08813e+09
64	1.97243e+09
65	1.84075e+09
66	1.71217e+09
67	1.59838e+09
68	1.49985e+09
69	1.41209e+09
70	1.3336e+09
71	1.26286e+09
72	1.20101e+09
73	1.14967e+09
74	1.11058e+09
75	1.07271e+09
76	1.01839e+09
77	9.52766e+08
78	8.92455e+08
79	8.4405e+08
80	8.07149e+08
81	7.84161e+08
82	7.69812e+08
83	7.40136e+08
84	6.89615e+08
85	6.42506e+08
86	6.0681e+08
87	5.79284e+08
88	5.58581e+08
89	5.45865e+08
90	5.35917e+08
91	5.14336e+08
92	4.81847e+08
93	4.5208e+08
94	4.28779e+08
95	4.1024e+08
96	3.96272e+08
97	3.88115e+08
98	3.84777e+08
99	3.73764e+08
100	3.50594e+08
# iterates cost: 554.644
