# Reading DATA...
# Reading Matrix Successfully!
PARALLEL_CG
0	2.51359e+16
1	2.23543e+15
2	5.04336e+14
3	1.71488e+14
4	7.34522e+13
5	3.64556e+13
6	2.01257e+13
7	1.1979e+13
8	7.59494e+12
9	5.02987e+12
10	3.47704e+12
11	2.47546e+12
12	1.80523e+12
13	1.34588e+12
14	1.02466e+12
15	7.95187e+11
16	6.25756e+11
17	4.99726e+11
18	4.04128e+11
19	3.30157e+11
20	2.7179e+11
21	2.25284e+11
22	1.8817e+11
23	1.58987e+11
24	1.35509e+11
25	1.16087e+11
26	9.98474e+10
27	8.65662e+10
28	7.54291e+10
29	6.58783e+10
30	5.76883e+10
31	5.10332e+10
32	4.52181e+10
33	4.00479e+10
34	3.56278e+10
35	3.18114e+10
36	2.85233e+10
37	2.5711e+10
38	2.31734e+10
39	2.09433e+10
40	1.89631e+10
41	1.72638e+10
42	1.56852e+10
43	1.43218e+10
44	1.31585e+10
45	1.20533e+10
46	1.10153e+10
47	1.01056e+10
48	9.35332e+09
49	8.64102e+09
50	8.00617e+09
51	7.4094e+09
52	6.8552e+09
53	6.36789e+09
54	5.9274e+09
55	5.51422e+09
56	5.13808e+09
57	4.78e+09
58	4.46186e+09
59	4.15654e+09
60	3.86996e+09
61	3.61056e+09
62	3.38129e+09
63	3.16954e+09
64	2.97994e+09
65	2.81594e+09
66	2.64802e+09
67	2.49971e+09
68	2.37001e+09
69	2.25279e+09
70	2.13482e+09
71	2.02261e+09
72	1.91415e+09
73	1.81201e+09
74	1.70861e+09
75	1.62141e+09
76	1.53896e+09
77	1.45958e+09
78	1.37968e+09
79	1.30753e+09
80	1.24149e+09
81	1.1819e+09
82	1.12329e+09
83	1.0692e+09
84	1.01553e+09
85	9.65519e+08
86	9.19156e+08
87	8.79941e+08
88	8.41309e+08
89	8.0468e+08
90	7.71507e+08
91	7.41461e+08
92	7.10344e+08
93	6.80168e+08
94	6.49999e+08
95	6.19462e+08
96	5.9025e+08
97	5.61295e+08
98	5.36938e+08
99	5.1376e+08
100	4.88723e+08
101	4.68188e+08
102	4.49552e+08
103	4.30602e+08
104	4.14397e+08
105	3.9785e+08
106	3.83967e+08
107	3.6959e+08
108	3.57536e+08
109	3.45013e+08
110	3.32179e+08
111	3.18977e+08
112	3.03981e+08
113	2.89839e+08
114	2.78675e+08
115	2.6731e+08
116	2.56281e+08
117	2.47366e+08
118	2.38671e+08
119	2.31976e+08
120	2.26255e+08
121	2.20407e+08
122	2.13314e+08
123	2.03482e+08
124	1.93956e+08
125	1.85151e+08
126	1.77757e+08
127	1.71371e+08
128	1.66294e+08
129	1.61505e+08
130	1.57092e+08
131	1.52265e+08
132	1.46441e+08
133	1.40111e+08
134	1.33769e+08
135	1.28561e+08
136	1.23621e+08
137	1.19208e+08
138	1.14963e+08
139	1.11822e+08
140	1.08584e+08
141	1.06032e+08
142	1.03288e+08
143	9.97828e+07
144	9.53059e+07
145	9.07757e+07
146	8.69464e+07
147	8.37329e+07
148	8.0688e+07
149	7.80356e+07
150	7.61489e+07
151	7.48048e+07
152	7.35724e+07
153	7.13161e+07
154	6.80198e+07
155	6.47121e+07
156	6.20313e+07
157	6.00236e+07
158	5.88167e+07
159	5.77309e+07
160	5.58507e+07
161	5.33409e+07
162	5.08105e+07
163	4.87149e+07
164	4.68439e+07
165	4.52516e+07
166	4.42368e+07
167	4.33274e+07
168	4.25759e+07
169	4.14787e+07
170	3.96286e+07
171	3.77661e+07
172	3.62635e+07
173	3.52501e+07
174	3.47515e+07
175	3.44418e+07
176	3.34935e+07
177	3.16836e+07
178	2.9877e+07
179	2.86151e+07
180	2.77732e+07
181	2.72385e+07
182	2.68752e+07
183	2.61069e+07
184	2.4917e+07
185	2.36503e+07
186	2.27049e+07
187	2.20316e+07
188	2.16444e+07
189	2.1532e+07
190	2.11235e+07
191	2.00927e+07
192	1.89794e+07
193	1.81344e+07
194	1.76601e+07
195	1.74259e+07
196	1.69882e+07
197	1.61944e+07
198	1.53266e+07
199	1.4632e+07
200	1.41066e+07
201	1.37548e+07
202	1.35405e+07
203	1.33556e+07
204	1.28591e+07
205	1.21393e+07
206	1.14964e+07
207	1.1036e+07
208	1.07907e+07
209	1.07292e+07
210	1.06778e+07
211	1.02176e+07
212	9.607e+06
213	9.20573e+06
214	9.02912e+06
215	8.94687e+06
216	8.65681e+06
217	8.14325e+06
218	7.69017e+06
219	7.44455e+06
220	7.37957e+06
221	7.40054e+06
222	7.15676e+06
223	6.67853e+06
224	6.32862e+06
225	6.18805e+06
226	6.17776e+06
227	5.93496e+06
228	5.55217e+06
229	5.26543e+06
230	5.06837e+06
231	4.97912e+06
232	4.99007e+06
233	4.89029e+06
234	4.61157e+06
235	4.35022e+06
236	4.22338e+06
237	4.22599e+06
238	4.20642e+06
239	3.94648e+06
240	3.68083e+06
241	3.55394e+06
242	3.55396e+06
243	3.52869e+06
244	3.33321e+06
245	3.13811e+06
246	3.07702e+06
247	3.0829e+06
248	2.93037e+06
249	2.69504e+06
250	2.56671e+06
251	2.52024e+06
252	2.52031e+06
253	2.4641e+06
254	2.30327e+06
255	2.15814e+06
256	2.07801e+06
257	2.06101e+06
258	2.07357e+06
259	1.97678e+06
260	1.83188e+06
261	1.78122e+06
262	1.79706e+06
263	1.74159e+06
264	1.60164e+06
265	1.50819e+06
266	1.49028e+06
267	1.51069e+06
268	1.45431e+06
269	1.34665e+06
270	1.30057e+06
271	1.31029e+06
272	1.27039e+06
273	1.16268e+06
274	1.09157e+06
275	1.06944e+06
276	1.07857e+06
277	1.04801e+06
278	971162
279	918430
280	924639
281	952806
282	881185
283	808678
284	796429
285	789332
286	730982
287	676790
288	652639
289	655074
290	654477
291	609769
292	571146
293	574330
294	590239
295	540639
296	495192
297	487036
298	490314
299	455577
300	419149
301	404418
302	413319
303	412582
304	378784
305	368960
306	372233
307	339581
308	308766
309	299622
310	305575
311	295842
312	270101
313	259392
314	268562
315	263880
316	237663
317	230085
318	233548
319	216882
320	198347
321	196550
322	202862
323	186727
324	172309
325	172931
326	173316
327	156959
328	146613
329	150439
330	151654
331	136153
332	131476
333	134566
334	123808
335	113341
336	115501
337	120242
338	108058
339	103776
340	105241
341	94658.2
342	87239.8
343	88400.9
344	90356.8
345	81673.1
346	79213.6
347	81908
348	73277.6
349	67308.9
350	69751.4
351	68371.5
352	61219.2
353	61770
354	61042.4
355	53618.9
356	52307.2
357	54988.1
358	49580.5
359	46046.8
360	47632.7
361	44072.9
362	39671.2
363	40801.7
364	41368.5
365	36519.6
366	36419.8
367	36038.7
368	31371.7
369	30506.5
370	32292.8
371	29080.7
372	27543.4
373	28454.7
374	25054
375	22876
376	23720.6
377	23142.7
378	20622.7
379	20996.3
380	21369.7
381	18385.3
382	17926.4
383	18487.6
384	16322.4
385	15806.8
386	17098
387	14922.5
388	14242.9
389	14732.4
390	12869.6
391	12836.3
392	13234.2
393	11183
394	10969.4
395	11149.7
396	9629.29
397	9304.41
398	10043.6
399	8985.12
400	8721.4
401	9041.55
402	7693.06
403	7692.79
404	7946.43
405	6829.89
406	6950.61
407	6736.69
408	5789.04
409	5881.32
410	6001.85
411	5244.3
412	5492.53
413	5447.94
414	4670.74
415	4940.25
416	4529.11
417	4189.18
418	4550.81
419	3865.84
420	3706.63
421	3867.39
422	3320.52
423	3402.21
424	3444.36
425	2916.62
426	3058.6
427	2863.83
428	2606.97
429	2925.85
430	2454.27
431	2375.57
432	2351.28
433	2004.07
434	2148.66
435	2085.06
436	1853.86
437	1967.27
438	1643.33
439	1656.98
440	1712.91
441	1466.02
442	1579.42
443	1369.73
444	1329.4
445	1410.01
446	1163.11
447	1229.72
448	1082.81
449	984.516
450	1094.87
451	948.851
452	995.367
453	921.443
454	799.101
455	878.385
456	745.992
457	760.859
458	733.699
459	620.609
460	676.771
461	588.9
462	567.309
463	623.505
464	516.471
465	560.96
466	477.596
467	466.525
468	490.532
469	411.754
470	454.195
471	377.43
472	396.405
473	387.389
474	341.08
475	357.787
476	291.835
477	327.785
478	295.367
479	290.674
480	274.735
481	237.742
482	271.485
483	225.126
484	247.175
485	203.93
486	202.476
487	207.786
488	181.18
489	200.594
490	159.179
491	176.892
492	159.141
493	164.842
494	150.33
495	132.368
496	142.891
497	119.151
498	140.997
499	113.46
500	123.087
501	106.485
502	108.114
503	104.023
504	90.4777
505	97.8697
506	79.3012
507	93.6522
508	80.2369
509	87.0402
510	72.9439
511	71.5067
512	73.2662
513	65.155
514	73.9865
515	59.0243
516	68.2472
517	55.6852
518	66.065
519	52.2363
520	57.5249
521	49.4628
522	55.2577
523	48.3068
524	47.6879
525	44.9639
526	42.3442
527	47.1912
528	41.6432
529	43.5302
530	36.9628
531	42.0024
532	34.1248
533	39.275
534	31.1047
535	38.8954
536	32.1196
537	36.973
538	27.6894
539	32.7936
540	27.2057
541	32.8027
542	26.5984
543	29.6432
544	24.8015
545	28.2832
546	25.1303
547	27.0036
548	23.2975
549	25.136
550	24.156
551	26.0597
552	21.5449
553	23.697
554	21.5248
555	24.6226
556	19.7865
557	22.5346
558	18.9743
559	22.1424
560	17.8528
561	20.2691
562	17.223
563	20.5437
564	18.0902
565	20.8387
566	15.6956
567	19.3977
568	16.0263
569	20.3194
570	14.8772
571	18.1466
572	14.1785
573	18.3593
574	14.541
575	17.3765
576	14.9998
577	15.5517
578	14.1616
579	13.6175
580	13.8485
581	13.8132
582	15.4556
583	11.7278
584	14.6342
585	11.6188
586	14.2376
587	10.4321
588	12.3284
589	10.4844
590	11.625
591	10.9351
592	10.0571
593	11.8178
594	8.83391
595	10.7625
596	7.97782
597	10.3992
598	8.27503
599	8.35858
600	7.9316
601	7.49875
602	8.92842
603	6.26504
604	7.83266
605	5.88085
606	6.95129
607	5.89815
608	5.71447
609	6.73311
610	4.77147
611	5.82873
612	4.37425
613	5.19925
614	4.71535
615	3.70791
616	4.34865
617	3.21764
618	4.3036
619	3.1026
620	3.38007
621	3.30229
622	2.7154
623	3.26832
624	2.20415
625	2.74503
626	2.50346
627	1.99897
628	2.42221
629	1.75532
630	2.13799
631	1.85042
632	1.41614
633	1.85308
634	1.25834
635	1.37697
636	1.3196
637	1.04569
638	1.33508
639	0.928064
640	0.980572
641	1.0957
642	0.690314
643	0.870013
644	0.762702
645	0.620504
646	0.748268
647	0.499453
648	0.552514
649	0.594205
650	0.384104
651	0.499506
652	0.439747
653	0.316757
654	0.422195
655	0.325089
656	0.26138
657	0.319644
658	0.209541
659	0.242068
660	0.274623
661	0.165399
662	0.194195
663	0.206197
664	0.128008
665	0.157411
666	0.158528
667	0.102083
668	0.125703
669	0.122538
670	0.0814305
671	0.0960205
672	0.088173
673	0.0649106
674	0.0822365
675	0.0744724
676	0.048933
677	0.0617358
678	0.0604179
679	0.0374789
680	0.0471313
681	0.0499603
682	0.0297666
683	0.036859
684	0.0467525
685	0.0273741
686	0.0254582
687	0.0377754
688	0.026741
689	0.0197145
690	0.0290571
691	0.0260425
692	0.0162218
693	0.0216068
694	0.0269349
695	0.0160558
696	0.0153774
697	0.0249467
698	0.0195011
699	0.0125335
700	0.0181686
701	0.0218182
702	0.0135853
703	0.0140082
704	0.0231565
705	0.0192786
706	0.0129842
707	0.0186176
708	0.0273038
709	0.0178865
710	0.013854
711	0.0237391
712	0.0302448
713	0.0187884
714	0.0165281
715	0.0261976
716	0.0311112
717	0.0203236
718	0.0188628
719	0.027617
720	0.0361038
721	0.0255249
722	0.0178238
723	0.0243953
724	0.0385967
725	0.0290567
726	0.0173872
727	0.0194113
728	0.0301424
729	0.0303258
730	0.0181169
731	0.012915
732	0.01521
733	0.0237959
734	0.0197082
735	0.00958309
# iterates cost: 78.9056
