# Reading DATA...
# Reading Matrix Successfully!
PARALLEL_MRSM
0	1.95938e+16
1	1.60171e+15
2	4.02073e+14
3	1.63477e+14
4	8.19958e+13
5	4.73349e+13
6	2.98929e+13
7	2.02011e+13
8	1.43388e+13
9	1.05879e+13
10	8.06222e+12
11	6.29922e+12
12	5.02603e+12
13	4.08329e+12
14	3.36812e+12
15	2.81555e+12
16	2.38079e+12
17	2.03391e+12
18	1.75323e+12
19	1.52359e+12
20	1.3336e+12
21	1.175e+12
22	1.04139e+12
23	9.28001e+11
24	8.31044e+11
25	7.47623e+11
26	6.75388e+11
27	6.1251e+11
28	5.57477e+11
29	5.09093e+11
30	4.66352e+11
31	4.28449e+11
32	3.94696e+11
33	3.64536e+11
34	3.37488e+11
35	3.13157e+11
36	2.91199e+11
37	2.71329e+11
38	2.53297e+11
39	2.36893e+11
40	2.21932e+11
41	2.08255e+11
42	1.95725e+11
43	1.84221e+11
44	1.73638e+11
45	1.63884e+11
46	1.54877e+11
47	1.46546e+11
48	1.38826e+11
49	1.31663e+11
50	1.25004e+11
51	1.18805e+11
52	1.13027e+11
53	1.07634e+11
54	1.02593e+11
55	9.7875e+10
56	9.34544e+10
57	8.93076e+10
58	8.54129e+10
59	8.17513e+10
60	7.83049e+10
61	7.5058e+10
62	7.19959e+10
63	6.91054e+10
64	6.63742e+10
65	6.37914e+10
66	6.13467e+10
67	5.90309e+10
68	5.68352e+10
69	5.47519e+10
70	5.27736e+10
71	5.08937e+10
72	4.91059e+10
73	4.74047e+10
74	4.57845e+10
75	4.42407e+10
76	4.27686e+10
77	4.13639e+10
78	4.00229e+10
79	3.87418e+10
80	3.75172e+10
81	3.6346e+10
82	3.52252e+10
83	3.41521e+10
84	3.31241e+10
85	3.21389e+10
86	3.1194e+10
87	3.02875e+10
88	2.94174e+10
89	2.85818e+10
90	2.7779e+10
91	2.70073e+10
92	2.62653e+10
93	2.55514e+10
94	2.48643e+10
95	2.42028e+10
96	2.35656e+10
97	2.29516e+10
98	2.23597e+10
99	2.17889e+10
100	2.12383e+10
101	2.07069e+10
102	2.01939e+10
103	1.96986e+10
104	1.922e+10
105	1.87575e+10
106	1.83104e+10
107	1.78781e+10
108	1.74599e+10
109	1.70552e+10
110	1.66636e+10
111	1.62844e+10
112	1.59171e+10
113	1.55613e+10
114	1.52166e+10
115	1.48824e+10
116	1.45584e+10
117	1.42442e+10
118	1.39393e+10
119	1.36436e+10
120	1.33565e+10
121	1.30778e+10
122	1.28071e+10
123	1.25442e+10
124	1.22888e+10
125	1.20407e+10
126	1.17994e+10
127	1.15649e+10
128	1.13369e+10
129	1.1115e+10
130	1.08992e+10
131	1.06893e+10
132	1.04849e+10
133	1.02859e+10
134	1.00922e+10
135	9.90359e+09
136	9.71984e+09
137	9.54082e+09
138	9.36638e+09
139	9.19638e+09
140	9.03065e+09
141	8.86907e+09
142	8.71151e+09
143	8.55784e+09
144	8.40793e+09
145	8.26166e+09
146	8.11894e+09
147	7.97963e+09
148	7.84365e+09
149	7.71089e+09
150	7.58125e+09
151	7.45464e+09
152	7.33096e+09
153	7.21014e+09
154	7.09208e+09
155	6.97671e+09
156	6.86395e+09
157	6.75372e+09
158	6.64595e+09
159	6.54058e+09
160	6.43752e+09
161	6.33672e+09
162	6.23812e+09
163	6.14165e+09
164	6.04725e+09
165	5.95487e+09
166	5.86445e+09
167	5.77594e+09
168	5.68929e+09
169	5.60445e+09
170	5.52136e+09
171	5.43999e+09
172	5.36028e+09
173	5.2822e+09
174	5.2057e+09
175	5.13074e+09
176	5.05729e+09
177	4.98529e+09
178	4.91472e+09
179	4.84554e+09
180	4.77771e+09
181	4.71121e+09
182	4.64599e+09
183	4.58203e+09
184	4.51929e+09
185	4.45775e+09
186	4.39737e+09
187	4.33813e+09
188	4.28e+09
189	4.22295e+09
190	4.16697e+09
191	4.11201e+09
192	4.05806e+09
193	4.0051e+09
194	3.95309e+09
195	3.90203e+09
196	3.85189e+09
197	3.80264e+09
198	3.75426e+09
199	3.70675e+09
200	3.66007e+09
201	3.6142e+09
202	3.56914e+09
203	3.52486e+09
204	3.48134e+09
205	3.43857e+09
206	3.39653e+09
207	3.35521e+09
208	3.31458e+09
209	3.27464e+09
210	3.23537e+09
211	3.19675e+09
212	3.15878e+09
213	3.12143e+09
214	3.0847e+09
215	3.04857e+09
216	3.01302e+09
217	2.97806e+09
218	2.94365e+09
219	2.9098e+09
220	2.87649e+09
221	2.84372e+09
222	2.81146e+09
223	2.77971e+09
224	2.74846e+09
225	2.7177e+09
226	2.68741e+09
227	2.6576e+09
228	2.62824e+09
229	2.59934e+09
230	2.57088e+09
231	2.54285e+09
232	2.51525e+09
233	2.48806e+09
234	2.46129e+09
235	2.43491e+09
236	2.40893e+09
237	2.38333e+09
238	2.35811e+09
239	2.33326e+09
240	2.30878e+09
241	2.28465e+09
242	2.26087e+09
243	2.23744e+09
244	2.21435e+09
245	2.19158e+09
246	2.16914e+09
247	2.14703e+09
248	2.12522e+09
249	2.10372e+09
250	2.08253e+09
251	2.06163e+09
252	2.04102e+09
253	2.0207e+09
254	2.00067e+09
255	1.9809e+09
256	1.96141e+09
257	1.94219e+09
258	1.92322e+09
259	1.90452e+09
260	1.88607e+09
261	1.86786e+09
262	1.8499e+09
263	1.83218e+09
264	1.8147e+09
265	1.79745e+09
266	1.78042e+09
267	1.76362e+09
268	1.74704e+09
269	1.73068e+09
270	1.71453e+09
271	1.69859e+09
272	1.68285e+09
273	1.66732e+09
274	1.65199e+09
275	1.63685e+09
276	1.62191e+09
277	1.60715e+09
278	1.59259e+09
279	1.5782e+09
280	1.564e+09
281	1.54997e+09
282	1.53612e+09
283	1.52244e+09
284	1.50893e+09
285	1.49558e+09
286	1.4824e+09
287	1.46938e+09
288	1.45652e+09
289	1.44382e+09
290	1.43127e+09
291	1.41887e+09
292	1.40662e+09
293	1.39452e+09
294	1.38256e+09
295	1.37075e+09
296	1.35907e+09
297	1.34753e+09
298	1.33613e+09
299	1.32486e+09
300	1.31373e+09
301	1.30272e+09
302	1.29185e+09
303	1.28109e+09
304	1.27047e+09
305	1.25996e+09
306	1.24958e+09
307	1.23931e+09
308	1.22917e+09
309	1.21913e+09
310	1.20921e+09
311	1.19941e+09
312	1.18971e+09
313	1.18012e+09
314	1.17064e+09
315	1.16126e+09
316	1.15199e+09
317	1.14283e+09
318	1.13376e+09
319	1.12479e+09
320	1.11592e+09
321	1.10715e+09
322	1.09847e+09
323	1.08989e+09
324	1.0814e+09
325	1.07301e+09
326	1.0647e+09
327	1.05648e+09
328	1.04835e+09
329	1.04031e+09
330	1.03235e+09
331	1.02448e+09
332	1.01669e+09
333	1.00898e+09
334	1.00136e+09
335	9.9381e+08
336	9.86343e+08
337	9.78953e+08
338	9.7164e+08
339	9.64403e+08
340	9.5724e+08
341	9.50151e+08
342	9.43135e+08
343	9.36191e+08
344	9.29318e+08
345	9.22514e+08
346	9.1578e+08
347	9.09114e+08
348	9.02515e+08
349	8.95982e+08
350	8.89515e+08
351	8.83113e+08
352	8.76774e+08
353	8.70499e+08
354	8.64286e+08
355	8.58134e+08
356	8.52043e+08
357	8.46011e+08
358	8.40039e+08
359	8.34126e+08
360	8.2827e+08
361	8.22471e+08
362	8.16728e+08
363	8.1104e+08
364	8.05408e+08
365	7.9983e+08
366	7.94305e+08
367	7.88833e+08
368	7.83413e+08
369	7.78045e+08
370	7.72728e+08
371	7.67461e+08
372	7.62243e+08
373	7.57075e+08
374	7.51956e+08
375	7.46884e+08
376	7.4186e+08
377	7.36882e+08
378	7.31951e+08
379	7.27065e+08
380	7.22224e+08
381	7.17428e+08
382	7.12676e+08
383	7.07968e+08
384	7.03303e+08
385	6.9868e+08
386	6.94099e+08
387	6.8956e+08
388	6.85062e+08
389	6.80604e+08
390	6.76187e+08
391	6.71809e+08
392	6.67471e+08
393	6.63171e+08
394	6.58909e+08
395	6.54686e+08
396	6.505e+08
397	6.4635e+08
398	6.42238e+08
399	6.38161e+08
400	6.34121e+08
401	6.30116e+08
402	6.26145e+08
403	6.2221e+08
404	6.18308e+08
405	6.1444e+08
406	6.10606e+08
407	6.06805e+08
408	6.03036e+08
409	5.993e+08
410	5.95596e+08
411	5.91923e+08
412	5.88282e+08
413	5.84672e+08
414	5.81092e+08
415	5.77543e+08
416	5.74023e+08
417	5.70534e+08
418	5.67073e+08
419	5.63641e+08
420	5.60239e+08
421	5.56864e+08
422	5.53518e+08
423	5.50199e+08
424	5.46908e+08
425	5.43644e+08
426	5.40407e+08
427	5.37196e+08
428	5.34012e+08
429	5.30854e+08
430	5.27722e+08
431	5.24615e+08
432	5.21533e+08
433	5.18477e+08
434	5.15445e+08
435	5.12437e+08
436	5.09454e+08
437	5.06495e+08
438	5.03559e+08
439	5.00647e+08
440	4.97759e+08
441	4.94893e+08
442	4.9205e+08
443	4.89229e+08
444	4.86431e+08
445	4.83655e+08
446	4.809e+08
447	4.78168e+08
448	4.75456e+08
449	4.72766e+08
450	4.70097e+08
451	4.67449e+08
452	4.64821e+08
453	4.62214e+08
454	4.59626e+08
455	4.57059e+08
456	4.54512e+08
457	4.51984e+08
458	4.49475e+08
459	4.46986e+08
460	4.44515e+08
461	4.42064e+08
462	4.39631e+08
463	4.37216e+08
464	4.3482e+08
465	4.32442e+08
466	4.30082e+08
467	4.27739e+08
468	4.25414e+08
469	4.23107e+08
470	4.20817e+08
471	4.18543e+08
472	4.16287e+08
473	4.14048e+08
474	4.11825e+08
475	4.09618e+08
476	4.07428e+08
477	4.05254e+08
478	4.03095e+08
479	4.00953e+08
480	3.98826e+08
481	3.96715e+08
482	3.94619e+08
483	3.92539e+08
484	3.90473e+08
485	3.88423e+08
486	3.86387e+08
487	3.84366e+08
488	3.8236e+08
489	3.80367e+08
490	3.7839e+08
491	3.76426e+08
492	3.74476e+08
493	3.72541e+08
494	3.70618e+08
495	3.6871e+08
496	3.66815e+08
497	3.64934e+08
498	3.63065e+08
499	3.6121e+08
500	3.59368e+08
501	3.57539e+08
502	3.55723e+08
503	3.53919e+08
504	3.52128e+08
505	3.50349e+08
506	3.48583e+08
507	3.46829e+08
508	3.45087e+08
509	3.43357e+08
510	3.41639e+08
511	3.39933e+08
512	3.38238e+08
513	3.36555e+08
514	3.34884e+08
515	3.33224e+08
516	3.31575e+08
517	3.29938e+08
518	3.28311e+08
519	3.26696e+08
520	3.25091e+08
521	3.23497e+08
522	3.21914e+08
523	3.20342e+08
524	3.1878e+08
525	3.17229e+08
526	3.15688e+08
527	3.14157e+08
528	3.12636e+08
529	3.11126e+08
530	3.09625e+08
531	3.08135e+08
532	3.06654e+08
533	3.05183e+08
534	3.03722e+08
535	3.0227e+08
536	3.00828e+08
537	2.99395e+08
538	2.97972e+08
539	2.96558e+08
540	2.95153e+08
541	2.93757e+08
542	2.9237e+08
543	2.90992e+08
544	2.89623e+08
545	2.88263e+08
546	2.86912e+08
547	2.85569e+08
548	2.84235e+08
549	2.8291e+08
550	2.81593e+08
551	2.80284e+08
552	2.78984e+08
553	2.77692e+08
554	2.76408e+08
555	2.75132e+08
556	2.73864e+08
557	2.72605e+08
558	2.71353e+08
559	2.70109e+08
560	2.68873e+08
561	2.67644e+08
562	2.66424e+08
563	2.65211e+08
564	2.64005e+08
565	2.62807e+08
566	2.61617e+08
567	2.60433e+08
568	2.59257e+08
569	2.58089e+08
570	2.56927e+08
571	2.55773e+08
572	2.54626e+08
573	2.53486e+08
574	2.52352e+08
575	2.51226e+08
576	2.50107e+08
577	2.48994e+08
578	2.47888e+08
579	2.46789e+08
580	2.45697e+08
581	2.44611e+08
582	2.43532e+08
583	2.42459e+08
584	2.41393e+08
585	2.40333e+08
586	2.39279e+08
587	2.38232e+08
588	2.37191e+08
589	2.36156e+08
590	2.35127e+08
591	2.34105e+08
592	2.33088e+08
593	2.32078e+08
594	2.31073e+08
595	2.30075e+08
596	2.29082e+08
597	2.28095e+08
598	2.27114e+08
599	2.26139e+08
600	2.2517e+08
601	2.24206e+08
602	2.23248e+08
603	2.22295e+08
604	2.21348e+08
605	2.20406e+08
606	2.1947e+08
607	2.18539e+08
608	2.17614e+08
609	2.16694e+08
610	2.15779e+08
611	2.1487e+08
612	2.13966e+08
613	2.13067e+08
614	2.12173e+08
615	2.11284e+08
616	2.104e+08
617	2.09521e+08
618	2.08648e+08
619	2.07779e+08
620	2.06915e+08
621	2.06056e+08
622	2.05202e+08
623	2.04353e+08
624	2.03509e+08
625	2.02669e+08
626	2.01834e+08
627	2.01004e+08
628	2.00178e+08
629	1.99357e+08
630	1.9854e+08
631	1.97728e+08
632	1.96921e+08
633	1.96118e+08
634	1.9532e+08
635	1.94526e+08
636	1.93736e+08
637	1.92951e+08
638	1.9217e+08
639	1.91393e+08
640	1.90621e+08
641	1.89852e+08
642	1.89088e+08
643	1.88329e+08
644	1.87573e+08
645	1.86822e+08
646	1.86074e+08
647	1.85331e+08
648	1.84591e+08
649	1.83856e+08
650	1.83125e+08
651	1.82397e+08
652	1.81674e+08
653	1.80954e+08
654	1.80239e+08
655	1.79527e+08
656	1.78819e+08
657	1.78114e+08
658	1.77414e+08
659	1.76717e+08
660	1.76024e+08
661	1.75335e+08
662	1.74649e+08
663	1.73967e+08
664	1.73288e+08
665	1.72614e+08
666	1.71942e+08
667	1.71275e+08
668	1.7061e+08
669	1.6995e+08
670	1.69292e+08
671	1.68638e+08
672	1.67988e+08
673	1.67341e+08
674	1.66697e+08
675	1.66057e+08
676	1.6542e+08
677	1.64786e+08
678	1.64156e+08
679	1.63529e+08
680	1.62905e+08
681	1.62285e+08
682	1.61667e+08
683	1.61053e+08
684	1.60442e+08
685	1.59834e+08
686	1.59229e+08
687	1.58627e+08
688	1.58029e+08
689	1.57433e+08
690	1.56841e+08
691	1.56251e+08
692	1.55664e+08
693	1.55081e+08
694	1.545e+08
695	1.53923e+08
696	1.53348e+08
697	1.52776e+08
698	1.52207e+08
699	1.51641e+08
700	1.51078e+08
701	1.50517e+08
702	1.4996e+08
703	1.49405e+08
704	1.48853e+08
705	1.48304e+08
706	1.47757e+08
707	1.47213e+08
708	1.46672e+08
709	1.46134e+08
710	1.45598e+08
711	1.45065e+08
712	1.44534e+08
713	1.44006e+08
714	1.43481e+08
715	1.42959e+08
716	1.42438e+08
717	1.41921e+08
718	1.41406e+08
719	1.40893e+08
720	1.40383e+08
721	1.39876e+08
722	1.39371e+08
723	1.38868e+08
724	1.38368e+08
725	1.37871e+08
726	1.37375e+08
727	1.36882e+08
728	1.36392e+08
729	1.35904e+08
730	1.35418e+08
731	1.34935e+08
732	1.34454e+08
733	1.33975e+08
734	1.33498e+08
735	1.33024e+08
736	1.32552e+08
737	1.32082e+08
738	1.31615e+08
739	1.3115e+08
740	1.30687e+08
741	1.30226e+08
742	1.29767e+08
743	1.29311e+08
744	1.28857e+08
745	1.28405e+08
746	1.27955e+08
747	1.27507e+08
748	1.27061e+08
749	1.26617e+08
750	1.26176e+08
751	1.25736e+08
752	1.25299e+08
753	1.24863e+08
754	1.2443e+08
755	1.23999e+08
756	1.23569e+08
757	1.23142e+08
758	1.22717e+08
759	1.22293e+08
760	1.21872e+08
761	1.21452e+08
762	1.21035e+08
763	1.20619e+08
764	1.20206e+08
765	1.19794e+08
766	1.19384e+08
767	1.18976e+08
768	1.1857e+08
769	1.18166e+08
770	1.17763e+08
771	1.17363e+08
772	1.16964e+08
773	1.16567e+08
774	1.16172e+08
775	1.15779e+08
776	1.15387e+08
777	1.14997e+08
778	1.14609e+08
779	1.14223e+08
780	1.13839e+08
781	1.13456e+08
782	1.13075e+08
783	1.12696e+08
784	1.12318e+08
785	1.11942e+08
786	1.11568e+08
787	1.11195e+08
788	1.10824e+08
789	1.10455e+08
790	1.10088e+08
791	1.09722e+08
792	1.09358e+08
793	1.08995e+08
794	1.08634e+08
795	1.08274e+08
796	1.07916e+08
797	1.0756e+08
798	1.07205e+08
799	1.06852e+08
800	1.06501e+08
801	1.06151e+08
802	1.05802e+08
803	1.05455e+08
804	1.0511e+08
805	1.04766e+08
806	1.04423e+08
807	1.04082e+08
808	1.03743e+08
809	1.03405e+08
810	1.03069e+08
811	1.02734e+08
812	1.024e+08
813	1.02068e+08
814	1.01737e+08
815	1.01408e+08
816	1.0108e+08
817	1.00754e+08
818	1.00429e+08
819	1.00105e+08
820	9.9783e+07
821	9.94622e+07
822	9.91427e+07
823	9.88247e+07
824	9.8508e+07
825	9.81926e+07
826	9.78786e+07
827	9.75659e+07
828	9.72546e+07
829	9.69446e+07
830	9.66359e+07
831	9.63285e+07
832	9.60225e+07
833	9.57177e+07
834	9.54142e+07
835	9.5112e+07
836	9.48111e+07
837	9.45115e+07
838	9.42131e+07
839	9.3916e+07
840	9.36201e+07
841	9.33254e+07
842	9.3032e+07
843	9.27399e+07
844	9.24489e+07
845	9.21592e+07
846	9.18706e+07
847	9.15833e+07
848	9.12972e+07
849	9.10123e+07
850	9.07285e+07
851	9.0446e+07
852	9.01646e+07
853	8.98843e+07
854	8.96053e+07
855	8.93273e+07
856	8.90506e+07
857	8.87749e+07
858	8.85004e+07
859	8.82271e+07
860	8.79548e+07
861	8.76837e+07
862	8.74137e+07
863	8.71448e+07
864	8.6877e+07
865	8.66103e+07
866	8.63446e+07
867	8.60801e+07
868	8.58166e+07
869	8.55543e+07
870	8.52929e+07
871	8.50327e+07
872	8.47735e+07
873	8.45153e+07
874	8.42582e+07
875	8.40021e+07
876	8.37471e+07
877	8.34931e+07
878	8.32401e+07
879	8.29881e+07
880	8.27371e+07
881	8.24872e+07
882	8.22383e+07
883	8.19903e+07
884	8.17433e+07
885	8.14974e+07
886	8.12524e+07
887	8.10084e+07
888	8.07653e+07
889	8.05233e+07
890	8.02822e+07
891	8.0042e+07
892	7.98028e+07
893	7.95645e+07
894	7.93272e+07
895	7.90909e+07
896	7.88554e+07
897	7.86209e+07
898	7.83873e+07
899	7.81547e+07
900	7.79229e+07
901	7.76921e+07
902	7.74622e+07
903	7.72331e+07
904	7.7005e+07
905	7.67778e+07
906	7.65514e+07
907	7.63259e+07
908	7.61013e+07
909	7.58776e+07
910	7.56548e+07
911	7.54328e+07
912	7.52117e+07
913	7.49914e+07
914	7.4772e+07
915	7.45535e+07
916	7.43358e+07
917	7.41189e+07
918	7.39029e+07
919	7.36877e+07
920	7.34733e+07
921	7.32597e+07
922	7.3047e+07
923	7.28351e+07
924	7.2624e+07
925	7.24137e+07
926	7.22042e+07
927	7.19955e+07
928	7.17877e+07
929	7.15806e+07
930	7.13743e+07
931	7.11687e+07
932	7.0964e+07
933	7.076e+07
934	7.05569e+07
935	7.03544e+07
936	7.01528e+07
937	6.99519e+07
938	6.97518e+07
939	6.95524e+07
940	6.93538e+07
941	6.91559e+07
942	6.89588e+07
943	6.87624e+07
944	6.85668e+07
945	6.83719e+07
946	6.81777e+07
947	6.79842e+07
948	6.77915e+07
949	6.75995e+07
950	6.74082e+07
951	6.72176e+07
952	6.70277e+07
953	6.68386e+07
954	6.66501e+07
955	6.64623e+07
956	6.62753e+07
957	6.60889e+07
958	6.59032e+07
959	6.57182e+07
960	6.55339e+07
961	6.53503e+07
962	6.51674e+07
963	6.49851e+07
964	6.48035e+07
965	6.46225e+07
966	6.44423e+07
967	6.42627e+07
968	6.40837e+07
969	6.39054e+07
970	6.37278e+07
971	6.35508e+07
972	6.33744e+07
973	6.31987e+07
974	6.30237e+07
975	6.28492e+07
976	6.26754e+07
977	6.25023e+07
978	6.23297e+07
979	6.21578e+07
980	6.19866e+07
981	6.18159e+07
982	6.16459e+07
983	6.14764e+07
984	6.13076e+07
985	6.11394e+07
986	6.09718e+07
987	6.08048e+07
988	6.06384e+07
989	6.04726e+07
990	6.03074e+07
991	6.01428e+07
992	5.99787e+07
993	5.98153e+07
994	5.96525e+07
995	5.94902e+07
996	5.93285e+07
997	5.91674e+07
998	5.90068e+07
999	5.88469e+07
1000	5.86875e+07
# iterates cost: 620.126
