# Reading DATA...
# Reading Matrix Successfully!
PARALLEL_MDMRM
0	1.60282e+17
1	1.16764e+16
2	2.56226e+15
3	8.91232e+14
4	3.71857e+14
5	1.71584e+14
6	8.13149e+13
7	3.66704e+13
8	1.30126e+13
9	2.69436e+10
10	2.69379e+10
11	7.68946e+09
12	7.63618e+09
13	5.67446e+09
14	5.6662e+09
15	5.66259e+09
16	1.12365e+09
17	1.11545e+09
18	1.11252e+09
19	9.30521e+08
20	9.29394e+08
21	9.12661e+08
22	9.11969e+08
23	9.11344e+08
24	9.10116e+08
25	1.32923e+07
26	1.25546e+07
27	1.01658e+07
28	1.00287e+07
29	9.94516e+06
30	9.85549e+06
31	9.82113e+06
32	5.99963e+06
33	5.95708e+06
34	5.93876e+06
35	3.25531e+06
36	3.23868e+06
37	232015
38	205156
39	198263
40	192512
41	187629
42	174089
43	170371
44	111903
45	111802
46	111781
47	102468
48	102431
49	102328
50	102311
51	102296
52	1992.39
53	1759.2
54	1755.29
55	1752.46
56	1748.32
57	1743.56
58	1740.94
59	711.943
60	36.8002
61	35.3325
62	34.1813
63	34.0074
64	33.65
65	33.6301
66	33.613
67	33.5341
68	33.5307
69	33.5272
70	33.5237
71	33.5203
72	33.5164
73	33.513
74	33.5097
75	33.5063
76	8.57093
77	8.51583
78	4.60094
79	4.58896
80	4.58414
81	4.58133
82	0.598349
83	0.595365
84	0.593704
85	0.583626
86	0.583206
87	0.582967
88	0.582786
89	0.267133
90	0.266388
91	0.266081
92	0.263433
93	0.263305
94	0.263212
95	0.263105
96	0.263024
97	0.262961
98	0.0142983
99	0.0140199
100	0.0116379
101	0.0115665
102	0.0113969
103	0.0113846
104	0.00220187
#	0
# iterats cost: 19.9423
# 4.6226	2.89743	3.89885	2.89385	3.48903	0.321974
