# Reading DATA...
# Reading Matrix Successfully!
# Initialize b...
# Initialize b sucessfully!
BICG
0	1.25e+12
1	537.581	
2	3068.52	
3	2.17132e+07	
4	1.86955e+07	
5	1.64472e+06	
6	217927	
7	53068.9	
8	41640.9	
9	55124.2	
10	37371.9	
11	15800.6	
12	10012.3	
13	9857.79	
14	12072.5	
15	4839.77	
16	2878.54	
17	3477.37	
18	6505.9	
19	7510.47	
20	7480.61	
21	12739.5	
22	24222.7	
23	16779.9	
24	15430	
25	12797.6	
26	13035.8	
27	18163.9	
28	14681.6	
29	18688.9	
30	34075.2	
31	69021.1	
32	164100	
33	311144	
34	621364	
35	837660	
36	1.35543e+06	
37	1.66185e+06	
38	2.22812e+06	
39	3.70781e+06	
40	4.48392e+06	
41	5.12842e+06	
42	4.73394e+06	
43	4.90547e+06	
44	3.89861e+06	
45	2.92266e+06	
46	1.56009e+06	
47	1.18749e+06	
48	661632	
49	459478	
50	558585	
51	786474	
52	795997	
53	941710	
54	1.26392e+06	
55	1.49543e+06	
56	2.05926e+06	
57	2.42355e+06	
58	2.72474e+06	
59	2.2888e+06	
60	2.47228e+06	
61	2.59847e+06	
62	2.78676e+06	
63	2.15617e+06	
64	1.44036e+06	
65	557211	
66	301741	
67	228018	
68	207919	
69	276208	
70	330282	
71	175926	
72	67033.7	
73	43165.7	
74	28702.9	
75	8513.73	
76	6070.06	
77	8577.49	
78	4350.15	
79	2495.74	
80	4178.88	
81	9199.98	
82	13581.9	
83	37429.8	
84	140348	
85	334036	
86	1.02725e+06	
87	3.28526e+06	
88	3.55987e+06	
89	7.50654e+06	
90	1.30036e+07	
91	2.14856e+07	
92	1.01459e+07	
93	5.35365e+06	
94	2.49918e+06	
95	1.72649e+06	
96	516649	
97	174704	
98	139710	
99	90536.5	
100	14167.3	
101	4887.39	
102	2932.04	
103	2642.94	
104	3763.01	
105	4101.34	
106	8325.1	
107	51824.7	
108	245810	
109	420515	
110	850245	
111	1.52531e+07	
112	4.40547e+07	
113	2.56041e+07	
114	7.88751e+06	
115	2.93513e+06	
116	589319	
117	371611	
118	141969	
119	24117.2	
120	8539.52	
121	5733.08	
122	2894.7	
123	1289.87	
124	2188.45	
125	4112.41	
126	15847.9	
127	73467.5	
128	274195	
129	398670	
130	1.69789e+06	
131	4.61672e+07	
132	2.48209e+09	
133	1.11857e+08	
134	9.70224e+06	
135	1.04782e+06	
136	82442.7	
137	3571.45	
138	3876.19	
139	2937.29	
140	208.64	
141	402.259	
142	1971.03	
143	3491.79	
144	15033.8	
145	129030	
146	655941	
147	890968	
148	1.43295e+06	
149	986684	
150	159984	
151	130335	
152	41572.6	
153	66613.5	
154	241398	
155	47113.4	
156	23394.8	
157	12828.7	
158	3417.27	
159	4689.84	
160	12581.6	
161	1375.35	
162	506.036	
163	724.905	
164	122.338	
165	199.899	
166	6857.36	
167	302700	
168	406.055	
169	609.538	
170	426.429	
171	1022.82	
172	4261.12	
173	8163.15	
174	7208.5	
175	2756.55	
176	21020.7	
177	470087	
178	444137	
179	92239.9	
180	52628.8	
181	14052.2	
182	5410.48	
183	2639.17	
184	6531.47	
185	30178.1	
186	14200.4	
187	251627	
188	129315	
189	129742	
190	57265.5	
191	31817.7	
192	38326	
193	1.61349e+06	
194	57963.9	
195	231351	
196	4.69052e+06	
197	14850.6	
198	11056.7	
199	19575.1	
200	145.392	
201	61.6033	
202	27.7307	
203	52.9979	
204	105.846	
205	324.864	
206	700.471	
207	1033.33	
208	1175.87	
209	6183.19	
210	24325.4	
211	74914.9	
212	192143	
213	41643.9	
214	33857.3	
215	103311	
216	27002.8	
217	9544.56	
218	604.014	
219	122.562	
220	28.9308	
221	17.2607	
222	9.04793	
223	10.9278	
224	9.16751	
225	36.5104	
226	32.249	
227	60.8196	
228	146.172	
229	1229.88	
230	7278.33	
231	5684.5	
232	7050.48	
233	3.02187e+07	
234	1.04362e+06	
235	1.42825e+06	
236	251309	
237	7204.08	
238	327.434	
239	39.8219	
240	18.2338	
241	24.2882	
242	6.3437	
243	4.71412	
244	5.15168	
245	9.20203	
246	22.0751	
247	213.985	
248	961.166	
249	7309.04	
250	14291.6	
251	15501.4	
252	17049.8	
253	9841.25	
254	7439.43	
255	2637	
256	1220.62	
257	346.516	
258	195.248	
259	31.0259	
260	6.12383	
261	1.59933	
262	8.80269	
263	13.9448	
264	53.409	
265	89.8839	
266	98.088	
267	788.794	
268	1492.01	
269	156.584	
270	336.002	
271	21919.3	
272	14455.3	
273	7951.01	
274	591.288	
275	682.064	
276	287.058	
277	975.706	
278	1987.75	
279	1673.26	
280	8251.91	
281	13325.8	
282	1504	
283	380.052	
284	5782.09	
285	5606.17	
286	1340.81	
287	14827.8	
288	20006.3	
289	100.69	
290	88.1967	
291	22.5941	
292	25.4813	
293	44.4281	
294	6.75823	
295	0.764809	
296	0.776678	
297	8.17028	
298	8.06618	
299	16.4298	
300	347.281	
301	1955.02	
302	2299.74	
303	3880.39	
304	17295.6	
305	7426.45	
306	911.482	
307	340.885	
308	278.694	
309	2093.19	
310	878.384	
311	38.6174	
312	121.799	
313	1072.68	
314	454.649	
315	4618.15	
316	13755.1	
317	2205.46	
318	1818.73	
319	4741.32	
320	15.4218	
321	163.784	
322	53.9873	
323	3.39382	
324	17.5242	
325	7.22169	
326	37.2614	
327	11.3419	
328	39.1821	
329	865.282	
330	1003.76	
331	5264.3	
332	33141.5	
333	5932.98	
334	38869.2	
335	130703	
336	312218	
337	97787.4	
338	60772.9	
339	374518	
340	24229.8	
341	292.177	
342	2884.34	
343	14984.1	
344	3755.04	
345	9.24576	
346	174.896	
347	121.363	
348	1.82144	
349	35.0015	
350	517.641	
351	477.63	
352	899.524	
353	107.679	
354	1235.54	
355	4421.39	
356	14748.5	
357	5163.71	
358	2723.71	
359	2178.14	
360	1091.1	
361	9602.39	
362	7023.53	
363	43.8726	
364	27.552	
365	6.37283	
366	0.920828	
367	1.05091	
368	0.794449	
369	0.883607	
370	8.12489	
371	19.6224	
372	120.984	
373	2432.4	
374	14311.8	
375	16688.1	
376	1327.17	
377	19274.3	
378	2115.25	
379	1696.84	
380	157.524	
381	96.0857	
382	35.9278	
383	20.8283	
384	16.7642	
385	70.4313	
386	259.749	
387	358.424	
388	34.1376	
389	24.8999	
390	4.56411	
391	1.21479	
392	3.91844	
393	5.96877	
394	22.7467	
395	1.66074	
396	1.86084	
397	0.47348	
398	1.82051	
399	4.58181	
400	12.3046	
401	29.4664	
402	99.1501	
403	559.302	
404	786.898	
405	950.411	
406	1628.64	
407	1339.69	
408	2346.72	
409	12850.1	
410	4525.57	
411	21419.8	
412	2523.87	
413	31555.1	
414	649049	
415	13502.6	
416	587.979	
417	5726.58	
418	3090.06	
419	214.981	
420	3.18042	
421	0.464641	
422	8.3265	
423	4.06932	
424	32.7002	
425	94.7115	
426	177.397	
427	533.101	
428	1777.05	
429	3379.51	
430	2903.66	
431	5309.15	
432	247.382	
433	121.411	
434	171.037	
435	26.6469	
436	49.6077	
437	137.003	
438	41.3098	
439	44.9802	
440	62.9019	
441	22.1507	
442	62.6346	
443	1374.44	
444	334.525	
445	4383.69	
446	5314.87	
447	14.1823	
448	6.73984	
449	5.28397	
450	0.168927	
451	0.159492	
452	0.386607	
453	0.639725	
454	2.10425	
455	15.8835	
456	35.521	
457	504.07	
458	873.513	
459	617.287	
460	343.416	
461	811.468	
462	237.119	
463	95.4089	
464	51.1379	
465	57.4724	
466	44.8788	
467	16.9103	
468	199.962	
469	0.309877	
470	0.084288	
471	1.41675	
472	12.9195	
473	17.8361	
474	66.6436	
475	1.16734	
476	4.30197	
477	10.2225	
478	63.2767	
479	2979.44	
480	121030	
481	24387	
482	49420.2	
483	533.151	
484	657.683	
485	739.724	
486	283.27	
487	81.875	
488	55.2764	
489	17.2297	
490	5.47188	
491	3.01512	
492	6.42656	
493	0.174409	
494	0.870707	
495	9.29257	
496	0.347749	
497	1.1037	
498	4.54863	
499	2.92406	
500	12.9383	
501	11.806	
502	13.5496	
503	6.19314	
504	61.734	
505	30.3191	
506	12.8662	
507	629.326	
508	232.312	
509	168.976	
510	101.295	
511	76.8199	
512	89.0361	
513	125.068	
514	45.1935	
515	55.1191	
516	12.1751	
517	17.6591	
518	10.7921	
519	4.01574	
520	1.92285	
521	0.638812	
522	0.532038	
523	0.418622	
524	0.456246	
525	6.78371	
526	0.128913	
527	0.14018	
528	0.200281	
529	0.532252	
530	0.214121	
531	0.758183	
532	6.46198	
533	14.3357	
534	19468.7	
535	268.981	
536	8.68537	
537	66.6102	
538	106.059	
539	3156.58	
540	1746.25	
541	385.021	
542	41.4084	
543	7.10197	
544	2.50885	
545	1.89682	
546	0.717588	
547	0.448698	
548	0.108316	
549	0.0658532	
550	0.01436	
551	0.110051	
552	30.1831	
553	35.7059	
554	39.5675	
555	156.717	
556	143.659	
557	6897.88	
558	316.172	
559	5.43572	
560	0.360541	
561	1.61907	
562	2.85353	
563	9.97835	
564	12.2193	
565	1.58979	
566	9.61432	
567	40.0816	
568	18.7527	
569	14.7898	
570	8.96096	
571	3.09878	
572	0.406474	
573	0.226433	
574	0.0912735	
575	0.0268178	
576	0.0014516	
577	0.00408425	
578	0.00860347	
579	0.00986276	
580	0.0265683	
581	0.0828727	
582	1.21822	
583	2.47042	
584	9.18508	
585	6.2603	
586	266.016	
587	2909.48	
588	98.8807	
589	0.833976	
590	3.41124	
591	0.0323452	
592	0.00415529	
593	0.0107452	
594	0.0070332	
595	0.00624091	
596	0.0116105	
597	0.00102527	
598	0.00326296	
599	0.00193127	
600	0.00275557	
601	0.00400768	
602	0.0235588	
603	0.338737	
604	0.732413	
605	1.70469	
606	3.39511	
607	2.46485	
608	11.0258	
609	0.861867	
610	297.408	
611	16.82	
612	0.036691	
613	0.150665	
614	0.030957	
615	0.00894808	
616	0.00972797	
617	0.00946827	
618	0.00454343	
619	0.00469771	
620	0.00251758	
621	0.00577413	
622	0.0265343	
623	0.0843512	
624	0.0433243	
625	0.0364545	
626	0.0310523	
627	0.03249	
628	0.053978	
629	0.0361444	
630	0.0895169	
631	0.0709793	
632	0.0314298	
633	0.243613	
634	11.62	
635	0.595861	
636	0.0904437	
637	0.0267434	
638	0.0282623	
639	0.0437993	
640	5.65578	
641	1.42832	
642	0.427486	
643	0.64088	
644	1.00059	
645	1.0762	
646	0.950619	
647	0.152264	
648	0.0865689	
649	0.0103229	
650	0.0126648	
651	0.0153313	
652	0.0030535	
653	0.00131326	
654	0.000826562	
655	0.0002966	
656	0.000366324	
657	0.000120325	
658	0.000262718	
659	0.000645763	
660	0.00185843	
661	0.00197994	
662	0.00456215	
663	0.0422189	
664	0.24435	
665	0.182687	
666	0.621658	
667	1.04467	
668	21.6659	
669	0.423903	
670	0.133826	
671	0.00529721	
672	0.00181538	
673	0.0027804	
674	0.0184339	
675	0.0163954	
676	0.000132899	
677	0.000336104	
678	0.000408853	
679	0.00276966	
680	0.00322989	
681	0.00602221	
682	0.0154725	
683	0.109881	
684	0.0200325	
685	0.244479	
686	0.480416	
687	0.0508693	
688	0.0180547	
689	0.00839749	
690	0.00518054	
691	21.7893	
692	0.0439674	
693	0.0475231	
694	0.505358	
695	1.752	
696	1.99647	
697	0.463038	
698	1.6022	
699	0.137958	
700	0.218685	
701	0.0468816	
702	0.0215985	
703	0.00951917	
704	0.00176051	
705	0.000477499	
706	0.00154844	
707	0.00535275	
708	0.0884649	
709	6.24181	
710	4.81097	
711	0.150293	
712	0.572931	
713	3.61942	
714	0.855616	
715	0.0646546	
716	0.0339578	
717	0.0274192	
718	0.0402007	
719	0.917367	
720	1.66426	
721	0.00876191	
722	0.0033566	
723	0.000384056	
724	0.000608816	
725	4.02839e-05	
726	0.000268778	
727	0.0100923	
728	0.00032305	
729	0.00374084	
730	3.72496e-05	
731	7.62137e-05	
732	0.000152623	
733	0.000174164	
734	0.000138237	
735	0.000211552	
736	0.000601762	
737	0.000158875	
738	0.0177347	
739	0.000230537	
740	0.000351206	
741	0.000318052	
742	0.00051453	
743	0.00124131	
744	0.00127069	
745	0.0190879	
746	0.0609244	
747	0.0961769	
748	0.120422	
749	0.0406012	
750	0.0767124	
751	0.0210475	
752	0.0204612	
753	0.00406909	
754	0.0021854	
755	7.51275e-05	
756	0.000554801	
757	0.000697817	
758	0.0780738	
759	3.97799e-06	
760	1.15609e-05	
761	4.2026e-05	
762	0.000107606	
763	9.00665e-05	
764	0.000440226	
765	0.000333098	
766	0.00531574	
767	0.00321377	
768	0.0293338	
769	0.0305138	
770	0.0327953	
771	0.00867324	
772	0.164515	
773	127329	
774	0.794377	
775	0.109862	
776	0.0151851	
777	0.0126425	
778	0.00452709	
779	0.00612817	
780	0.00129551	
781	0.000179023	
782	5.28257e-05	
783	5.8426e-05	
784	3.79913e-05	
785	4.38417e-05	
786	3.92166e-05	
787	9.16823e-05	
788	0.0005839	
789	0.00217702	
790	0.0153992	
791	0.360208	
792	0.1247	
793	0.0445796	
794	0.0908176	
795	0.0263225	
796	0.013613	
797	0.016254	
798	0.00271433	
799	0.00207996	
800	6.36618e-05	
801	4.49763e-05	
802	2.85605e-05	
803	2.19395e-05	
804	0.000192354	
805	0.000567877	
806	6.33825e-06	
807	9.25388e-06	
808	6.0919e-06	
809	9.38537e-06	
810	6.9283e-05	
811	0.000246418	
812	0.000930111	
813	0.00741322	
814	0.00180685	
815	0.00104018	
816	0.00162588	
817	0.000326073	
818	5.70151e-05	
819	0.000544088	
820	0.254993	
821	0.00294506	
822	0.216924	
823	1.82711	
824	2.38559	
825	6.43882	
826	2.87147	
827	0.22567	
828	0.150348	
829	6.33814	
830	69.031	
831	1.23946	
832	6897.77	
833	3.31251e-05	
834	0.000265331	
835	0.000713687	
836	0.00307903	
837	0.00238715	
838	0.00341068	
839	0.001766	
840	0.000196876	
841	0.0628635	
842	0.00288732	
843	0.000519781	
844	1.37094e-05	
845	2.26043e-05	
846	0.221895	
847	0.000129221	
848	0.000477578	
849	0.00203526	
850	0.000861093	
851	0.00119293	
852	0.00829916	
853	0.0409232	
854	0.026033	
855	0.132109	
856	0.115911	
857	0.44011	
858	0.09647	
859	0.0146256	
860	0.247843	
861	0.0201295	
862	0.00128041	
863	3.35773e-05	
864	0.000126971	
865	6.57181e-06	
866	5.41527e-06	
867	5.68509e-06	
868	5.72038e-06	
869	0.000117008	
870	0.00024272	
871	0.0106784	
872	0.0337123	
873	0.0040716	
874	0.00981484	
875	0.00732895	
876	0.00317867	
877	0.0205372	
878	0.0608779	
879	0.0126634	
880	0.00145676	
881	0.0138168	
882	0.153795	
883	0.011999	
884	8.5335e-05	
885	0.000290179	
886	0.000102253	
887	5.41377e-06	
888	1.72688e-06	
889	4.78132e-06	
890	6.12024e-06	
891	3.23419e-06	
892	2.68091e-05	
893	4.86252e-05	
894	0.000119195	
895	0.000351845	
896	0.00032005	
897	0.00768116	
898	0.0336628	
899	0.232947	
900	0.0923508	
901	0.241043	
902	0.123588	
903	0.0141505	
904	0.00442182	
905	0.117974	
906	0.0986989	
907	3.50678e-05	
908	0.00612466	
909	0.00499397	
910	3.43815e-05	
911	4.51262e-05	
912	9.45267e-06	
913	5.59573e-06	
914	7.99895e-05	
915	0.000135757	
916	0.00467799	
917	0.0742575	
918	0.00340355	
919	0.00103552	
920	5.81716e-05	
921	0.000347237	
922	0.00123327	
923	0.00668486	
924	0.010132	
925	0.0765475	
926	0.0173335	
927	0.079849	
928	0.0312518	
929	0.00505966	
930	0.00380934	
931	0.00360218	
932	0.00495609	
933	0.0670626	
934	0.00691082	
935	0.000248025	
936	5.49641e-05	
937	7.81927e-06	
938	1.71919e-06	
939	2.5381e-06	
940	3.84762e-06	
941	8.4195e-06	
942	1.03152e-05	
943	5.17993e-05	
944	6.65814e-05	
945	7.65274e-05	
946	0.000135199	
947	0.000205478	
948	8.41282e-05	
949	1.66081e-05	
950	0.000110095	
951	4.56648e-05	
952	4.38894e-05	
953	0.000591418	
954	0.000507355	
955	0.000460478	
956	0.000266223	
957	5.66332e-05	
958	2.84633e-05	
959	0.000673036	
960	7.60932e-05	
961	0.000190687	
962	0.0443931	
963	0.0161546	
964	10.1536	
965	0.0884516	
966	0.083621	
967	0.0118563	
968	0.000695955	
969	0.00697548	
970	0.021657	
971	0.00126931	
972	0.0028313	
973	0.00167398	
974	8.21455e-05	
975	0.000268231	
976	3.46812e-06	
977	7.71375e-06	
978	3.34287e-07	
979	2.73983e-06	
980	3.40523e-06	
981	2.05907e-06	
982	0.000255383	
983	0.000339442	
984	6.02795e-05	
985	0.00138515	
986	0.00229153	
987	0.00141888	
988	0.00462632	
989	0.000661195	
990	0.000107505	
991	3.71572e-05	
992	3.15638e-05	
993	2.23067e-06	
994	2.63425e-06	
995	3.55247e-06	
996	2.53224e-06	
997	3.5983e-06	
998	6.56149e-07	
999	1.30364e-07	
1000	1.67583e-05	
# iterates cost: 0.589878
