# Reading DATA...
# Reading Matrix Successfully!
# Initialize b...
# Initialize b sucessfully!
MDMRB
0	1.25e+12
1	389.97	
2	377.951	
3	374.754	
4	371.757	
5	369.104	
6	366.811	
7	364.401	
8	362.315	
9	360.674	
10	359.343	
11	347.197	
12	346.118	
13	267.477	
14	259.965	
15	257.349	
16	253.605	
17	252.093	
18	250.979	
19	219.539	
20	218.284	
21	217.586	
22	217.532	
23	217.502	
24	217.474	
25	217.449	
26	215.221	
27	213.213	
28	211.456	
29	209.712	
30	208.22	
31	206.721	
32	205.19	
33	203.656	
34	202.123	
35	200.58	
36	198.76	
37	196.71	
38	194.42	
39	192.385	
40	190.606	
41	189.311	
42	188.281	
43	187.259	
44	186.239	
45	175.186	
46	157.458	
47	155.067	
48	153.49	
49	152.137	
50	150.332	
51	148.683	
52	148.385	
53	148.365	
54	148.352	
55	148.34	
56	146.131	
57	144.118	
58	142.356	
59	140.845	
60	139.325	
61	137.772	
62	137.76	
63	137.087	
64	137.042	
65	137.02	
66	136.953	
67	136.934	
68	136.924	
69	134.494	
70	134.485	
71	134.479	
72	134.47	
73	134.449	
74	134.444	
75	134.427	
76	134.42	
77	134.413	
78	134.408	
79	134.404	
80	134.398	
81	126.848	
82	126.684	
83	124.708	
84	123.24	
85	123.134	
86	123.083	
87	123.035	
88	123	
89	122.962	
90	122.937	
91	122.916	
92	122.897	
93	122.877	
94	122.858	
95	122.842	
96	122.828	
97	122.797	
98	122.054	
99	122.01	
100	121.968	
101	121.952	
102	121.941	
103	121.931	
104	121.922	
105	121.914	
106	121.907	
107	121.9	
108	121.89	
109	121.883	
110	121.878	
111	121.854	
112	121.849	
113	116.392	
114	116.091	
115	115.944	
116	115.924	
117	115.905	
118	115.89	
119	115.878	
120	115.865	
121	115.855	
122	115.847	
123	115.839	
124	115.832	
125	115.816	
126	115.809	
127	115.784	
128	115.778	
129	115.767	
130	115.748	
131	115.744	
132	115.74	
133	115.736	
134	115.727	
135	115.723	
136	115.72	
137	115.717	
138	115.713	
139	115.694	
140	115.647	
141	115.636	
142	115.634	
143	115.627	
144	114.232	
145	114.133	
146	113.833	
147	113.822	
148	113.818	
149	113.815	
150	113.812	
151	113.81	
152	113.808	
153	113.806	
154	113.801	
155	113.799	
156	113.798	
157	113.789	
158	113.784	
159	113.782	
160	113.781	
161	113.779	
162	113.669	
163	111.298	
164	111.169	
165	111.146	
166	111.135	
167	111.129	
168	111.123	
169	111.117	
170	111.112	
171	111.109	
172	111.105	
173	111.1	
174	111.097	
175	111.093	
176	111.09	
177	111.087	
178	111.083	
179	111.08	
180	111.077	
181	111.058	
182	111.056	
183	111.054	
184	111.051	
185	111.037	
186	110.336	
187	110.276	
188	110.267	
189	110.26	
190	110.247	
191	110.244	
192	110.228	
193	110.226	
194	110.224	
195	110.221	
196	110.219	
197	110.213	
198	110.212	
199	110.21	
200	110.207	
201	110.206	
202	110.204	
203	110.201	
204	110.199	
205	110.197	
206	110.195	
207	110.193	
208	110.191	
209	110.19	
210	110.175	
211	110.159	
212	110.155	
213	110.153	
214	109.561	
215	109.532	
216	109.52	
217	109.515	
218	109.512	
219	109.508	
220	109.506	
221	109.503	
222	109.5	
223	109.498	
224	109.367	
225	109.356	
226	109.351	
227	109.326	
228	109.323	
229	109.321	
230	109.318	
231	109.315	
232	109.295	
233	109.292	
234	103.135	
235	103.132	
236	103.128	
237	102.99	
238	102.98	
239	102.976	
240	102.973	
241	102.971	
242	102.968	
243	102.966	
244	102.963	
245	102.961	
246	102.959	
247	102.957	
248	102.955	
249	102.953	
250	102.951	
251	102.95	
252	102.948	
253	102.946	
254	102.944	
255	102.942	
256	102.937	
257	102.935	
258	102.933	
259	102.929	
260	102.927	
261	102.917	
262	102.916	
263	102.905	
264	102.792	
265	102.784	
266	102.779	
267	102.777	
268	102.773	
269	102.772	
270	102.771	
271	102.769	
272	102.768	
273	102.766	
274	102.765	
275	102.763	
276	102.761	
277	102.759	
278	102.755	
279	102.748	
280	102.746	
281	102.745	
282	102.743	
283	102.742	
284	102.737	
285	102.736	
286	102.734	
287	102.733	
288	102.731	
289	102.729	
290	102.713	
291	102.712	
292	102.711	
293	102.709	
294	102.707	
295	102.706	
296	102.704	
297	102.703	
298	102.702	
299	102.697	
300	102.695	
301	102.694	
302	102.693	
303	102.691	
304	102.69	
305	102.689	
306	102.688	
307	102.687	
308	102.686	
309	102.685	
310	102.684	
311	102.683	
312	102.68	
313	102.648	
314	102.646	
315	102.645	
316	102.639	
317	102.637	
318	99.9975	
319	99.8458	
320	99.8063	
321	99.7907	
322	99.782	
323	99.7758	
324	99.7713	
325	99.768	
326	99.7653	
327	99.7629	
328	99.7607	
329	99.7583	
330	99.7563	
331	99.7531	
332	95.668	
333	94.9722	
334	94.899	
335	94.8591	
336	94.8254	
337	94.8027	
338	94.7845	
339	94.77	
340	94.7566	
341	94.7404	
342	94.731	
343	94.7223	
344	94.6882	
345	94.6797	
346	94.5539	
347	94.543	
348	94.5367	
349	94.5307	
350	94.5253	
351	94.5205	
352	94.3515	
353	94.3423	
354	94.3359	
355	94.3301	
356	94.3248	
357	93.9025	
358	93.8752	
359	93.8665	
360	93.8596	
361	93.8542	
362	93.8488	
363	93.8424	
364	93.8352	
365	93.8307	
366	93.8267	
367	93.823	
368	93.8194	
369	93.8159	
370	93.8127	
371	93.8021	
372	93.7991	
373	93.7963	
374	93.7936	
375	93.7896	
376	93.7871	
377	93.7844	
378	93.782	
379	93.7798	
380	93.7776	
381	93.6236	
382	93.6124	
383	93.6098	
384	93.6065	
385	93.6042	
386	93.5544	
387	93.5499	
388	93.5445	
389	93.542	
390	93.5397	
391	93.5373	
392	93.5349	
393	93.5329	
394	93.5311	
395	90.3247	
396	90.3103	
397	90.3085	
398	90.2642	
399	90.2602	
400	90.2511	
401	90.2493	
402	90.2476	
403	90.246	
404	90.2444	
405	90.2383	
406	90.2366	
407	90.2351	
408	90.2336	
409	90.2322	
410	90.2305	
411	90.2289	
412	90.1955	
413	90.1932	
414	90.1908	
415	90.1738	
416	90.1715	
417	90.1699	
418	90.1684	
419	90.1665	
420	90.1651	
421	90.1635	
422	90.1622	
423	90.1541	
424	90.1498	
425	90.1484	
426	90.1471	
427	90.1442	
428	90.1405	
429	90.138	
430	90.1368	
431	90.1355	
432	90.1343	
433	90.1332	
434	90.1306	
435	90.1242	
436	90.1229	
437	90.1217	
438	90.1203	
439	90.1187	
440	90.1175	
441	90.1163	
442	89.9604	
443	89.9494	
444	89.9454	
445	89.9412	
446	89.936	
447	89.9338	
448	89.9322	
449	89.9302	
450	89.9289	
451	89.9275	
452	89.926	
453	88.8154	
454	88.7331	
455	88.7226	
456	88.7193	
457	88.717	
458	88.7084	
459	88.7068	
460	88.7053	
461	88.6953	
462	88.694	
463	88.6847	
464	88.6832	
465	88.6819	
466	88.6797	
467	88.6782	
468	88.6771	
469	88.6758	
470	88.6747	
471	88.6736	
472	88.6673	
473	88.665	
474	88.6638	
475	88.6626	
476	88.6614	
477	88.6604	
478	88.6595	
479	88.6556	
480	88.6541	
481	88.6531	
482	88.652	
483	88.6509	
484	88.65	
485	88.6491	
486	88.648	
487	88.6442	
488	88.6432	
489	88.3446	
490	88.3265	
491	88.3214	
492	88.3189	
493	88.3168	
494	88.3153	
495	88.3139	
496	88.3124	
497	88.3111	
498	88.3101	
499	88.309	
500	88.3078	
501	88.3067	
502	88.3057	
503	88.3047	
504	88.0801	
505	88.0724	
506	88.0702	
507	88.0689	
508	88.0678	
509	88.0667	
510	88.0649	
511	88.0636	
512	88.0625	
513	88.0614	
514	88.0603	
515	87.8613	
516	87.8496	
517	87.846	
518	87.839	
519	87.8365	
520	87.8349	
521	87.8336	
522	87.8323	
523	87.8279	
524	87.8267	
525	87.6511	
526	87.6409	
527	87.6359	
528	87.6331	
529	87.6075	
530	87.6023	
531	87.5923	
532	87.5907	
533	87.5896	
534	87.5884	
535	87.5854	
536	87.5842	
537	87.583	
538	87.5791	
539	87.5781	
540	87.5771	
541	85.4675	
542	85.4214	
543	85.4032	
544	85.3955	
545	85.3896	
546	85.3841	
547	85.3783	
548	85.3741	
549	85.3706	
550	85.3676	
551	85.3644	
552	85.3593	
553	85.3571	
554	85.3521	
555	85.3482	
556	85.3464	
557	85.343	
558	85.3414	
559	85.3398	
560	85.3383	
561	85.3368	
562	85.1188	
563	85.1114	
564	85.1093	
565	85.1076	
566	85.1061	
567	85.1033	
568	85.1018	
569	85.0992	
570	85.0973	
571	85.0947	
572	85.0928	
573	85.0916	
574	85.0905	
575	85.0721	
576	85.0698	
577	85.0684	
578	85.0672	
579	85.0617	
580	85.0604	
581	85.0588	
582	85.0576	
583	85.0564	
584	85.0552	
585	85.0529	
586	85.0517	
587	85.0045	
588	85.0013	
589	84.9992	
590	84.9975	
591	84.773	
592	84.7584	
593	84.7535	
594	84.7509	
595	84.749	
596	84.7472	
597	84.7459	
598	84.7446	
599	84.714	
600	84.7111	
601	84.7086	
602	84.7072	
603	84.7042	
604	84.703	
605	84.7016	
606	84.7002	
607	84.308	
608	84.2835	
609	84.2756	
610	84.271	
611	84.2672	
612	84.2647	
613	84.2625	
614	84.2607	
615	84.2586	
616	84.257	
617	84.2556	
618	84.2541	
619	84.2527	
620	84.2513	
621	84.2492	
622	84.2472	
623	84.2456	
624	84.2426	
625	83.0356	
626	83.0344	
627	83.0325	
628	83.0314	
629	82.9877	
630	82.9846	
631	82.9826	
632	82.981	
633	82.9795	
634	82.9777	
635	82.9762	
636	82.9746	
637	82.9734	
638	82.9719	
639	82.9709	
640	82.9698	
641	82.9687	
642	82.9676	
643	82.9667	
644	82.9617	
645	82.9607	
646	82.9598	
647	82.9587	
648	82.9577	
649	82.956	
650	82.9551	
651	82.9543	
652	82.9535	
653	82.9527	
654	82.9519	
655	82.9512	
656	82.9504	
657	82.9496	
658	82.9473	
659	82.9456	
660	82.9446	
661	82.9438	
662	81.6699	
663	81.6428	
664	81.5998	
665	81.5913	
666	81.5854	
667	81.5804	
668	81.5761	
669	81.5726	
670	81.5695	
671	81.5662	
672	81.5634	
673	81.5611	
674	81.5589	
675	81.5569	
676	81.5548	
677	81.5529	
678	81.5513	
679	81.5497	
680	81.5482	
681	81.5468	
682	81.5432	
683	81.5419	
684	81.5406	
685	81.5392	
686	81.5343	
687	81.5329	
688	81.5317	
689	81.53	
690	81.5283	
691	81.5271	
692	81.5261	
693	81.524	
694	81.5226	
695	81.5215	
696	81.5204	
697	81.5192	
698	81.5182	
699	81.5172	
700	81.5163	
701	80.6951	
702	80.6942	
703	80.6933	
704	80.6923	
705	80.6915	
706	80.6625	
707	80.6589	
708	80.6578	
709	80.6569	
710	80.6559	
711	80.6541	
712	80.6525	
713	80.6481	
714	80.647	
715	80.6461	
716	80.6453	
717	80.6445	
718	80.5872	
719	80.5765	
720	80.5743	
721	80.5728	
722	80.5701	
723	80.569	
724	80.5674	
725	80.5665	
726	80.5656	
727	80.5622	
728	80.5614	
729	80.5603	
730	80.5582	
731	80.5567	
732	80.5559	
733	80.5551	
734	80.5543	
735	80.5535	
736	80.5527	
737	80.5519	
738	80.5509	
739	80.5501	
740	80.5494	
741	80.5485	
742	80.5476	
743	80.5469	
744	80.5462	
745	80.5455	
746	80.5446	
747	80.5439	
748	80.5432	
749	80.5425	
750	80.5416	
751	80.5403	
752	80.5389	
753	80.5382	
754	80.5375	
755	80.5368	
756	80.5362	
757	80.5282	
758	80.5275	
759	80.5267	
760	80.5259	
761	80.5252	
762	80.5246	
763	80.5235	
764	80.5229	
765	80.5223	
766	80.5216	
767	80.5203	
768	80.5083	
769	80.5072	
770	80.5058	
771	80.505	
772	80.5027	
773	80.5013	
774	80.5007	
775	80.4997	
776	80.4984	
777	80.4976	
778	80.4967	
779	80.3455	
780	80.3407	
781	80.3382	
782	80.3366	
783	80.3359	
784	80.3352	
785	80.3346	
786	80.3339	
787	80.3331	
788	80.3322	
789	80.3296	
790	80.3285	
791	80.3278	
792	80.3271	
793	80.3265	
794	80.3245	
795	80.3238	
796	80.2733	
797	80.2702	
798	80.2691	
799	80.2682	
800	80.2674	
801	80.2667	
802	80.2652	
803	80.264	
804	80.2632	
805	80.2626	
806	79.5927	
807	79.5751	
808	79.5702	
809	79.5674	
810	79.5649	
811	79.5336	
812	79.5308	
813	79.5211	
814	79.5195	
815	79.5181	
816	79.5168	
817	79.5157	
818	79.5146	
819	79.5134	
820	79.5111	
821	79.5101	
822	79.5079	
823	79.507	
824	79.5054	
825	79.5043	
826	79.5036	
827	79.5026	
828	79.5016	
829	79.4849	
830	79.4292	
831	79.4266	
832	79.4255	
833	79.4244	
834	79.4236	
835	79.4228	
836	79.422	
837	79.4212	
838	79.4205	
839	79.4184	
840	78.968	
841	78.9672	
842	78.9665	
843	78.9659	
844	78.9652	
845	78.9646	
846	78.9638	
847	78.9631	
848	78.9624	
849	78.9618	
850	78.9612	
851	78.9588	
852	78.9578	
853	78.9545	
854	78.9538	
855	78.9526	
856	78.952	
857	78.9513	
858	78.9506	
859	78.9501	
860	78.9493	
861	78.9488	
862	78.9476	
863	78.9469	
864	78.9464	
865	78.9458	
866	78.9453	
867	78.9447	
868	78.9441	
869	78.9436	
870	78.943	
871	78.9409	
872	78.9404	
873	78.9286	
874	78.906	
875	78.9039	
876	78.903	
877	78.9019	
878	78.9012	
879	78.9006	
880	78.9	
881	78.8942	
882	78.8932	
883	78.8926	
884	78.8917	
885	78.8912	
886	78.8906	
887	78.8901	
888	78.8895	
889	78.8889	
890	78.8884	
891	78.8877	
892	78.8869	
893	78.8606	
894	78.8591	
895	78.8581	
896	78.8571	
897	78.8561	
898	78.8555	
899	78.8546	
900	78.854	
901	78.8535	
902	78.8529	
903	78.8524	
904	78.8518	
905	78.8511	
906	78.8452	
907	78.8444	
908	78.8431	
909	78.8426	
910	78.842	
911	78.8415	
912	78.841	
913	78.8403	
914	78.8399	
915	78.8232	
916	78.822	
917	78.8214	
918	78.8209	
919	78.7957	
920	78.7945	
921	78.7938	
922	78.7909	
923	78.7904	
924	78.7899	
925	78.7893	
926	78.788	
927	78.7873	
928	78.7868	
929	78.7861	
930	78.7857	
931	78.785	
932	78.7844	
933	78.784	
934	78.7835	
935	78.7831	
936	78.7827	
937	78.7763	
938	78.7756	
939	78.775	
940	78.7746	
941	78.7728	
942	78.7723	
943	78.7718	
944	78.7712	
945	78.7708	
946	78.7704	
947	78.7699	
948	78.759	
949	78.7585	
950	78.7581	
951	78.7576	
952	78.754	
953	78.7531	
954	78.7527	
955	78.7523	
956	78.7518	
957	78.7507	
958	78.7499	
959	78.7495	
960	78.749	
961	78.7391	
962	78.7381	
963	78.7375	
964	78.7367	
965	78.7362	
966	78.7212	
967	78.7199	
968	78.7194	
969	78.7189	
970	78.7185	
971	78.7152	
972	78.7148	
973	78.7144	
974	78.7119	
975	78.7115	
976	78.7109	
977	78.7104	
978	78.6882	
979	78.6871	
980	78.6863	
981	78.6858	
982	78.6813	
983	78.6804	
984	78.68	
985	78.6795	
986	78.6785	
987	78.6781	
988	78.6767	
989	78.6735	
990	78.673	
991	78.6726	
992	78.6722	
993	78.6717	
994	78.6713	
995	78.6708	
996	78.6704	
997	78.67	
998	78.6695	
999	78.6691	
1000	78.6686	
#	0
# iterats cost: 48.7352
# 3.90177	0.455889	35.2222	6.76967	2.21001	6.58206
