# Reading DATA...
# Reading Matrix Successfully!
# Initialize b...
# Initialize b sucessfully!
MRSM
0	1.25e+12
1	537.581
2	457.441
3	457.431
4	457.426
5	457.421
6	457.417
7	457.412
8	457.408
9	457.404
10	457.4
11	457.396
12	457.393
13	457.389
14	457.385
15	457.381
16	457.377
17	457.373
18	457.37
19	457.366
20	457.362
21	457.358
22	457.354
23	457.35
24	457.347
25	457.343
26	457.339
27	457.335
28	457.331
29	457.328
30	457.324
31	457.32
32	457.316
33	457.312
34	457.309
35	457.305
36	457.301
37	457.297
38	457.293
39	457.29
40	457.286
41	457.282
42	457.278
43	457.275
44	457.271
45	457.267
46	457.263
47	457.259
48	457.256
49	457.252
50	457.248
51	457.244
52	457.241
53	457.237
54	457.233
55	457.229
56	457.226
57	457.222
58	457.218
59	457.214
60	457.211
61	457.207
62	457.203
63	457.199
64	457.196
65	457.192
66	457.188
67	457.184
68	457.181
69	457.177
70	457.173
71	457.169
72	457.166
73	457.162
74	457.158
75	457.154
76	457.151
77	457.147
78	457.143
79	457.139
80	457.136
81	457.132
82	457.128
83	457.124
84	457.121
85	457.117
86	457.113
87	457.109
88	457.106
89	457.102
90	457.098
91	457.094
92	457.091
93	457.087
94	457.083
95	457.08
96	457.076
97	457.072
98	457.068
99	457.065
100	457.061
101	457.057
102	457.053
103	457.05
104	457.046
105	457.042
106	457.038
107	457.035
108	457.031
109	457.027
110	457.023
111	457.02
112	457.016
113	457.012
114	457.009
115	457.005
116	457.001
117	456.997
118	456.994
119	456.99
120	456.986
121	456.982
122	456.979
123	456.975
124	456.971
125	456.967
126	456.964
127	456.96
128	456.956
129	456.952
130	456.949
131	456.945
132	456.941
133	456.938
134	456.934
135	456.93
136	456.926
137	456.923
138	456.919
139	456.915
140	456.911
141	456.908
142	456.904
143	456.9
144	456.896
145	456.893
146	456.889
147	456.885
148	456.882
149	456.878
150	456.874
151	456.87
152	456.867
153	456.863
154	456.859
155	456.855
156	456.852
157	456.848
158	456.844
159	456.84
160	456.837
161	456.833
162	456.829
163	456.825
164	456.822
165	456.818
166	456.814
167	456.811
168	456.807
169	456.803
170	456.799
171	456.796
172	456.792
173	456.788
174	456.784
175	456.781
176	456.777
177	456.773
178	456.77
179	456.766
180	456.762
181	456.758
182	456.755
183	456.751
184	456.747
185	456.743
186	456.74
187	456.736
188	456.732
189	456.728
190	456.725
191	456.721
192	456.717
193	456.714
194	456.71
195	456.706
196	456.702
197	456.699
198	456.695
199	456.691
200	456.687
201	456.684
202	456.68
203	456.676
204	456.672
205	456.669
206	456.665
207	456.661
208	456.658
209	456.654
210	456.65
211	456.646
212	456.643
213	456.639
214	456.635
215	456.631
216	456.628
217	456.624
218	456.62
219	456.617
220	456.613
221	456.609
222	456.605
223	456.602
224	456.598
225	456.594
226	456.59
227	456.587
228	456.583
229	456.579
230	456.576
231	456.572
232	456.568
233	456.564
234	456.561
235	456.557
236	456.553
237	456.549
238	456.546
239	456.542
240	456.538
241	456.534
242	456.531
243	456.527
244	456.523
245	456.52
246	456.516
247	456.512
248	456.508
249	456.505
250	456.501
251	456.497
252	456.493
253	456.49
254	456.486
255	456.482
256	456.479
257	456.475
258	456.471
259	456.467
260	456.464
261	456.46
262	456.456
263	456.452
264	456.449
265	456.445
266	456.441
267	456.438
268	456.434
269	456.43
270	456.426
271	456.423
272	456.419
273	456.415
274	456.411
275	456.408
276	456.404
277	456.4
278	456.397
279	456.393
280	456.389
281	456.385
282	456.382
283	456.378
284	456.374
285	456.37
286	456.367
287	456.363
288	456.359
289	456.356
290	456.352
291	456.348
292	456.344
293	456.341
294	456.337
295	456.333
296	456.329
297	456.326
298	456.322
299	456.318
300	456.315
301	456.311
302	456.307
303	456.303
304	456.3
305	456.296
306	456.292
307	456.289
308	456.285
309	456.281
310	456.277
311	456.274
312	456.27
313	456.266
314	456.262
315	456.259
316	456.255
317	456.251
318	456.248
319	456.244
320	456.24
321	456.236
322	456.233
323	456.229
324	456.225
325	456.221
326	456.218
327	456.214
328	456.21
329	456.207
330	456.203
331	456.199
332	456.195
333	456.192
334	456.188
335	456.184
336	456.181
337	456.177
338	456.173
339	456.169
340	456.166
341	456.162
342	456.158
343	456.154
344	456.151
345	456.147
346	456.143
347	456.14
348	456.136
349	456.132
350	456.128
351	456.125
352	456.121
353	456.117
354	456.114
355	456.11
356	456.106
357	456.102
358	456.099
359	456.095
360	456.091
361	456.087
362	456.084
363	456.08
364	456.076
365	456.073
366	456.069
367	456.065
368	456.061
369	456.058
370	456.054
371	456.05
372	456.047
373	456.043
374	456.039
375	456.035
376	456.032
377	456.028
378	456.024
379	456.02
380	456.017
381	456.013
382	456.009
383	456.006
384	456.002
385	455.998
386	455.994
387	455.991
388	455.987
389	455.983
390	455.98
391	455.976
392	455.972
393	455.968
394	455.965
395	455.961
396	455.957
397	455.954
398	455.95
399	455.946
400	455.942
401	455.939
402	455.935
403	455.931
404	455.928
405	455.924
406	455.92
407	455.916
408	455.913
409	455.909
410	455.905
411	455.901
412	455.898
413	455.894
414	455.89
415	455.887
416	455.883
417	455.879
418	455.875
419	455.872
420	455.868
421	455.864
422	455.861
423	455.857
424	455.853
425	455.849
426	455.846
427	455.842
428	455.838
429	455.835
430	455.831
431	455.827
432	455.823
433	455.82
434	455.816
435	455.812
436	455.809
437	455.805
438	455.801
439	455.797
440	455.794
441	455.79
442	455.786
443	455.783
444	455.779
445	455.775
446	455.771
447	455.768
448	455.764
449	455.76
450	455.756
451	455.753
452	455.749
453	455.745
454	455.742
455	455.738
456	455.734
457	455.73
458	455.727
459	455.723
460	455.719
461	455.716
462	455.712
463	455.708
464	455.704
465	455.701
466	455.697
467	455.693
468	455.69
469	455.686
470	455.682
471	455.678
472	455.675
473	455.671
474	455.667
475	455.664
476	455.66
477	455.656
478	455.652
479	455.649
480	455.645
481	455.641
482	455.638
483	455.634
484	455.63
485	455.626
486	455.623
487	455.619
488	455.615
489	455.612
490	455.608
491	455.604
492	455.6
493	455.597
494	455.593
495	455.589
496	455.586
497	455.582
498	455.578
499	455.574
500	455.571
501	455.567
502	455.563
503	455.56
504	455.556
505	455.552
506	455.548
507	455.545
508	455.541
509	455.537
510	455.534
511	455.53
512	455.526
513	455.522
514	455.519
515	455.515
516	455.511
517	455.508
518	455.504
519	455.5
520	455.496
521	455.493
522	455.489
523	455.485
524	455.482
525	455.478
526	455.474
527	455.471
528	455.467
529	455.463
530	455.459
531	455.456
532	455.452
533	455.448
534	455.445
535	455.441
536	455.437
537	455.433
538	455.43
539	455.426
540	455.422
541	455.419
542	455.415
543	455.411
544	455.407
545	455.404
546	455.4
547	455.396
548	455.393
549	455.389
550	455.385
551	455.381
552	455.378
553	455.374
554	455.37
555	455.367
556	455.363
557	455.359
558	455.355
559	455.352
560	455.348
561	455.344
562	455.341
563	455.337
564	455.333
565	455.33
566	455.326
567	455.322
568	455.318
569	455.315
570	455.311
571	455.307
572	455.304
573	455.3
574	455.296
575	455.292
576	455.289
577	455.285
578	455.281
579	455.278
580	455.274
581	455.27
582	455.266
583	455.263
584	455.259
585	455.255
586	455.252
587	455.248
588	455.244
589	455.24
590	455.237
591	455.233
592	455.229
593	455.226
594	455.222
595	455.218
596	455.215
597	455.211
598	455.207
599	455.203
600	455.2
601	455.196
602	455.192
603	455.189
604	455.185
605	455.181
606	455.177
607	455.174
608	455.17
609	455.166
610	455.163
611	455.159
612	455.155
613	455.152
614	455.148
615	455.144
616	455.14
617	455.137
618	455.133
619	455.129
620	455.126
621	455.122
622	455.118
623	455.114
624	455.111
625	455.107
626	455.103
627	455.1
628	455.096
629	455.092
630	455.089
631	455.085
632	455.081
633	455.077
634	455.074
635	455.07
636	455.066
637	455.063
638	455.059
639	455.055
640	455.051
641	455.048
642	455.044
643	455.04
644	455.037
645	455.033
646	455.029
647	455.026
648	455.022
649	455.018
650	455.014
651	455.011
652	455.007
653	455.003
654	455
655	454.996
656	454.992
657	454.988
658	454.985
659	454.981
660	454.977
661	454.974
662	454.97
663	454.966
664	454.963
665	454.959
666	454.955
667	454.951
668	454.948
669	454.944
670	454.94
671	454.937
672	454.933
673	454.929
674	454.926
675	454.922
676	454.918
677	454.914
678	454.911
679	454.907
680	454.903
681	454.9
682	454.896
683	454.892
684	454.888
685	454.885
686	454.881
687	454.877
688	454.874
689	454.87
690	454.866
691	454.863
692	454.859
693	454.855
694	454.851
695	454.848
696	454.844
697	454.84
698	454.837
699	454.833
700	454.829
701	454.826
702	454.822
703	454.818
704	454.814
705	454.811
706	454.807
707	454.803
708	454.8
709	454.796
710	454.792
711	454.789
712	454.785
713	454.781
714	454.777
715	454.774
716	454.77
717	454.766
718	454.763
719	454.759
720	454.755
721	454.752
722	454.748
723	454.744
724	454.74
725	454.737
726	454.733
727	454.729
728	454.726
729	454.722
730	454.718
731	454.715
732	454.711
733	454.707
734	454.703
735	454.7
736	454.696
737	454.692
738	454.689
739	454.685
740	454.681
741	454.678
742	454.674
743	454.67
744	454.666
745	454.663
746	454.659
747	454.655
748	454.652
749	454.648
750	454.644
751	454.641
752	454.637
753	454.633
754	454.629
755	454.626
756	454.622
757	454.618
758	454.615
759	454.611
760	454.607
761	454.604
762	454.6
763	454.596
764	454.592
765	454.589
766	454.585
767	454.581
768	454.578
769	454.574
770	454.57
771	454.567
772	454.563
773	454.559
774	454.555
775	454.552
776	454.548
777	454.544
778	454.541
779	454.537
780	454.533
781	454.53
782	454.526
783	454.522
784	454.519
785	454.515
786	454.511
787	454.507
788	454.504
789	454.5
790	454.496
791	454.493
792	454.489
793	454.485
794	454.482
795	454.478
796	454.474
797	454.47
798	454.467
799	454.463
800	454.459
801	454.456
802	454.452
803	454.448
804	454.445
805	454.441
806	454.437
807	454.434
808	454.43
809	454.426
810	454.422
811	454.419
812	454.415
813	454.411
814	454.408
815	454.404
816	454.4
817	454.397
818	454.393
819	454.389
820	454.385
821	454.382
822	454.378
823	454.374
824	454.371
825	454.367
826	454.363
827	454.36
828	454.356
829	454.352
830	454.349
831	454.345
832	454.341
833	454.337
834	454.334
835	454.33
836	454.326
837	454.323
838	454.319
839	454.315
840	454.312
841	454.308
842	454.304
843	454.301
844	454.297
845	454.293
846	454.289
847	454.286
848	454.282
849	454.278
850	454.275
851	454.271
852	454.267
853	454.264
854	454.26
855	454.256
856	454.253
857	454.249
858	454.245
859	454.241
860	454.238
861	454.234
862	454.23
863	454.227
864	454.223
865	454.219
866	454.216
867	454.212
868	454.208
869	454.205
870	454.201
871	454.197
872	454.193
873	454.19
874	454.186
875	454.182
876	454.179
877	454.175
878	454.171
879	454.168
880	454.164
881	454.16
882	454.157
883	454.153
884	454.149
885	454.145
886	454.142
887	454.138
888	454.134
889	454.131
890	454.127
891	454.123
892	454.12
893	454.116
894	454.112
895	454.109
896	454.105
897	454.101
898	454.097
899	454.094
900	454.09
901	454.086
902	454.083
903	454.079
904	454.075
905	454.072
906	454.068
907	454.064
908	454.061
909	454.057
910	454.053
911	454.05
912	454.046
913	454.042
914	454.038
915	454.035
916	454.031
917	454.027
918	454.024
919	454.02
920	454.016
921	454.013
922	454.009
923	454.005
924	454.002
925	453.998
926	453.994
927	453.99
928	453.987
929	453.983
930	453.979
931	453.976
932	453.972
933	453.968
934	453.965
935	453.961
936	453.957
937	453.954
938	453.95
939	453.946
940	453.943
941	453.939
942	453.935
943	453.931
944	453.928
945	453.924
946	453.92
947	453.917
948	453.913
949	453.909
950	453.906
951	453.902
952	453.898
953	453.895
954	453.891
955	453.887
956	453.884
957	453.88
958	453.876
959	453.872
960	453.869
961	453.865
962	453.861
963	453.858
964	453.854
965	453.85
966	453.847
967	453.843
968	453.839
969	453.836
970	453.832
971	453.828
972	453.825
973	453.821
974	453.817
975	453.814
976	453.81
977	453.806
978	453.802
979	453.799
980	453.795
981	453.791
982	453.788
983	453.784
984	453.78
985	453.777
986	453.773
987	453.769
988	453.766
989	453.762
990	453.758
991	453.755
992	453.751
993	453.747
994	453.743
995	453.74
996	453.736
997	453.732
998	453.729
999	453.725
1000	453.721
# iterates cost: 2.3834
