# Reading DATA...
# Reading Matrix Successfully!
# Initialize b...
# Initialize b sucessfully!
CGN
0	1.25e+12
1	778.009	
2	461.044	
3	458.303	
4	457.638	
5	457.507	
6	457.475	
7	457.467	
8	457.464	
9	457.463	
10	457.463	
11	457.463	
12	457.463	
13	457.463	
14	457.463	
15	457.463	
16	457.463	
17	457.463	
18	457.463	
19	457.463	
20	457.463	
21	457.463	
22	457.463	
23	457.463	
24	457.463	
25	457.463	
26	457.463	
27	457.463	
28	457.463	
29	457.463	
30	457.463	
31	457.463	
32	457.463	
33	457.463	
34	457.463	
35	457.463	
36	457.463	
37	457.463	
38	457.463	
39	457.463	
40	457.463	
41	457.463	
42	457.463	
43	457.463	
44	457.463	
45	457.463	
46	457.463	
47	457.463	
48	457.463	
49	457.463	
50	457.463	
51	457.463	
52	457.463	
53	457.463	
54	457.463	
55	457.463	
56	457.463	
57	457.463	
58	457.463	
59	457.463	
60	457.463	
61	457.463	
62	457.463	
63	457.463	
64	457.463	
65	457.463	
66	457.463	
67	457.463	
68	457.463	
69	457.463	
70	457.463	
71	457.463	
72	457.463	
73	457.463	
74	457.463	
75	457.463	
76	457.463	
77	457.463	
78	457.463	
79	457.463	
80	457.463	
81	457.463	
82	457.463	
83	457.463	
84	457.463	
85	457.463	
86	457.463	
87	457.463	
88	457.463	
89	457.463	
90	457.463	
91	457.463	
92	457.463	
93	457.462	
94	457.462	
95	457.462	
96	457.462	
97	457.462	
98	457.462	
99	457.462	
100	457.462	
101	457.462	
102	457.462	
103	457.462	
104	457.462	
105	457.462	
106	457.462	
107	457.462	
108	457.462	
109	457.462	
110	457.462	
111	457.462	
112	457.462	
113	457.462	
114	457.462	
115	457.462	
116	457.462	
117	457.462	
118	457.462	
119	457.462	
120	457.462	
121	457.462	
122	457.462	
123	457.462	
124	457.462	
125	457.462	
126	457.462	
127	457.462	
128	457.462	
129	457.462	
130	457.462	
131	457.462	
132	457.462	
133	457.462	
134	457.462	
135	457.462	
136	457.462	
137	457.462	
138	457.462	
139	457.462	
140	457.462	
141	457.462	
142	457.462	
143	457.462	
144	457.462	
145	457.462	
146	457.462	
147	457.462	
148	457.462	
149	457.462	
150	457.462	
151	457.462	
152	457.462	
153	457.462	
154	457.462	
155	457.462	
156	457.462	
157	457.462	
158	457.462	
159	457.462	
160	457.462	
161	457.462	
162	457.462	
163	457.462	
164	457.462	
165	457.462	
166	457.462	
167	457.461	
168	457.461	
169	457.461	
170	457.461	
171	457.461	
172	457.461	
173	457.461	
174	457.46	
175	457.46	
176	457.46	
177	457.46	
178	457.46	
179	457.46	
180	457.46	
181	457.459	
182	457.459	
183	457.459	
184	457.457	
185	457.457	
186	457.457	
187	457.457	
188	457.45	
189	457.441	
190	457.438	
191	457.433	
192	457.428	
193	457.42	
194	457.384	
195	457.356	
196	457.353	
197	457.35	
198	457.346	
199	457.304	
200	457.288	
201	457.254	
202	457.242	
203	457.236	
204	457.22	
205	457.215	
206	457.203	
207	457.182	
208	457.172	
209	457.166	
210	457.161	
211	457.158	
212	457.156	
213	457.153	
214	457.151	
215	457.149	
216	457.144	
217	457.141	
218	457.138	
219	457.135	
220	457.131	
221	457.119	
222	457.11	
223	457.099	
224	457.087	
225	457.082	
226	457.069	
227	457.058	
228	457.033	
229	456.982	
230	456.871	
231	456.619	
232	456.432	
233	456.299	
234	456.179	
235	456.08	
236	455.95	
237	455.729	
238	455.324	
239	454.851	
240	454.668	
241	454.558	
242	454.481	
243	454.387	
244	454.363	
245	454.331	
246	454.305	
247	454.266	
248	454.228	
249	454.18	
250	454.148	
251	454.133	
252	454.124	
253	454.12	
254	454.118	
255	454.116	
256	454.113	
257	454.11	
258	454.109	
259	454.109	
260	454.108	
261	454.108	
262	454.108	
263	454.108	
264	454.108	
265	454.108	
266	454.107	
267	454.106	
268	454.106	
269	454.105	
270	454.104	
271	454.103	
272	454.101	
273	454.099	
274	454.095	
275	454.072	
276	454.034	
277	454.004	
278	453.911	
279	453.842	
280	453.647	
281	453.486	
282	453.261	
283	452.522	
284	452.116	
285	451.539	
286	450.425	
287	447.506	
288	442.86	
289	436.094	
290	431.153	
291	417.428	
292	404.768	
293	395.125	
294	388.291	
295	382.953	
296	375.636	
297	362.568	
298	349.847	
299	319.202	
300	303.614	
301	299.381	
302	297.537	
303	296.951	
304	296.585	
305	296.317	
306	296.214	
307	296.096	
308	296.024	
309	296.001	
310	295.974	
311	295.952	
312	295.931	
313	295.929	
314	295.927	
315	295.923	
316	295.922	
317	295.922	
318	295.922	
319	295.922	
320	295.922	
321	295.922	
322	295.922	
323	295.922	
324	295.922	
325	295.922	
326	295.922	
327	295.922	
328	295.922	
329	295.922	
330	295.922	
331	295.922	
332	295.922	
333	295.922	
334	295.922	
335	295.922	
336	295.922	
337	295.922	
338	295.922	
339	295.922	
340	295.922	
341	295.922	
342	295.921	
343	295.918	
344	295.807	
345	294.888	
346	291.737	
347	287.948	
348	286.839	
349	281.932	
350	263.531	
351	262.283	
352	261.771	
353	261.679	
354	261.525	
355	260.976	
356	260.817	
357	260.778	
358	260.731	
359	260.709	
360	260.656	
361	260.614	
362	260.544	
363	260.492	
364	260.381	
365	260.31	
366	260.266	
367	260.183	
368	260.096	
369	260.057	
370	260.037	
371	260.021	
372	260.019	
373	260.018	
374	259.998	
375	259.986	
376	259.951	
377	259.937	
378	259.933	
379	259.917	
380	259.905	
381	259.884	
382	259.879	
383	259.875	
384	259.87	
385	259.869	
386	259.867	
387	259.865	
388	259.858	
389	259.855	
390	259.85	
391	259.842	
392	259.839	
393	259.838	
394	259.838	
395	259.838	
396	259.838	
397	259.838	
398	259.837	
399	259.837	
400	259.837	
401	259.836	
402	259.836	
403	259.836	
404	259.836	
405	259.836	
406	259.836	
407	259.836	
408	259.835	
409	259.835	
410	259.835	
411	259.835	
412	259.835	
413	259.835	
414	259.835	
415	259.835	
416	259.835	
417	259.835	
418	259.835	
419	259.835	
420	259.835	
421	259.835	
422	259.835	
423	259.835	
424	259.835	
425	259.835	
426	259.835	
427	259.835	
428	259.835	
429	259.835	
430	259.835	
431	259.835	
432	259.835	
433	259.835	
434	259.835	
435	259.835	
436	259.835	
437	259.835	
438	259.835	
439	259.835	
440	259.835	
441	259.835	
442	259.835	
443	259.835	
444	259.835	
445	259.835	
446	259.835	
447	259.835	
448	259.835	
449	259.835	
450	259.835	
451	259.835	
452	259.835	
453	259.835	
454	259.835	
455	259.835	
456	259.835	
457	259.834	
458	259.834	
459	259.834	
460	259.834	
461	259.834	
462	259.834	
463	259.834	
464	259.834	
465	259.834	
466	259.834	
467	259.834	
468	259.834	
469	259.834	
470	259.834	
471	259.834	
472	259.834	
473	259.834	
474	259.834	
475	259.834	
476	259.834	
477	259.834	
478	259.834	
479	259.834	
480	259.834	
481	259.834	
482	259.834	
483	259.834	
484	259.834	
485	259.834	
486	259.834	
487	259.834	
488	259.834	
489	259.834	
490	259.834	
491	259.834	
492	259.834	
493	259.834	
494	259.834	
495	259.834	
496	259.834	
497	259.834	
498	259.834	
499	259.834	
500	259.834	
501	259.834	
502	259.834	
503	259.834	
504	259.834	
505	259.834	
506	259.834	
507	259.834	
508	259.834	
509	259.834	
510	259.834	
511	259.834	
512	259.834	
513	259.834	
514	259.834	
515	259.834	
516	259.834	
517	259.834	
518	259.834	
519	259.834	
520	259.834	
521	259.834	
522	259.834	
523	259.834	
524	259.834	
525	259.834	
526	259.834	
527	259.834	
528	259.834	
529	259.834	
530	259.834	
531	259.834	
532	259.834	
533	259.834	
534	259.834	
535	259.834	
536	259.834	
537	259.834	
538	259.834	
539	259.834	
540	259.834	
541	259.834	
542	259.834	
543	259.834	
544	259.834	
545	259.834	
546	259.834	
547	259.834	
548	259.834	
549	259.834	
550	259.834	
551	259.834	
552	259.834	
553	259.834	
554	259.834	
555	259.834	
556	259.834	
557	259.834	
558	259.834	
559	259.834	
560	259.834	
561	259.834	
562	259.834	
563	259.834	
564	259.834	
565	259.834	
566	259.834	
567	259.834	
568	259.833	
569	259.833	
570	259.832	
571	259.831	
572	259.831	
573	259.83	
574	259.828	
575	259.827	
576	259.824	
577	259.815	
578	259.81	
579	259.804	
580	259.794	
581	259.779	
582	259.75	
583	259.731	
584	259.708	
585	259.65	
586	259.588	
587	259.495	
588	259.403	
589	259.233	
590	259.117	
591	258.197	
592	257.22	
593	254.595	
594	244.174	
595	234.828	
596	232.48	
597	231.659	
598	230.972	
599	230.554	
600	230.331	
601	230.193	
602	229.799	
603	229.515	
604	229.275	
605	229.132	
606	229.057	
607	229.033	
608	229.021	
609	229.017	
610	229.016	
611	229.013	
612	229.012	
613	229.009	
614	229.008	
615	229.008	
616	229.008	
617	229.008	
618	229.008	
619	229.008	
620	229.008	
621	229.007	
622	229.007	
623	229.007	
624	229.007	
625	229.007	
626	229.007	
627	229.007	
628	229.007	
629	229.007	
630	229.007	
631	229.007	
632	229.007	
633	229.007	
634	229.007	
635	229.007	
636	229.007	
637	229.007	
638	229.007	
639	229.007	
640	229.007	
641	229.007	
642	229.007	
643	229.007	
644	229.007	
645	229.007	
646	229.007	
647	229.007	
648	229.007	
649	229.007	
650	229.007	
651	229.007	
652	229.006	
653	229.006	
654	229.006	
655	229.006	
656	229.005	
657	229.004	
658	229.004	
659	229.004	
660	229.004	
661	229.004	
662	229.004	
663	229.004	
664	229.004	
665	229.004	
666	229.004	
667	229.004	
668	229.004	
669	229.004	
670	229.004	
671	229.004	
672	229.004	
673	229.004	
674	229.004	
675	229.004	
676	229.004	
677	229.004	
678	229.004	
679	229.004	
680	229.004	
681	229.004	
682	229.004	
683	229.004	
684	229.004	
685	229.003	
686	229.003	
687	229.003	
688	229.003	
689	229.002	
690	229.002	
691	229.002	
692	229	
693	229	
694	229	
695	229	
696	228.999	
697	228.996	
698	228.994	
699	228.99	
700	228.988	
701	228.988	
702	228.986	
703	228.984	
704	228.983	
705	228.983	
706	228.982	
707	228.981	
708	228.979	
709	228.973	
710	228.969	
711	228.961	
712	228.956	
713	228.951	
714	228.939	
715	228.932	
716	228.924	
717	228.906	
718	228.894	
719	228.881	
720	228.871	
721	228.864	
722	228.858	
723	228.848	
724	228.776	
725	228.591	
726	228.046	
727	227.562	
728	227.38	
729	227.282	
730	227.227	
731	227.181	
732	227.157	
733	227.143	
734	227.106	
735	227.075	
736	226.974	
737	226.754	
738	226.553	
739	226.299	
740	225.676	
741	225.574	
742	225.435	
743	225.316	
744	225.209	
745	225.102	
746	224.698	
747	224.551	
748	224.467	
749	224.42	
750	224.357	
751	224.309	
752	224.109	
753	223.958	
754	223.768	
755	223.468	
756	222.504	
757	222.25	
758	221.761	
759	221.394	
760	220.629	
761	220.202	
762	219.715	
763	219.306	
764	219.208	
765	219.163	
766	219.025	
767	218.694	
768	218.494	
769	218.463	
770	218.382	
771	218.303	
772	218.169	
773	218.1	
774	218.01	
775	217.964	
776	217.824	
777	217.367	
778	216.141	
779	214.957	
780	213.952	
781	213.579	
782	212.909	
783	212.784	
784	212.165	
785	210.146	
786	206.906	
787	206.305	
788	205.156	
789	203.566	
790	202.516	
791	201.779	
792	200.82	
793	199.678	
794	199.213	
795	198.851	
796	198.757	
797	198.738	
798	198.714	
799	198.622	
800	198.429	
801	198.136	
802	197.997	
803	197.978	
804	197.948	
805	197.933	
806	197.883	
807	197.875	
808	197.867	
809	197.866	
810	197.865	
811	197.864	
812	197.862	
813	197.855	
814	197.853	
815	197.852	
816	197.85	
817	197.85	
818	197.85	
819	197.849	
820	197.849	
821	197.849	
822	197.849	
823	197.849	
824	197.848	
825	197.848	
826	197.848	
827	197.848	
828	197.848	
829	197.848	
830	197.847	
831	197.847	
832	197.847	
833	197.847	
834	197.846	
835	197.846	
836	197.846	
837	197.846	
838	197.846	
839	197.845	
840	197.845	
841	197.845	
842	197.845	
843	197.845	
844	197.845	
845	197.844	
846	197.844	
847	197.844	
848	197.844	
849	197.844	
850	197.844	
851	197.844	
852	197.844	
853	197.844	
854	197.844	
855	197.844	
856	197.844	
857	197.844	
858	197.844	
859	197.844	
860	197.844	
861	197.844	
862	197.844	
863	197.844	
864	197.844	
865	197.844	
866	197.844	
867	197.844	
868	197.844	
869	197.844	
870	197.844	
871	197.844	
872	197.844	
873	197.844	
874	197.844	
875	197.844	
876	197.844	
877	197.844	
878	197.844	
879	197.844	
880	197.844	
881	197.844	
882	197.844	
883	197.844	
884	197.844	
885	197.844	
886	197.844	
887	197.844	
888	197.844	
889	197.844	
890	197.844	
891	197.844	
892	197.844	
893	197.844	
894	197.844	
895	197.844	
896	197.844	
897	197.844	
898	197.844	
899	197.844	
900	197.844	
901	197.844	
902	197.844	
903	197.844	
904	197.844	
905	197.844	
906	197.844	
907	197.844	
908	197.844	
909	197.844	
910	197.844	
911	197.844	
912	197.844	
913	197.844	
914	197.844	
915	197.844	
916	197.844	
917	197.844	
918	197.844	
919	197.844	
920	197.844	
921	197.844	
922	197.844	
923	197.844	
924	197.844	
925	197.844	
926	197.844	
927	197.844	
928	197.844	
929	197.843	
930	197.843	
931	197.841	
932	197.838	
933	197.837	
934	197.835	
935	197.823	
936	197.788	
937	197.752	
938	197.706	
939	197.682	
940	197.67	
941	197.621	
942	197.421	
943	196.483	
944	194.941	
945	194.099	
946	193.589	
947	192.835	
948	192.431	
949	191.778	
950	190.538	
951	188.806	
952	188.472	
953	187.891	
954	187.551	
955	187.321	
956	187.27	
957	187.149	
958	187.093	
959	187.058	
960	187.037	
961	187.018	
962	187.017	
963	187.014	
964	187.009	
965	187.002	
966	187.001	
967	187.001	
968	187.001	
969	187.001	
970	187.001	
971	187.001	
972	187.001	
973	187.001	
974	187.001	
975	187.001	
976	187.001	
977	187.001	
978	187.001	
979	187.001	
980	187.001	
981	187.001	
982	187.001	
983	187.001	
984	187.001	
985	187.001	
986	187.001	
987	187.001	
988	187.001	
989	187.001	
990	187.001	
991	187.001	
992	187.001	
993	187.001	
994	187.001	
995	187.001	
996	187.001	
997	187.001	
998	187.001	
999	187.001	
1000	187.001	
# iterates cost: 5.91996
