# Reading DATA...
# Reading Matrix Successfully!
MRSM
0	3.96658e+34
1	3.30303e+33
2	8.32872e+32
3	3.40999e+32
4	1.70366e+32
5	9.72002e+31
6	6.05844e+31
7	4.04646e+31
8	2.8448e+31
9	2.08446e+31
10	1.57701e+31
11	1.22524e+31
12	9.72572e+30
13	7.86334e+30
14	6.45625e+30
15	5.37333e+30
16	4.52472e+30
17	3.85045e+30
18	3.30725e+30
19	2.86487e+30
20	2.50058e+30
21	2.19794e+30
22	1.94421e+30
23	1.7299e+30
24	1.54748e+30
25	1.39122e+30
26	1.25647e+30
27	1.13962e+30
28	1.0377e+30
29	9.48382e+29
30	8.69694e+29
31	8.00078e+29
32	7.38208e+29
33	6.83012e+29
34	6.33573e+29
35	5.8914e+29
36	5.49063e+29
37	5.12807e+29
38	4.79902e+29
39	4.49958e+29
40	4.22631e+29
41	3.97632e+29
42	3.74704e+29
43	3.53631e+29
44	3.34216e+29
45	3.16296e+29
46	2.99721e+29
47	2.84362e+29
48	2.70103e+29
49	2.56845e+29
50	2.44497e+29
51	2.32978e+29
52	2.22217e+29
53	2.1215e+29
54	2.0272e+29
55	1.93874e+29
56	1.85566e+29
57	1.77754e+29
58	1.704e+29
59	1.6347e+29
60	1.56931e+29
61	1.50757e+29
62	1.4492e+29
63	1.39397e+29
64	1.34165e+29
65	1.29207e+29
66	1.24502e+29
67	1.20035e+29
68	1.1579e+29
69	1.11752e+29
70	1.0791e+29
71	1.0425e+29
72	1.00761e+29
73	9.74337e+28
74	9.42579e+28
75	9.12249e+28
76	8.83264e+28
77	8.55547e+28
78	8.29026e+28
79	8.03637e+28
80	7.79316e+28
81	7.56006e+28
82	7.33653e+28
83	7.12207e+28
84	6.91619e+28
85	6.71848e+28
86	6.5285e+28
87	6.34587e+28
88	6.17023e+28
89	6.00123e+28
90	5.83855e+28
91	5.68189e+28
92	5.53096e+28
93	5.3855e+28
94	5.24526e+28
95	5.10998e+28
96	4.97945e+28
97	4.85346e+28
98	4.73181e+28
99	4.61429e+28
100	4.50074e+28
101	4.39099e+28
102	4.28486e+28
103	4.18222e+28
104	4.0829e+28
105	3.98679e+28
106	3.89373e+28
107	3.80362e+28
108	3.71634e+28
109	3.63176e+28
110	3.54978e+28
111	3.47031e+28
112	3.39324e+28
113	3.31849e+28
114	3.24596e+28
115	3.17557e+28
116	3.10724e+28
117	3.0409e+28
118	2.97646e+28
119	2.91387e+28
120	2.85306e+28
121	2.79396e+28
122	2.7365e+28
123	2.68065e+28
124	2.62632e+28
125	2.57349e+28
126	2.52208e+28
127	2.47206e+28
128	2.42337e+28
129	2.37598e+28
130	2.32983e+28
131	2.2849e+28
132	2.24113e+28
133	2.19849e+28
134	2.15694e+28
135	2.11645e+28
136	2.07698e+28
137	2.03851e+28
138	2.00099e+28
139	1.9644e+28
140	1.92872e+28
141	1.89391e+28
142	1.85994e+28
143	1.8268e+28
144	1.79445e+28
145	1.76287e+28
146	1.73204e+28
147	1.70194e+28
148	1.67254e+28
149	1.64383e+28
150	1.61578e+28
151	1.58837e+28
152	1.5616e+28
153	1.53543e+28
154	1.50985e+28
155	1.48485e+28
156	1.4604e+28
157	1.4365e+28
158	1.41312e+28
159	1.39026e+28
160	1.3679e+28
161	1.34602e+28
162	1.32462e+28
163	1.30367e+28
164	1.28317e+28
165	1.26311e+28
166	1.24347e+28
167	1.22424e+28
168	1.20541e+28
169	1.18698e+28
170	1.16893e+28
171	1.15124e+28
172	1.13392e+28
173	1.11695e+28
174	1.10033e+28
175	1.08403e+28
176	1.06807e+28
177	1.05242e+28
178	1.03709e+28
179	1.02205e+28
180	1.00731e+28
181	9.9286e+27
182	9.78689e+27
183	9.64792e+27
184	9.51162e+27
185	9.37793e+27
186	9.24678e+27
187	9.11812e+27
188	8.99189e+27
189	8.86802e+27
190	8.74647e+27
191	8.62717e+27
192	8.51009e+27
193	8.39516e+27
194	8.28233e+27
195	8.17156e+27
196	8.0628e+27
197	7.95601e+27
198	7.85113e+27
199	7.74814e+27
200	7.64698e+27
201	7.54761e+27
202	7.44999e+27
203	7.3541e+27
204	7.25987e+27
205	7.16729e+27
206	7.07632e+27
207	6.98691e+27
208	6.89904e+27
209	6.81267e+27
210	6.72778e+27
211	6.64432e+27
212	6.56227e+27
213	6.4816e+27
214	6.40228e+27
215	6.32428e+27
216	6.24758e+27
217	6.17214e+27
218	6.09794e+27
219	6.02496e+27
220	5.95316e+27
221	5.88253e+27
222	5.81305e+27
223	5.74468e+27
224	5.67741e+27
225	5.61121e+27
226	5.54606e+27
227	5.48195e+27
228	5.41885e+27
229	5.35673e+27
230	5.29559e+27
231	5.2354e+27
232	5.17614e+27
233	5.1178e+27
234	5.06036e+27
235	5.00379e+27
236	4.94809e+27
237	4.89324e+27
238	4.83921e+27
239	4.786e+27
240	4.73359e+27
241	4.68196e+27
242	4.63111e+27
243	4.581e+27
244	4.53164e+27
245	4.483e+27
246	4.43508e+27
247	4.38786e+27
248	4.34132e+27
249	4.29546e+27
250	4.25026e+27
251	4.20571e+27
252	4.1618e+27
253	4.11852e+27
254	4.07585e+27
255	4.03379e+27
256	3.99232e+27
257	3.95143e+27
258	3.91112e+27
259	3.87136e+27
260	3.83217e+27
261	3.79351e+27
262	3.75539e+27
263	3.71779e+27
264	3.68071e+27
265	3.64413e+27
266	3.60805e+27
267	3.57246e+27
268	3.53735e+27
269	3.50271e+27
270	3.46854e+27
271	3.43482e+27
272	3.40156e+27
273	3.36873e+27
274	3.33634e+27
275	3.30437e+27
276	3.27282e+27
277	3.24169e+27
278	3.21096e+27
279	3.18063e+27
280	3.15069e+27
281	3.12114e+27
282	3.09196e+27
283	3.06317e+27
284	3.03473e+27
285	3.00666e+27
286	2.97895e+27
287	2.95159e+27
288	2.92457e+27
289	2.89788e+27
290	2.87154e+27
291	2.84552e+27
292	2.81982e+27
293	2.79444e+27
294	2.76938e+27
295	2.74462e+27
296	2.72016e+27
297	2.69601e+27
298	2.67215e+27
299	2.64857e+27
300	2.62529e+27
301	2.60228e+27
302	2.57955e+27
303	2.55709e+27
304	2.5349e+27
305	2.51297e+27
306	2.49131e+27
307	2.46989e+27
308	2.44874e+27
309	2.42783e+27
310	2.40716e+27
311	2.38674e+27
312	2.36655e+27
313	2.3466e+27
314	2.32687e+27
315	2.30738e+27
316	2.28811e+27
317	2.26905e+27
318	2.25022e+27
319	2.2316e+27
320	2.21319e+27
321	2.19499e+27
322	2.177e+27
323	2.1592e+27
324	2.14161e+27
325	2.12421e+27
326	2.10701e+27
327	2.08999e+27
328	2.07317e+27
329	2.05653e+27
330	2.04007e+27
331	2.0238e+27
332	2.0077e+27
333	1.99178e+27
334	1.97603e+27
335	1.96045e+27
336	1.94504e+27
337	1.92979e+27
338	1.91471e+27
339	1.89979e+27
340	1.88503e+27
341	1.87043e+27
342	1.85598e+27
343	1.84169e+27
344	1.82754e+27
345	1.81355e+27
346	1.7997e+27
347	1.78599e+27
348	1.77243e+27
349	1.75901e+27
350	1.74573e+27
351	1.73259e+27
352	1.71958e+27
353	1.7067e+27
354	1.69396e+27
355	1.68135e+27
356	1.66886e+27
357	1.65651e+27
358	1.64427e+27
359	1.63217e+27
360	1.62018e+27
361	1.60831e+27
362	1.59657e+27
363	1.58494e+27
364	1.57343e+27
365	1.56203e+27
366	1.55074e+27
367	1.53957e+27
368	1.5285e+27
369	1.51755e+27
370	1.5067e+27
371	1.49596e+27
372	1.48532e+27
373	1.47479e+27
374	1.46436e+27
375	1.45403e+27
376	1.4438e+27
377	1.43366e+27
378	1.42363e+27
379	1.41369e+27
380	1.40385e+27
381	1.3941e+27
382	1.38444e+27
383	1.37487e+27
384	1.3654e+27
385	1.35601e+27
386	1.34671e+27
387	1.3375e+27
388	1.32838e+27
389	1.31934e+27
390	1.31038e+27
391	1.30151e+27
392	1.29272e+27
393	1.28401e+27
394	1.27538e+27
395	1.26683e+27
396	1.25836e+27
397	1.24996e+27
398	1.24165e+27
399	1.23341e+27
400	1.22524e+27
401	1.21715e+27
402	1.20913e+27
403	1.20118e+27
404	1.1933e+27
405	1.18549e+27
406	1.17776e+27
407	1.17009e+27
408	1.16249e+27
409	1.15496e+27
410	1.1475e+27
411	1.1401e+27
412	1.13276e+27
413	1.12549e+27
414	1.11829e+27
415	1.11115e+27
416	1.10407e+27
417	1.09705e+27
418	1.09009e+27
419	1.08319e+27
420	1.07635e+27
421	1.06957e+27
422	1.06285e+27
423	1.05619e+27
424	1.04958e+27
425	1.04304e+27
426	1.03654e+27
427	1.0301e+27
428	1.02372e+27
429	1.01739e+27
430	1.01111e+27
431	1.00489e+27
432	9.98717e+26
433	9.92597e+26
434	9.86529e+26
435	9.80511e+26
436	9.74543e+26
437	9.68625e+26
438	9.62756e+26
439	9.56935e+26
440	9.51163e+26
441	9.45438e+26
442	9.3976e+26
443	9.34128e+26
444	9.28543e+26
445	9.23003e+26
446	9.17508e+26
447	9.12058e+26
448	9.06652e+26
449	9.01289e+26
450	8.9597e+26
451	8.90694e+26
452	8.8546e+26
453	8.80269e+26
454	8.75118e+26
455	8.70009e+26
456	8.6494e+26
457	8.59912e+26
458	8.54924e+26
459	8.49975e+26
460	8.45065e+26
461	8.40194e+26
462	8.35361e+26
463	8.30566e+26
464	8.25809e+26
465	8.21088e+26
466	8.16405e+26
467	8.11758e+26
468	8.07147e+26
469	8.02572e+26
470	7.98032e+26
471	7.93527e+26
472	7.89057e+26
473	7.84621e+26
474	7.80219e+26
475	7.75851e+26
476	7.71516e+26
477	7.67214e+26
478	7.62945e+26
479	7.58708e+26
480	7.54504e+26
481	7.50331e+26
482	7.46189e+26
483	7.42079e+26
484	7.38e+26
485	7.33951e+26
486	7.29933e+26
487	7.25944e+26
488	7.21985e+26
489	7.18056e+26
490	7.14156e+26
491	7.10284e+26
492	7.06442e+26
493	7.02627e+26
494	6.98841e+26
495	6.95083e+26
496	6.91352e+26
497	6.87648e+26
498	6.83972e+26
499	6.80322e+26
500	6.76699e+26
501	6.73102e+26
502	6.69531e+26
503	6.65986e+26
504	6.62467e+26
505	6.58973e+26
506	6.55504e+26
507	6.5206e+26
508	6.4864e+26
509	6.45245e+26
510	6.41875e+26
511	6.38528e+26
512	6.35205e+26
513	6.31906e+26
514	6.2863e+26
515	6.25377e+26
516	6.22147e+26
517	6.1894e+26
518	6.15756e+26
519	6.12594e+26
520	6.09454e+26
521	6.06336e+26
522	6.03239e+26
523	6.00164e+26
524	5.97111e+26
525	5.94079e+26
526	5.91068e+26
527	5.88077e+26
528	5.85107e+26
529	5.82158e+26
530	5.79229e+26
531	5.7632e+26
532	5.73431e+26
533	5.70562e+26
534	5.67712e+26
535	5.64882e+26
536	5.62071e+26
537	5.59279e+26
538	5.56506e+26
539	5.53752e+26
540	5.51016e+26
541	5.48299e+26
542	5.456e+26
543	5.42919e+26
544	5.40256e+26
545	5.37611e+26
546	5.34984e+26
547	5.32374e+26
548	5.29782e+26
549	5.27206e+26
550	5.24648e+26
551	5.22107e+26
552	5.19583e+26
553	5.17075e+26
554	5.14584e+26
555	5.12109e+26
556	5.0965e+26
557	5.07208e+26
558	5.04781e+26
559	5.02371e+26
560	4.99976e+26
561	4.97596e+26
562	4.95232e+26
563	4.92884e+26
564	4.9055e+26
565	4.88232e+26
566	4.85929e+26
567	4.8364e+26
568	4.81367e+26
569	4.79108e+26
570	4.76863e+26
571	4.74633e+26
572	4.72416e+26
573	4.70215e+26
574	4.68027e+26
575	4.65853e+26
576	4.63692e+26
577	4.61546e+26
578	4.59413e+26
579	4.57294e+26
580	4.55187e+26
581	4.53095e+26
582	4.51015e+26
583	4.48948e+26
584	4.46894e+26
585	4.44854e+26
586	4.42825e+26
587	4.4081e+26
588	4.38807e+26
589	4.36817e+26
590	4.34838e+26
591	4.32872e+26
592	4.30919e+26
593	4.28977e+26
594	4.27047e+26
595	4.25129e+26
596	4.23223e+26
597	4.21329e+26
598	4.19446e+26
599	4.17575e+26
600	4.15715e+26
601	4.13866e+26
602	4.12029e+26
603	4.10203e+26
604	4.08388e+26
605	4.06584e+26
606	4.04791e+26
607	4.03008e+26
608	4.01237e+26
609	3.99476e+26
610	3.97726e+26
611	3.95986e+26
612	3.94256e+26
613	3.92537e+26
614	3.90828e+26
615	3.8913e+26
616	3.87441e+26
617	3.85763e+26
618	3.84094e+26
619	3.82436e+26
620	3.80787e+26
621	3.79148e+26
622	3.77518e+26
623	3.75898e+26
624	3.74288e+26
625	3.72687e+26
626	3.71096e+26
627	3.69514e+26
628	3.67941e+26
629	3.66377e+26
630	3.64822e+26
631	3.63277e+26
632	3.6174e+26
633	3.60213e+26
634	3.58694e+26
635	3.57184e+26
636	3.55682e+26
637	3.5419e+26
638	3.52706e+26
639	3.5123e+26
640	3.49763e+26
641	3.48304e+26
642	3.46854e+26
643	3.45412e+26
644	3.43978e+26
645	3.42553e+26
646	3.41135e+26
647	3.39726e+26
648	3.38324e+26
649	3.36931e+26
650	3.35545e+26
651	3.34167e+26
652	3.32797e+26
653	3.31435e+26
654	3.3008e+26
655	3.28733e+26
656	3.27394e+26
657	3.26062e+26
658	3.24737e+26
659	3.2342e+26
660	3.2211e+26
661	3.20808e+26
662	3.19512e+26
663	3.18224e+26
664	3.16943e+26
665	3.15669e+26
666	3.14403e+26
667	3.13143e+26
668	3.1189e+26
669	3.10644e+26
670	3.09405e+26
671	3.08172e+26
672	3.06947e+26
673	3.05728e+26
674	3.04516e+26
675	3.0331e+26
676	3.02111e+26
677	3.00918e+26
678	2.99732e+26
679	2.98553e+26
680	2.9738e+26
681	2.96213e+26
682	2.95052e+26
683	2.93898e+26
684	2.9275e+26
685	2.91608e+26
686	2.90472e+26
687	2.89343e+26
688	2.88219e+26
689	2.87101e+26
690	2.8599e+26
691	2.84884e+26
692	2.83784e+26
693	2.8269e+26
694	2.81602e+26
695	2.8052e+26
696	2.79443e+26
697	2.78372e+26
698	2.77307e+26
699	2.76248e+26
700	2.75194e+26
701	2.74145e+26
702	2.73102e+26
703	2.72065e+26
704	2.71033e+26
705	2.70006e+26
706	2.68985e+26
707	2.67969e+26
708	2.66958e+26
709	2.65953e+26
710	2.64953e+26
711	2.63958e+26
712	2.62968e+26
713	2.61983e+26
714	2.61004e+26
715	2.60029e+26
716	2.5906e+26
717	2.58095e+26
718	2.57136e+26
719	2.56181e+26
720	2.55231e+26
721	2.54286e+26
722	2.53347e+26
723	2.52411e+26
724	2.51481e+26
725	2.50555e+26
726	2.49634e+26
727	2.48718e+26
728	2.47806e+26
729	2.46899e+26
730	2.45997e+26
731	2.45099e+26
732	2.44206e+26
733	2.43317e+26
734	2.42433e+26
735	2.41553e+26
736	2.40678e+26
737	2.39807e+26
738	2.3894e+26
739	2.38078e+26
740	2.3722e+26
741	2.36366e+26
742	2.35516e+26
743	2.34671e+26
744	2.3383e+26
745	2.32993e+26
746	2.32161e+26
747	2.31332e+26
748	2.30507e+26
749	2.29687e+26
750	2.28871e+26
751	2.28058e+26
752	2.2725e+26
753	2.26446e+26
754	2.25645e+26
755	2.24849e+26
756	2.24056e+26
757	2.23268e+26
758	2.22483e+26
759	2.21702e+26
760	2.20925e+26
761	2.20151e+26
762	2.19381e+26
763	2.18616e+26
764	2.17853e+26
765	2.17095e+26
766	2.1634e+26
767	2.15589e+26
768	2.14841e+26
769	2.14097e+26
770	2.13357e+26
771	2.1262e+26
772	2.11887e+26
773	2.11157e+26
774	2.10431e+26
775	2.09708e+26
776	2.08989e+26
777	2.08273e+26
778	2.0756e+26
779	2.06851e+26
780	2.06145e+26
781	2.05443e+26
782	2.04744e+26
783	2.04048e+26
784	2.03356e+26
785	2.02666e+26
786	2.01981e+26
787	2.01298e+26
788	2.00618e+26
789	1.99942e+26
790	1.99269e+26
791	1.98599e+26
792	1.97932e+26
793	1.97269e+26
794	1.96608e+26
795	1.9595e+26
796	1.95296e+26
797	1.94645e+26
798	1.93996e+26
799	1.93351e+26
800	1.92709e+26
801	1.92069e+26
802	1.91433e+26
803	1.90799e+26
804	1.90169e+26
805	1.89541e+26
806	1.88916e+26
807	1.88294e+26
808	1.87675e+26
809	1.87059e+26
810	1.86446e+26
811	1.85835e+26
812	1.85227e+26
813	1.84623e+26
814	1.8402e+26
815	1.83421e+26
816	1.82824e+26
817	1.8223e+26
818	1.81639e+26
819	1.8105e+26
820	1.80464e+26
821	1.79881e+26
822	1.793e+26
823	1.78722e+26
824	1.78146e+26
825	1.77574e+26
826	1.77003e+26
827	1.76436e+26
828	1.7587e+26
829	1.75308e+26
830	1.74748e+26
831	1.7419e+26
832	1.73635e+26
833	1.73082e+26
834	1.72532e+26
835	1.71984e+26
836	1.71439e+26
837	1.70896e+26
838	1.70355e+26
839	1.69817e+26
840	1.69282e+26
841	1.68748e+26
842	1.68217e+26
843	1.67689e+26
844	1.67162e+26
845	1.66638e+26
846	1.66116e+26
847	1.65597e+26
848	1.6508e+26
849	1.64565e+26
850	1.64052e+26
851	1.63542e+26
852	1.63034e+26
853	1.62528e+26
854	1.62024e+26
855	1.61523e+26
856	1.61023e+26
857	1.60526e+26
858	1.60031e+26
859	1.59538e+26
860	1.59047e+26
861	1.58559e+26
862	1.58072e+26
863	1.57588e+26
864	1.57105e+26
865	1.56625e+26
866	1.56147e+26
867	1.55671e+26
868	1.55196e+26
869	1.54724e+26
870	1.54254e+26
871	1.53786e+26
872	1.5332e+26
873	1.52856e+26
874	1.52394e+26
875	1.51934e+26
876	1.51476e+26
877	1.51019e+26
878	1.50565e+26
879	1.50113e+26
880	1.49662e+26
881	1.49213e+26
882	1.48767e+26
883	1.48322e+26
884	1.47879e+26
885	1.47438e+26
886	1.46999e+26
887	1.46561e+26
888	1.46126e+26
889	1.45692e+26
890	1.4526e+26
891	1.4483e+26
892	1.44402e+26
893	1.43975e+26
894	1.4355e+26
895	1.43127e+26
896	1.42706e+26
897	1.42287e+26
898	1.41869e+26
899	1.41453e+26
900	1.41038e+26
901	1.40626e+26
902	1.40215e+26
903	1.39806e+26
904	1.39398e+26
905	1.38992e+26
906	1.38588e+26
907	1.38186e+26
908	1.37785e+26
909	1.37386e+26
910	1.36988e+26
911	1.36592e+26
912	1.36198e+26
913	1.35805e+26
914	1.35414e+26
915	1.35024e+26
916	1.34636e+26
917	1.3425e+26
918	1.33865e+26
919	1.33482e+26
920	1.331e+26
921	1.3272e+26
922	1.32341e+26
923	1.31964e+26
924	1.31589e+26
925	1.31214e+26
926	1.30842e+26
927	1.30471e+26
928	1.30101e+26
929	1.29733e+26
930	1.29366e+26
931	1.29001e+26
932	1.28637e+26
933	1.28275e+26
934	1.27914e+26
935	1.27555e+26
936	1.27197e+26
937	1.2684e+26
938	1.26485e+26
939	1.26132e+26
940	1.25779e+26
941	1.25428e+26
942	1.25079e+26
943	1.24731e+26
944	1.24384e+26
945	1.24038e+26
946	1.23694e+26
947	1.23352e+26
948	1.2301e+26
949	1.2267e+26
950	1.22332e+26
951	1.21994e+26
952	1.21658e+26
953	1.21323e+26
954	1.2099e+26
955	1.20658e+26
956	1.20327e+26
957	1.19997e+26
958	1.19669e+26
959	1.19342e+26
960	1.19016e+26
961	1.18692e+26
962	1.18369e+26
963	1.18047e+26
964	1.17726e+26
965	1.17406e+26
966	1.17088e+26
967	1.16771e+26
968	1.16455e+26
969	1.16141e+26
970	1.15827e+26
971	1.15515e+26
972	1.15204e+26
973	1.14894e+26
974	1.14586e+26
975	1.14278e+26
976	1.13972e+26
977	1.13667e+26
978	1.13363e+26
979	1.1306e+26
980	1.12758e+26
981	1.12458e+26
982	1.12158e+26
983	1.1186e+26
984	1.11563e+26
985	1.11267e+26
986	1.10972e+26
987	1.10678e+26
988	1.10386e+26
989	1.10094e+26
990	1.09804e+26
991	1.09514e+26
992	1.09226e+26
993	1.08939e+26
994	1.08653e+26
995	1.08368e+26
996	1.08084e+26
997	1.07801e+26
998	1.07519e+26
999	1.07238e+26
1000	1.06958e+26
1001	1.0668e+26
1002	1.06402e+26
1003	1.06125e+26
1004	1.05849e+26
1005	1.05575e+26
1006	1.05301e+26
1007	1.05029e+26
1008	1.04757e+26
1009	1.04486e+26
1010	1.04217e+26
1011	1.03948e+26
1012	1.0368e+26
1013	1.03414e+26
1014	1.03148e+26
1015	1.02883e+26
1016	1.0262e+26
1017	1.02357e+26
1018	1.02095e+26
1019	1.01834e+26
1020	1.01574e+26
1021	1.01315e+26
1022	1.01057e+26
1023	1.008e+26
1024	1.00544e+26
1025	1.00289e+26
1026	1.00035e+26
1027	9.97813e+25
1028	9.95288e+25
1029	9.92773e+25
1030	9.90266e+25
1031	9.87769e+25
1032	9.85281e+25
1033	9.82801e+25
1034	9.80331e+25
1035	9.77869e+25
1036	9.75416e+25
1037	9.72972e+25
1038	9.70537e+25
1039	9.6811e+25
1040	9.65693e+25
1041	9.63283e+25
1042	9.60883e+25
1043	9.58491e+25
1044	9.56107e+25
1045	9.53732e+25
1046	9.51365e+25
1047	9.49007e+25
1048	9.46657e+25
1049	9.44315e+25
1050	9.41982e+25
1051	9.39657e+25
1052	9.3734e+25
1053	9.35031e+25
1054	9.32731e+25
1055	9.30438e+25
1056	9.28154e+25
1057	9.25878e+25
1058	9.23609e+25
1059	9.21349e+25
1060	9.19096e+25
1061	9.16852e+25
1062	9.14615e+25
1063	9.12386e+25
1064	9.10165e+25
1065	9.07951e+25
1066	9.05745e+25
1067	9.03547e+25
1068	9.01357e+25
1069	8.99174e+25
1070	8.96999e+25
1071	8.94831e+25
1072	8.92671e+25
1073	8.90518e+25
1074	8.88373e+25
1075	8.86235e+25
1076	8.84105e+25
1077	8.81981e+25
1078	8.79866e+25
1079	8.77757e+25
1080	8.75656e+25
1081	8.73562e+25
1082	8.71475e+25
1083	8.69395e+25
1084	8.67322e+25
1085	8.65257e+25
1086	8.63198e+25
1087	8.61147e+25
1088	8.59102e+25
1089	8.57065e+25
1090	8.55034e+25
1091	8.5301e+25
1092	8.50994e+25
1093	8.48984e+25
1094	8.4698e+25
1095	8.44984e+25
1096	8.42994e+25
1097	8.41012e+25
1098	8.39035e+25
1099	8.37066e+25
1100	8.35103e+25
1101	8.33147e+25
1102	8.31197e+25
1103	8.29254e+25
1104	8.27317e+25
1105	8.25387e+25
1106	8.23464e+25
1107	8.21546e+25
1108	8.19636e+25
1109	8.17731e+25
1110	8.15833e+25
1111	8.13942e+25
1112	8.12056e+25
1113	8.10177e+25
1114	8.08304e+25
1115	8.06438e+25
1116	8.04577e+25
1117	8.02723e+25
1118	8.00875e+25
1119	7.99033e+25
1120	7.97197e+25
1121	7.95367e+25
1122	7.93543e+25
1123	7.91726e+25
1124	7.89914e+25
1125	7.88108e+25
1126	7.86308e+25
1127	7.84514e+25
1128	7.82726e+25
1129	7.80944e+25
1130	7.79168e+25
1131	7.77397e+25
1132	7.75632e+25
1133	7.73873e+25
1134	7.7212e+25
1135	7.70373e+25
1136	7.68631e+25
1137	7.66895e+25
1138	7.65164e+25
1139	7.6344e+25
1140	7.6172e+25
1141	7.60007e+25
1142	7.58299e+25
1143	7.56596e+25
1144	7.54899e+25
1145	7.53207e+25
1146	7.51521e+25
1147	7.49841e+25
1148	7.48165e+25
1149	7.46496e+25
1150	7.44831e+25
1151	7.43172e+25
1152	7.41518e+25
1153	7.3987e+25
1154	7.38227e+25
1155	7.36589e+25
1156	7.34956e+25
1157	7.33329e+25
1158	7.31706e+25
1159	7.30089e+25
1160	7.28477e+25
1161	7.26871e+25
1162	7.25269e+25
1163	7.23672e+25
1164	7.22081e+25
1165	7.20494e+25
1166	7.18913e+25
1167	7.17337e+25
1168	7.15765e+25
1169	7.14199e+25
1170	7.12637e+25
1171	7.11081e+25
1172	7.09529e+25
1173	7.07982e+25
1174	7.06441e+25
1175	7.04904e+25
1176	7.03371e+25
1177	7.01844e+25
1178	7.00322e+25
1179	6.98804e+25
1180	6.97291e+25
1181	6.95782e+25
1182	6.94279e+25
1183	6.9278e+25
1184	6.91286e+25
1185	6.89796e+25
1186	6.88311e+25
1187	6.86831e+25
1188	6.85355e+25
1189	6.83884e+25
1190	6.82418e+25
1191	6.80956e+25
1192	6.79498e+25
1193	6.78046e+25
1194	6.76597e+25
1195	6.75153e+25
1196	6.73714e+25
1197	6.72279e+25
1198	6.70848e+25
1199	6.69422e+25
1200	6.68e+25
1201	6.66583e+25
1202	6.6517e+25
1203	6.63761e+25
1204	6.62356e+25
1205	6.60956e+25
1206	6.59561e+25
1207	6.58169e+25
1208	6.56782e+25
1209	6.55399e+25
1210	6.5402e+25
1211	6.52645e+25
1212	6.51275e+25
1213	6.49909e+25
1214	6.48546e+25
1215	6.47188e+25
1216	6.45835e+25
1217	6.44485e+25
1218	6.43139e+25
1219	6.41798e+25
1220	6.4046e+25
1221	6.39127e+25
1222	6.37797e+25
1223	6.36472e+25
1224	6.3515e+25
1225	6.33833e+25
1226	6.32519e+25
1227	6.3121e+25
1228	6.29904e+25
1229	6.28603e+25
1230	6.27305e+25
1231	6.26011e+25
1232	6.24721e+25
1233	6.23435e+25
1234	6.22152e+25
1235	6.20874e+25
1236	6.19599e+25
1237	6.18328e+25
1238	6.17061e+25
1239	6.15798e+25
1240	6.14539e+25
1241	6.13283e+25
1242	6.12031e+25
1243	6.10782e+25
1244	6.09538e+25
1245	6.08297e+25
1246	6.07059e+25
1247	6.05826e+25
1248	6.04596e+25
1249	6.03369e+25
1250	6.02147e+25
1251	6.00928e+25
1252	5.99712e+25
1253	5.985e+25
1254	5.97292e+25
1255	5.96087e+25
1256	5.94885e+25
1257	5.93688e+25
1258	5.92493e+25
1259	5.91303e+25
1260	5.90115e+25
1261	5.88931e+25
1262	5.87751e+25
1263	5.86574e+25
1264	5.85401e+25
1265	5.8423e+25
1266	5.83064e+25
1267	5.819e+25
1268	5.8074e+25
1269	5.79584e+25
1270	5.78431e+25
1271	5.77281e+25
1272	5.76134e+25
1273	5.74991e+25
1274	5.73851e+25
1275	5.72715e+25
1276	5.71581e+25
1277	5.70451e+25
1278	5.69324e+25
1279	5.68201e+25
1280	5.67081e+25
1281	5.65963e+25
1282	5.6485e+25
1283	5.63739e+25
1284	5.62631e+25
1285	5.61527e+25
1286	5.60426e+25
1287	5.59328e+25
1288	5.58233e+25
1289	5.57141e+25
1290	5.56052e+25
1291	5.54967e+25
1292	5.53884e+25
1293	5.52805e+25
1294	5.51729e+25
1295	5.50655e+25
1296	5.49585e+25
1297	5.48518e+25
1298	5.47454e+25
1299	5.46393e+25
1300	5.45335e+25
1301	5.44279e+25
1302	5.43227e+25
1303	5.42178e+25
1304	5.41132e+25
1305	5.40089e+25
1306	5.39048e+25
1307	5.38011e+25
1308	5.36976e+25
1309	5.35945e+25
1310	5.34916e+25
1311	5.3389e+25
1312	5.32867e+25
1313	5.31847e+25
1314	5.3083e+25
1315	5.29816e+25
1316	5.28804e+25
1317	5.27795e+25
1318	5.26789e+25
1319	5.25786e+25
1320	5.24786e+25
1321	5.23788e+25
1322	5.22794e+25
1323	5.21802e+25
1324	5.20812e+25
1325	5.19826e+25
1326	5.18842e+25
1327	5.17861e+25
1328	5.16883e+25
1329	5.15907e+25
1330	5.14934e+25
1331	5.13964e+25
1332	5.12997e+25
1333	5.12032e+25
1334	5.11069e+25
1335	5.1011e+25
1336	5.09153e+25
1337	5.08199e+25
1338	5.07247e+25
1339	5.06298e+25
1340	5.05351e+25
1341	5.04407e+25
1342	5.03466e+25
1343	5.02527e+25
1344	5.01591e+25
1345	5.00657e+25
1346	4.99726e+25
1347	4.98798e+25
1348	4.97872e+25
1349	4.96948e+25
1350	4.96027e+25
1351	4.95109e+25
1352	4.94193e+25
1353	4.93279e+25
1354	4.92368e+25
1355	4.9146e+25
1356	4.90554e+25
1357	4.8965e+25
1358	4.88749e+25
1359	4.8785e+25
1360	4.86954e+25
1361	4.8606e+25
1362	4.85168e+25
1363	4.84279e+25
1364	4.83392e+25
1365	4.82508e+25
1366	4.81626e+25
1367	4.80746e+25
1368	4.79869e+25
1369	4.78994e+25
1370	4.78122e+25
1371	4.77251e+25
1372	4.76384e+25
1373	4.75518e+25
1374	4.74655e+25
1375	4.73794e+25
1376	4.72935e+25
1377	4.72079e+25
1378	4.71225e+25
1379	4.70373e+25
1380	4.69523e+25
1381	4.68676e+25
1382	4.67831e+25
1383	4.66988e+25
1384	4.66147e+25
1385	4.65309e+25
1386	4.64473e+25
1387	4.63639e+25
1388	4.62807e+25
1389	4.61977e+25
1390	4.6115e+25
1391	4.60325e+25
1392	4.59502e+25
1393	4.58681e+25
1394	4.57862e+25
1395	4.57046e+25
1396	4.56231e+25
1397	4.55419e+25
1398	4.54609e+25
1399	4.53801e+25
1400	4.52995e+25
1401	4.52191e+25
1402	4.51389e+25
1403	4.5059e+25
1404	4.49792e+25
1405	4.48997e+25
1406	4.48203e+25
1407	4.47412e+25
1408	4.46623e+25
1409	4.45836e+25
1410	4.4505e+25
1411	4.44267e+25
1412	4.43486e+25
1413	4.42707e+25
1414	4.4193e+25
1415	4.41155e+25
1416	4.40382e+25
1417	4.39611e+25
1418	4.38842e+25
1419	4.38075e+25
1420	4.3731e+25
1421	4.36547e+25
1422	4.35785e+25
1423	4.35026e+25
1424	4.34269e+25
1425	4.33514e+25
1426	4.3276e+25
1427	4.32009e+25
1428	4.31259e+25
1429	4.30512e+25
1430	4.29766e+25
1431	4.29022e+25
1432	4.2828e+25
1433	4.2754e+25
1434	4.26802e+25
1435	4.26066e+25
1436	4.25332e+25
1437	4.24599e+25
1438	4.23869e+25
1439	4.2314e+25
1440	4.22413e+25
1441	4.21688e+25
1442	4.20965e+25
1443	4.20243e+25
1444	4.19524e+25
1445	4.18806e+25
1446	4.1809e+25
1447	4.17376e+25
1448	4.16663e+25
1449	4.15953e+25
1450	4.15244e+25
1451	4.14537e+25
1452	4.13832e+25
1453	4.13129e+25
1454	4.12427e+25
1455	4.11727e+25
1456	4.11029e+25
1457	4.10333e+25
1458	4.09638e+25
1459	4.08945e+25
1460	4.08254e+25
1461	4.07565e+25
1462	4.06877e+25
1463	4.06191e+25
1464	4.05507e+25
1465	4.04824e+25
1466	4.04143e+25
1467	4.03464e+25
1468	4.02786e+25
1469	4.02111e+25
1470	4.01437e+25
1471	4.00764e+25
1472	4.00093e+25
1473	3.99424e+25
1474	3.98757e+25
1475	3.98091e+25
1476	3.97427e+25
1477	3.96764e+25
1478	3.96103e+25
1479	3.95444e+25
1480	3.94786e+25
1481	3.9413e+25
1482	3.93476e+25
1483	3.92823e+25
1484	3.92172e+25
1485	3.91522e+25
1486	3.90874e+25
1487	3.90228e+25
1488	3.89583e+25
1489	3.8894e+25
1490	3.88298e+25
1491	3.87658e+25
1492	3.8702e+25
1493	3.86383e+25
1494	3.85747e+25
1495	3.85113e+25
1496	3.84481e+25
1497	3.8385e+25
1498	3.83221e+25
1499	3.82593e+25
1500	3.81967e+25
1501	3.81342e+25
1502	3.80719e+25
1503	3.80098e+25
1504	3.79477e+25
1505	3.78859e+25
1506	3.78242e+25
1507	3.77626e+25
1508	3.77012e+25
1509	3.76399e+25
1510	3.75788e+25
1511	3.75178e+25
1512	3.7457e+25
1513	3.73963e+25
1514	3.73358e+25
1515	3.72754e+25
1516	3.72152e+25
1517	3.71551e+25
1518	3.70951e+25
1519	3.70353e+25
1520	3.69756e+25
1521	3.69161e+25
1522	3.68567e+25
1523	3.67975e+25
1524	3.67384e+25
1525	3.66794e+25
1526	3.66206e+25
1527	3.65619e+25
1528	3.65034e+25
1529	3.6445e+25
1530	3.63867e+25
1531	3.63286e+25
1532	3.62706e+25
1533	3.62128e+25
1534	3.61551e+25
1535	3.60975e+25
1536	3.60401e+25
1537	3.59828e+25
1538	3.59256e+25
1539	3.58686e+25
1540	3.58117e+25
1541	3.5755e+25
1542	3.56983e+25
1543	3.56418e+25
1544	3.55855e+25
1545	3.55293e+25
1546	3.54732e+25
1547	3.54172e+25
1548	3.53614e+25
1549	3.53057e+25
1550	3.52501e+25
1551	3.51947e+25
1552	3.51394e+25
1553	3.50842e+25
1554	3.50291e+25
1555	3.49742e+25
1556	3.49194e+25
1557	3.48648e+25
1558	3.48102e+25
1559	3.47558e+25
1560	3.47015e+25
1561	3.46474e+25
1562	3.45934e+25
1563	3.45395e+25
1564	3.44857e+25
1565	3.4432e+25
1566	3.43785e+25
1567	3.43251e+25
1568	3.42718e+25
1569	3.42186e+25
1570	3.41656e+25
1571	3.41127e+25
1572	3.40599e+25
1573	3.40072e+25
1574	3.39547e+25
1575	3.39023e+25
1576	3.385e+25
1577	3.37978e+25
1578	3.37457e+25
1579	3.36938e+25
1580	3.36419e+25
1581	3.35902e+25
1582	3.35386e+25
1583	3.34872e+25
1584	3.34358e+25
1585	3.33846e+25
1586	3.33335e+25
1587	3.32825e+25
1588	3.32316e+25
1589	3.31808e+25
1590	3.31302e+25
1591	3.30796e+25
1592	3.30292e+25
1593	3.29789e+25
1594	3.29287e+25
1595	3.28786e+25
1596	3.28287e+25
1597	3.27788e+25
1598	3.27291e+25
1599	3.26795e+25
1600	3.263e+25
1601	3.25806e+25
1602	3.25313e+25
1603	3.24821e+25
1604	3.2433e+25
1605	3.23841e+25
1606	3.23352e+25
1607	3.22865e+25
1608	3.22379e+25
1609	3.21894e+25
1610	3.2141e+25
1611	3.20927e+25
1612	3.20445e+25
1613	3.19964e+25
1614	3.19484e+25
1615	3.19006e+25
1616	3.18528e+25
1617	3.18052e+25
1618	3.17576e+25
1619	3.17102e+25
1620	3.16629e+25
1621	3.16157e+25
1622	3.15685e+25
1623	3.15215e+25
1624	3.14746e+25
1625	3.14278e+25
1626	3.13811e+25
1627	3.13345e+25
1628	3.1288e+25
1629	3.12416e+25
1630	3.11954e+25
1631	3.11492e+25
1632	3.11031e+25
1633	3.10571e+25
1634	3.10112e+25
1635	3.09655e+25
1636	3.09198e+25
1637	3.08742e+25
1638	3.08288e+25
1639	3.07834e+25
1640	3.07381e+25
1641	3.06929e+25
1642	3.06479e+25
1643	3.06029e+25
1644	3.0558e+25
1645	3.05133e+25
1646	3.04686e+25
1647	3.0424e+25
1648	3.03795e+25
1649	3.03351e+25
1650	3.02909e+25
1651	3.02467e+25
1652	3.02026e+25
1653	3.01586e+25
1654	3.01147e+25
1655	3.00709e+25
1656	3.00272e+25
1657	2.99836e+25
1658	2.99401e+25
1659	2.98966e+25
1660	2.98533e+25
1661	2.98101e+25
1662	2.97669e+25
1663	2.97239e+25
1664	2.96809e+25
1665	2.96381e+25
1666	2.95953e+25
1667	2.95527e+25
1668	2.95101e+25
1669	2.94676e+25
1670	2.94252e+25
1671	2.93829e+25
1672	2.93407e+25
1673	2.92986e+25
1674	2.92565e+25
1675	2.92146e+25
1676	2.91727e+25
1677	2.9131e+25
1678	2.90893e+25
1679	2.90477e+25
1680	2.90062e+25
1681	2.89648e+25
1682	2.89235e+25
1683	2.88823e+25
1684	2.88412e+25
1685	2.88001e+25
1686	2.87592e+25
1687	2.87183e+25
1688	2.86775e+25
1689	2.86368e+25
1690	2.85962e+25
1691	2.85557e+25
1692	2.85152e+25
1693	2.84749e+25
1694	2.84346e+25
1695	2.83945e+25
1696	2.83544e+25
1697	2.83144e+25
1698	2.82744e+25
1699	2.82346e+25
1700	2.81948e+25
1701	2.81552e+25
1702	2.81156e+25
1703	2.80761e+25
1704	2.80367e+25
1705	2.79973e+25
1706	2.79581e+25
1707	2.79189e+25
1708	2.78798e+25
1709	2.78408e+25
1710	2.78019e+25
1711	2.77631e+25
1712	2.77243e+25
1713	2.76856e+25
1714	2.7647e+25
1715	2.76085e+25
1716	2.75701e+25
1717	2.75318e+25
1718	2.74935e+25
1719	2.74553e+25
1720	2.74172e+25
1721	2.73792e+25
1722	2.73412e+25
1723	2.73033e+25
1724	2.72655e+25
1725	2.72278e+25
1726	2.71902e+25
1727	2.71526e+25
1728	2.71152e+25
1729	2.70778e+25
1730	2.70404e+25
1731	2.70032e+25
1732	2.6966e+25
1733	2.69289e+25
1734	2.68919e+25
1735	2.6855e+25
1736	2.68181e+25
1737	2.67813e+25
1738	2.67446e+25
1739	2.6708e+25
1740	2.66715e+25
1741	2.6635e+25
1742	2.65986e+25
1743	2.65622e+25
1744	2.6526e+25
1745	2.64898e+25
1746	2.64537e+25
1747	2.64177e+25
1748	2.63817e+25
1749	2.63458e+25
1750	2.631e+25
1751	2.62743e+25
1752	2.62386e+25
1753	2.6203e+25
1754	2.61675e+25
1755	2.61321e+25
1756	2.60967e+25
1757	2.60614e+25
1758	2.60262e+25
1759	2.5991e+25
1760	2.5956e+25
1761	2.59209e+25
1762	2.5886e+25
1763	2.58511e+25
1764	2.58163e+25
1765	2.57816e+25
1766	2.5747e+25
1767	2.57124e+25
1768	2.56779e+25
1769	2.56434e+25
1770	2.56091e+25
1771	2.55748e+25
1772	2.55405e+25
1773	2.55064e+25
1774	2.54723e+25
1775	2.54382e+25
1776	2.54043e+25
1777	2.53704e+25
1778	2.53366e+25
1779	2.53028e+25
1780	2.52691e+25
1781	2.52355e+25
1782	2.5202e+25
1783	2.51685e+25
1784	2.51351e+25
1785	2.51017e+25
1786	2.50684e+25
1787	2.50352e+25
1788	2.50021e+25
1789	2.4969e+25
1790	2.4936e+25
1791	2.4903e+25
1792	2.48702e+25
1793	2.48373e+25
1794	2.48046e+25
1795	2.47719e+25
1796	2.47393e+25
1797	2.47067e+25
1798	2.46742e+25
1799	2.46418e+25
1800	2.46095e+25
1801	2.45772e+25
1802	2.45449e+25
1803	2.45128e+25
1804	2.44807e+25
1805	2.44486e+25
1806	2.44167e+25
1807	2.43847e+25
1808	2.43529e+25
1809	2.43211e+25
1810	2.42894e+25
1811	2.42577e+25
1812	2.42261e+25
1813	2.41946e+25
1814	2.41631e+25
1815	2.41317e+25
1816	2.41004e+25
1817	2.40691e+25
1818	2.40379e+25
1819	2.40067e+25
1820	2.39756e+25
1821	2.39445e+25
1822	2.39136e+25
1823	2.38826e+25
1824	2.38518e+25
1825	2.3821e+25
1826	2.37903e+25
1827	2.37596e+25
1828	2.3729e+25
1829	2.36984e+25
1830	2.36679e+25
1831	2.36375e+25
1832	2.36071e+25
1833	2.35768e+25
1834	2.35465e+25
1835	2.35163e+25
1836	2.34862e+25
1837	2.34561e+25
1838	2.34261e+25
1839	2.33961e+25
1840	2.33662e+25
1841	2.33363e+25
1842	2.33065e+25
1843	2.32768e+25
1844	2.32471e+25
1845	2.32175e+25
1846	2.3188e+25
1847	2.31585e+25
1848	2.3129e+25
1849	2.30996e+25
1850	2.30703e+25
1851	2.3041e+25
1852	2.30118e+25
1853	2.29826e+25
1854	2.29535e+25
1855	2.29245e+25
1856	2.28955e+25
1857	2.28665e+25
1858	2.28376e+25
1859	2.28088e+25
1860	2.278e+25
1861	2.27513e+25
1862	2.27227e+25
1863	2.26941e+25
1864	2.26655e+25
1865	2.2637e+25
1866	2.26086e+25
1867	2.25802e+25
1868	2.25518e+25
1869	2.25236e+25
1870	2.24953e+25
1871	2.24672e+25
1872	2.2439e+25
1873	2.2411e+25
1874	2.2383e+25
1875	2.2355e+25
1876	2.23271e+25
1877	2.22992e+25
1878	2.22714e+25
1879	2.22437e+25
1880	2.2216e+25
1881	2.21884e+25
1882	2.21608e+25
1883	2.21332e+25
1884	2.21057e+25
1885	2.20783e+25
1886	2.20509e+25
1887	2.20236e+25
1888	2.19963e+25
1889	2.19691e+25
1890	2.19419e+25
1891	2.19148e+25
1892	2.18877e+25
1893	2.18607e+25
1894	2.18337e+25
1895	2.18068e+25
1896	2.17799e+25
1897	2.17531e+25
1898	2.17264e+25
1899	2.16996e+25
1900	2.1673e+25
1901	2.16464e+25
1902	2.16198e+25
1903	2.15933e+25
1904	2.15668e+25
1905	2.15404e+25
1906	2.1514e+25
1907	2.14877e+25
1908	2.14614e+25
1909	2.14352e+25
1910	2.1409e+25
1911	2.13829e+25
1912	2.13568e+25
1913	2.13308e+25
1914	2.13048e+25
1915	2.12789e+25
1916	2.1253e+25
1917	2.12272e+25
1918	2.12014e+25
1919	2.11756e+25
1920	2.11499e+25
1921	2.11243e+25
1922	2.10987e+25
1923	2.10732e+25
1924	2.10476e+25
1925	2.10222e+25
1926	2.09968e+25
1927	2.09714e+25
1928	2.09461e+25
1929	2.09208e+25
1930	2.08956e+25
1931	2.08704e+25
1932	2.08453e+25
1933	2.08202e+25
1934	2.07952e+25
1935	2.07702e+25
1936	2.07453e+25
1937	2.07204e+25
1938	2.06955e+25
1939	2.06707e+25
1940	2.06459e+25
1941	2.06212e+25
1942	2.05966e+25
1943	2.05719e+25
1944	2.05474e+25
1945	2.05228e+25
1946	2.04983e+25
1947	2.04739e+25
1948	2.04495e+25
1949	2.04251e+25
1950	2.04008e+25
1951	2.03765e+25
1952	2.03523e+25
1953	2.03281e+25
1954	2.0304e+25
1955	2.02799e+25
1956	2.02559e+25
1957	2.02319e+25
1958	2.02079e+25
1959	2.0184e+25
1960	2.01601e+25
1961	2.01363e+25
1962	2.01125e+25
1963	2.00887e+25
1964	2.0065e+25
1965	2.00414e+25
1966	2.00177e+25
1967	1.99942e+25
1968	1.99706e+25
1969	1.99471e+25
1970	1.99237e+25
1971	1.99003e+25
1972	1.98769e+25
1973	1.98536e+25
1974	1.98303e+25
1975	1.98071e+25
1976	1.97839e+25
1977	1.97607e+25
1978	1.97376e+25
1979	1.97146e+25
1980	1.96915e+25
1981	1.96685e+25
1982	1.96456e+25
1983	1.96227e+25
1984	1.95998e+25
1985	1.9577e+25
1986	1.95542e+25
1987	1.95315e+25
1988	1.95087e+25
1989	1.94861e+25
1990	1.94635e+25
1991	1.94409e+25
1992	1.94183e+25
1993	1.93958e+25
1994	1.93734e+25
1995	1.93509e+25
1996	1.93286e+25
1997	1.93062e+25
1998	1.92839e+25
1999	1.92617e+25
2000	1.92394e+25
2001	1.92172e+25
2002	1.91951e+25
2003	1.9173e+25
2004	1.91509e+25
2005	1.91289e+25
2006	1.91069e+25
2007	1.90849e+25
2008	1.9063e+25
2009	1.90412e+25
2010	1.90193e+25
2011	1.89975e+25
2012	1.89758e+25
2013	1.8954e+25
2014	1.89324e+25
2015	1.89107e+25
2016	1.88891e+25
2017	1.88675e+25
2018	1.8846e+25
2019	1.88245e+25
2020	1.8803e+25
2021	1.87816e+25
2022	1.87602e+25
2023	1.87389e+25
2024	1.87176e+25
2025	1.86963e+25
2026	1.86751e+25
2027	1.86539e+25
2028	1.86327e+25
2029	1.86116e+25
2030	1.85905e+25
2031	1.85695e+25
2032	1.85485e+25
2033	1.85275e+25
2034	1.85066e+25
2035	1.84857e+25
2036	1.84648e+25
2037	1.8444e+25
2038	1.84232e+25
2039	1.84024e+25
2040	1.83817e+25
2041	1.8361e+25
2042	1.83403e+25
2043	1.83197e+25
2044	1.82991e+25
2045	1.82786e+25
2046	1.82581e+25
2047	1.82376e+25
2048	1.82172e+25
2049	1.81968e+25
2050	1.81764e+25
2051	1.81561e+25
2052	1.81358e+25
2053	1.81155e+25
2054	1.80953e+25
2055	1.80751e+25
2056	1.80549e+25
2057	1.80348e+25
2058	1.80147e+25
2059	1.79946e+25
2060	1.79746e+25
2061	1.79546e+25
2062	1.79347e+25
2063	1.79148e+25
2064	1.78949e+25
2065	1.7875e+25
2066	1.78552e+25
2067	1.78354e+25
2068	1.78157e+25
2069	1.7796e+25
2070	1.77763e+25
2071	1.77566e+25
2072	1.7737e+25
2073	1.77174e+25
2074	1.76979e+25
2075	1.76784e+25
2076	1.76589e+25
2077	1.76394e+25
2078	1.762e+25
2079	1.76006e+25
2080	1.75813e+25
2081	1.75619e+25
2082	1.75427e+25
2083	1.75234e+25
2084	1.75042e+25
2085	1.7485e+25
2086	1.74658e+25
2087	1.74467e+25
2088	1.74276e+25
2089	1.74086e+25
2090	1.73895e+25
2091	1.73705e+25
2092	1.73516e+25
2093	1.73326e+25
2094	1.73137e+25
2095	1.72949e+25
2096	1.7276e+25
2097	1.72572e+25
2098	1.72384e+25
2099	1.72197e+25
2100	1.7201e+25
2101	1.71823e+25
2102	1.71636e+25
2103	1.7145e+25
2104	1.71264e+25
2105	1.71079e+25
2106	1.70894e+25
2107	1.70709e+25
2108	1.70524e+25
2109	1.7034e+25
2110	1.70156e+25
2111	1.69972e+25
2112	1.69788e+25
2113	1.69605e+25
2114	1.69423e+25
2115	1.6924e+25
2116	1.69058e+25
2117	1.68876e+25
2118	1.68694e+25
2119	1.68513e+25
2120	1.68332e+25
2121	1.68151e+25
2122	1.67971e+25
2123	1.67791e+25
2124	1.67611e+25
2125	1.67431e+25
2126	1.67252e+25
2127	1.67073e+25
2128	1.66895e+25
2129	1.66716e+25
2130	1.66538e+25
2131	1.6636e+25
2132	1.66183e+25
2133	1.66006e+25
2134	1.65829e+25
2135	1.65652e+25
2136	1.65476e+25
2137	1.653e+25
2138	1.65124e+25
2139	1.64949e+25
2140	1.64774e+25
2141	1.64599e+25
2142	1.64424e+25
2143	1.6425e+25
2144	1.64076e+25
2145	1.63902e+25
2146	1.63729e+25
2147	1.63556e+25
2148	1.63383e+25
2149	1.6321e+25
2150	1.63038e+25
2151	1.62866e+25
2152	1.62694e+25
2153	1.62523e+25
2154	1.62351e+25
2155	1.62181e+25
2156	1.6201e+25
2157	1.6184e+25
2158	1.61669e+25
2159	1.615e+25
2160	1.6133e+25
2161	1.61161e+25
2162	1.60992e+25
2163	1.60823e+25
2164	1.60655e+25
2165	1.60486e+25
2166	1.60319e+25
2167	1.60151e+25
2168	1.59984e+25
2169	1.59816e+25
2170	1.5965e+25
2171	1.59483e+25
2172	1.59317e+25
2173	1.59151e+25
2174	1.58985e+25
2175	1.58819e+25
2176	1.58654e+25
2177	1.58489e+25
2178	1.58325e+25
2179	1.5816e+25
2180	1.57996e+25
2181	1.57832e+25
2182	1.57668e+25
2183	1.57505e+25
2184	1.57342e+25
2185	1.57179e+25
2186	1.57016e+25
2187	1.56854e+25
2188	1.56692e+25
2189	1.5653e+25
2190	1.56369e+25
2191	1.56207e+25
2192	1.56046e+25
2193	1.55885e+25
2194	1.55725e+25
2195	1.55565e+25
2196	1.55404e+25
2197	1.55245e+25
2198	1.55085e+25
2199	1.54926e+25
2200	1.54767e+25
2201	1.54608e+25
2202	1.5445e+25
2203	1.54291e+25
2204	1.54133e+25
2205	1.53975e+25
2206	1.53818e+25
2207	1.53661e+25
2208	1.53504e+25
2209	1.53347e+25
2210	1.5319e+25
2211	1.53034e+25
2212	1.52878e+25
2213	1.52722e+25
2214	1.52567e+25
2215	1.52411e+25
2216	1.52256e+25
2217	1.52101e+25
2218	1.51947e+25
2219	1.51792e+25
2220	1.51638e+25
2221	1.51484e+25
2222	1.51331e+25
2223	1.51177e+25
2224	1.51024e+25
2225	1.50871e+25
2226	1.50719e+25
2227	1.50566e+25
2228	1.50414e+25
2229	1.50262e+25
2230	1.5011e+25
2231	1.49959e+25
2232	1.49808e+25
2233	1.49657e+25
2234	1.49506e+25
2235	1.49355e+25
2236	1.49205e+25
2237	1.49055e+25
2238	1.48905e+25
2239	1.48756e+25
2240	1.48606e+25
2241	1.48457e+25
2242	1.48308e+25
2243	1.48159e+25
2244	1.48011e+25
2245	1.47863e+25
2246	1.47715e+25
2247	1.47567e+25
2248	1.47419e+25
2249	1.47272e+25
2250	1.47125e+25
2251	1.46978e+25
2252	1.46832e+25
2253	1.46685e+25
2254	1.46539e+25
2255	1.46393e+25
2256	1.46247e+25
2257	1.46102e+25
2258	1.45956e+25
2259	1.45811e+25
2260	1.45667e+25
2261	1.45522e+25
2262	1.45378e+25
2263	1.45233e+25
2264	1.45089e+25
2265	1.44946e+25
2266	1.44802e+25
2267	1.44659e+25
2268	1.44516e+25
2269	1.44373e+25
2270	1.4423e+25
2271	1.44088e+25
2272	1.43946e+25
2273	1.43804e+25
2274	1.43662e+25
2275	1.4352e+25
2276	1.43379e+25
2277	1.43238e+25
2278	1.43097e+25
2279	1.42956e+25
2280	1.42816e+25
2281	1.42675e+25
2282	1.42535e+25
2283	1.42395e+25
2284	1.42256e+25
2285	1.42116e+25
2286	1.41977e+25
2287	1.41838e+25
2288	1.41699e+25
2289	1.41561e+25
2290	1.41422e+25
2291	1.41284e+25
2292	1.41146e+25
2293	1.41008e+25
2294	1.40871e+25
2295	1.40733e+25
2296	1.40596e+25
2297	1.40459e+25
2298	1.40323e+25
2299	1.40186e+25
2300	1.4005e+25
2301	1.39914e+25
2302	1.39778e+25
2303	1.39642e+25
2304	1.39507e+25
2305	1.39371e+25
2306	1.39236e+25
2307	1.39101e+25
2308	1.38967e+25
2309	1.38832e+25
2310	1.38698e+25
2311	1.38564e+25
2312	1.3843e+25
2313	1.38296e+25
2314	1.38163e+25
2315	1.38029e+25
2316	1.37896e+25
2317	1.37763e+25
2318	1.37631e+25
2319	1.37498e+25
2320	1.37366e+25
2321	1.37234e+25
2322	1.37102e+25
2323	1.3697e+25
2324	1.36838e+25
2325	1.36707e+25
2326	1.36576e+25
2327	1.36445e+25
2328	1.36314e+25
2329	1.36184e+25
2330	1.36053e+25
2331	1.35923e+25
2332	1.35793e+25
2333	1.35663e+25
2334	1.35534e+25
2335	1.35404e+25
2336	1.35275e+25
2337	1.35146e+25
2338	1.35017e+25
2339	1.34889e+25
2340	1.3476e+25
2341	1.34632e+25
2342	1.34504e+25
2343	1.34376e+25
2344	1.34248e+25
2345	1.34121e+25
2346	1.33993e+25
2347	1.33866e+25
2348	1.33739e+25
2349	1.33612e+25
2350	1.33486e+25
2351	1.33359e+25
2352	1.33233e+25
2353	1.33107e+25
2354	1.32981e+25
2355	1.32856e+25
2356	1.3273e+25
2357	1.32605e+25
2358	1.3248e+25
2359	1.32355e+25
2360	1.3223e+25
2361	1.32106e+25
2362	1.31981e+25
2363	1.31857e+25
2364	1.31733e+25
2365	1.31609e+25
2366	1.31485e+25
2367	1.31362e+25
2368	1.31238e+25
2369	1.31115e+25
2370	1.30992e+25
2371	1.3087e+25
2372	1.30747e+25
2373	1.30625e+25
2374	1.30502e+25
2375	1.3038e+25
2376	1.30258e+25
2377	1.30137e+25
2378	1.30015e+25
2379	1.29894e+25
2380	1.29772e+25
2381	1.29651e+25
2382	1.29531e+25
2383	1.2941e+25
2384	1.29289e+25
2385	1.29169e+25
2386	1.29049e+25
2387	1.28929e+25
2388	1.28809e+25
2389	1.28689e+25
2390	1.2857e+25
2391	1.28451e+25
2392	1.28332e+25
2393	1.28213e+25
2394	1.28094e+25
2395	1.27975e+25
2396	1.27857e+25
2397	1.27738e+25
2398	1.2762e+25
2399	1.27502e+25
2400	1.27385e+25
2401	1.27267e+25
2402	1.2715e+25
2403	1.27032e+25
2404	1.26915e+25
2405	1.26798e+25
2406	1.26681e+25
2407	1.26565e+25
2408	1.26448e+25
2409	1.26332e+25
2410	1.26216e+25
2411	1.261e+25
2412	1.25984e+25
2413	1.25869e+25
2414	1.25753e+25
2415	1.25638e+25
2416	1.25523e+25
2417	1.25408e+25
2418	1.25293e+25
2419	1.25178e+25
2420	1.25064e+25
2421	1.24949e+25
2422	1.24835e+25
2423	1.24721e+25
2424	1.24607e+25
2425	1.24494e+25
2426	1.2438e+25
2427	1.24267e+25
2428	1.24154e+25
2429	1.24041e+25
2430	1.23928e+25
2431	1.23815e+25
2432	1.23702e+25
2433	1.2359e+25
2434	1.23478e+25
2435	1.23366e+25
2436	1.23254e+25
2437	1.23142e+25
2438	1.2303e+25
2439	1.22919e+25
2440	1.22807e+25
2441	1.22696e+25
2442	1.22585e+25
2443	1.22474e+25
2444	1.22364e+25
2445	1.22253e+25
2446	1.22143e+25
2447	1.22032e+25
2448	1.21922e+25
2449	1.21812e+25
2450	1.21703e+25
2451	1.21593e+25
2452	1.21484e+25
2453	1.21374e+25
2454	1.21265e+25
2455	1.21156e+25
2456	1.21047e+25
2457	1.20938e+25
2458	1.2083e+25
2459	1.20721e+25
2460	1.20613e+25
2461	1.20505e+25
2462	1.20397e+25
2463	1.20289e+25
2464	1.20182e+25
2465	1.20074e+25
2466	1.19967e+25
2467	1.19859e+25
2468	1.19752e+25
2469	1.19645e+25
2470	1.19539e+25
2471	1.19432e+25
2472	1.19325e+25
2473	1.19219e+25
2474	1.19113e+25
2475	1.19007e+25
2476	1.18901e+25
2477	1.18795e+25
2478	1.1869e+25
2479	1.18584e+25
2480	1.18479e+25
2481	1.18374e+25
2482	1.18269e+25
2483	1.18164e+25
2484	1.18059e+25
2485	1.17954e+25
2486	1.1785e+25
2487	1.17745e+25
2488	1.17641e+25
2489	1.17537e+25
2490	1.17433e+25
2491	1.1733e+25
2492	1.17226e+25
2493	1.17122e+25
2494	1.17019e+25
2495	1.16916e+25
2496	1.16813e+25
2497	1.1671e+25
2498	1.16607e+25
2499	1.16504e+25
2500	1.16402e+25
2501	1.163e+25
2502	1.16197e+25
2503	1.16095e+25
2504	1.15993e+25
2505	1.15891e+25
2506	1.1579e+25
2507	1.15688e+25
2508	1.15587e+25
2509	1.15486e+25
2510	1.15384e+25
2511	1.15283e+25
2512	1.15183e+25
2513	1.15082e+25
2514	1.14981e+25
2515	1.14881e+25
2516	1.14781e+25
2517	1.1468e+25
2518	1.1458e+25
2519	1.1448e+25
2520	1.14381e+25
2521	1.14281e+25
2522	1.14181e+25
2523	1.14082e+25
2524	1.13983e+25
2525	1.13884e+25
2526	1.13785e+25
2527	1.13686e+25
2528	1.13587e+25
2529	1.13489e+25
2530	1.1339e+25
2531	1.13292e+25
2532	1.13194e+25
2533	1.13096e+25
2534	1.12998e+25
2535	1.129e+25
2536	1.12802e+25
2537	1.12705e+25
2538	1.12607e+25
2539	1.1251e+25
2540	1.12413e+25
2541	1.12316e+25
2542	1.12219e+25
2543	1.12122e+25
2544	1.12025e+25
2545	1.11929e+25
2546	1.11833e+25
2547	1.11736e+25
2548	1.1164e+25
2549	1.11544e+25
2550	1.11448e+25
2551	1.11353e+25
2552	1.11257e+25
2553	1.11161e+25
2554	1.11066e+25
2555	1.10971e+25
2556	1.10876e+25
2557	1.10781e+25
2558	1.10686e+25
2559	1.10591e+25
2560	1.10496e+25
2561	1.10402e+25
2562	1.10308e+25
2563	1.10213e+25
2564	1.10119e+25
2565	1.10025e+25
2566	1.09931e+25
2567	1.09838e+25
2568	1.09744e+25
2569	1.09651e+25
2570	1.09557e+25
2571	1.09464e+25
2572	1.09371e+25
2573	1.09278e+25
2574	1.09185e+25
2575	1.09092e+25
2576	1.08999e+25
2577	1.08907e+25
2578	1.08814e+25
2579	1.08722e+25
2580	1.0863e+25
2581	1.08538e+25
2582	1.08446e+25
2583	1.08354e+25
2584	1.08262e+25
2585	1.08171e+25
2586	1.08079e+25
2587	1.07988e+25
2588	1.07897e+25
2589	1.07806e+25
2590	1.07715e+25
2591	1.07624e+25
2592	1.07533e+25
2593	1.07443e+25
2594	1.07352e+25
2595	1.07262e+25
2596	1.07171e+25
2597	1.07081e+25
2598	1.06991e+25
2599	1.06901e+25
2600	1.06811e+25
2601	1.06722e+25
2602	1.06632e+25
2603	1.06543e+25
2604	1.06453e+25
2605	1.06364e+25
2606	1.06275e+25
2607	1.06186e+25
2608	1.06097e+25
2609	1.06008e+25
2610	1.0592e+25
2611	1.05831e+25
2612	1.05743e+25
2613	1.05654e+25
2614	1.05566e+25
2615	1.05478e+25
2616	1.0539e+25
2617	1.05302e+25
2618	1.05214e+25
2619	1.05127e+25
2620	1.05039e+25
2621	1.04952e+25
2622	1.04864e+25
2623	1.04777e+25
2624	1.0469e+25
2625	1.04603e+25
2626	1.04516e+25
2627	1.0443e+25
2628	1.04343e+25
2629	1.04256e+25
2630	1.0417e+25
2631	1.04084e+25
2632	1.03997e+25
2633	1.03911e+25
2634	1.03825e+25
2635	1.03739e+25
2636	1.03654e+25
2637	1.03568e+25
2638	1.03482e+25
2639	1.03397e+25
2640	1.03312e+25
2641	1.03226e+25
2642	1.03141e+25
2643	1.03056e+25
2644	1.02971e+25
2645	1.02887e+25
2646	1.02802e+25
2647	1.02717e+25
2648	1.02633e+25
2649	1.02548e+25
2650	1.02464e+25
2651	1.0238e+25
2652	1.02296e+25
2653	1.02212e+25
2654	1.02128e+25
2655	1.02044e+25
2656	1.01961e+25
2657	1.01877e+25
2658	1.01794e+25
2659	1.01711e+25
2660	1.01627e+25
2661	1.01544e+25
2662	1.01461e+25
2663	1.01378e+25
2664	1.01296e+25
2665	1.01213e+25
2666	1.0113e+25
2667	1.01048e+25
2668	1.00965e+25
2669	1.00883e+25
2670	1.00801e+25
2671	1.00719e+25
2672	1.00637e+25
2673	1.00555e+25
2674	1.00473e+25
2675	1.00392e+25
2676	1.0031e+25
2677	1.00229e+25
2678	1.00147e+25
2679	1.00066e+25
2680	9.99847e+24
2681	9.99037e+24
2682	9.98227e+24
2683	9.97419e+24
2684	9.96611e+24
2685	9.95804e+24
2686	9.94999e+24
2687	9.94194e+24
2688	9.9339e+24
2689	9.92588e+24
2690	9.91786e+24
2691	9.90986e+24
2692	9.90186e+24
2693	9.89387e+24
2694	9.8859e+24
2695	9.87793e+24
2696	9.86997e+24
2697	9.86202e+24
2698	9.85409e+24
2699	9.84616e+24
2700	9.83824e+24
2701	9.83033e+24
2702	9.82243e+24
2703	9.81454e+24
2704	9.80667e+24
2705	9.7988e+24
2706	9.79094e+24
2707	9.78309e+24
2708	9.77525e+24
2709	9.76741e+24
2710	9.75959e+24
2711	9.75178e+24
2712	9.74398e+24
2713	9.73619e+24
2714	9.7284e+24
2715	9.72063e+24
2716	9.71286e+24
2717	9.70511e+24
2718	9.69736e+24
2719	9.68963e+24
2720	9.6819e+24
2721	9.67419e+24
2722	9.66648e+24
2723	9.65878e+24
2724	9.65109e+24
2725	9.64341e+24
2726	9.63574e+24
2727	9.62808e+24
2728	9.62043e+24
2729	9.61279e+24
2730	9.60515e+24
2731	9.59753e+24
2732	9.58992e+24
2733	9.58231e+24
2734	9.57471e+24
2735	9.56713e+24
2736	9.55955e+24
2737	9.55198e+24
2738	9.54442e+24
2739	9.53687e+24
2740	9.52933e+24
2741	9.5218e+24
2742	9.51428e+24
2743	9.50676e+24
2744	9.49926e+24
2745	9.49176e+24
2746	9.48427e+24
2747	9.4768e+24
2748	9.46933e+24
2749	9.46187e+24
2750	9.45442e+24
2751	9.44698e+24
2752	9.43954e+24
2753	9.43212e+24
2754	9.4247e+24
2755	9.4173e+24
2756	9.4099e+24
2757	9.40251e+24
2758	9.39513e+24
2759	9.38776e+24
2760	9.3804e+24
2761	9.37305e+24
2762	9.3657e+24
2763	9.35837e+24
2764	9.35104e+24
2765	9.34372e+24
2766	9.33641e+24
2767	9.32911e+24
2768	9.32182e+24
2769	9.31454e+24
2770	9.30726e+24
2771	9.3e+24
2772	9.29274e+24
2773	9.28549e+24
2774	9.27825e+24
2775	9.27102e+24
2776	9.2638e+24
2777	9.25658e+24
2778	9.24938e+24
2779	9.24218e+24
2780	9.23499e+24
2781	9.22781e+24
2782	9.22064e+24
2783	9.21348e+24
2784	9.20632e+24
2785	9.19918e+24
2786	9.19204e+24
2787	9.18491e+24
2788	9.17779e+24
2789	9.17068e+24
2790	9.16358e+24
2791	9.15648e+24
2792	9.14939e+24
2793	9.14231e+24
2794	9.13524e+24
2795	9.12818e+24
2796	9.12113e+24
2797	9.11408e+24
2798	9.10705e+24
2799	9.10002e+24
2800	9.093e+24
2801	9.08598e+24
2802	9.07898e+24
2803	9.07198e+24
2804	9.065e+24
2805	9.05802e+24
2806	9.05105e+24
2807	9.04408e+24
2808	9.03713e+24
2809	9.03018e+24
2810	9.02324e+24
2811	9.01631e+24
2812	9.00939e+24
2813	9.00247e+24
2814	8.99557e+24
2815	8.98867e+24
2816	8.98178e+24
2817	8.9749e+24
2818	8.96802e+24
2819	8.96116e+24
2820	8.9543e+24
2821	8.94745e+24
2822	8.94061e+24
2823	8.93377e+24
2824	8.92695e+24
2825	8.92013e+24
2826	8.91332e+24
2827	8.90651e+24
2828	8.89972e+24
2829	8.89293e+24
2830	8.88615e+24
2831	8.87938e+24
2832	8.87262e+24
2833	8.86587e+24
2834	8.85912e+24
2835	8.85238e+24
2836	8.84565e+24
2837	8.83892e+24
2838	8.83221e+24
2839	8.8255e+24
2840	8.8188e+24
2841	8.8121e+24
2842	8.80542e+24
2843	8.79874e+24
2844	8.79207e+24
2845	8.78541e+24
2846	8.77875e+24
2847	8.77211e+24
2848	8.76547e+24
2849	8.75884e+24
2850	8.75221e+24
2851	8.7456e+24
2852	8.73899e+24
2853	8.73239e+24
2854	8.72579e+24
2855	8.71921e+24
2856	8.71263e+24
2857	8.70606e+24
2858	8.69949e+24
2859	8.69294e+24
2860	8.68639e+24
2861	8.67985e+24
2862	8.67331e+24
2863	8.66679e+24
2864	8.66027e+24
2865	8.65376e+24
2866	8.64725e+24
2867	8.64076e+24
2868	8.63427e+24
2869	8.62779e+24
2870	8.62131e+24
2871	8.61485e+24
2872	8.60839e+24
2873	8.60194e+24
2874	8.59549e+24
2875	8.58905e+24
2876	8.58262e+24
2877	8.5762e+24
2878	8.56979e+24
2879	8.56338e+24
2880	8.55698e+24
2881	8.55058e+24
2882	8.5442e+24
2883	8.53782e+24
2884	8.53145e+24
2885	8.52508e+24
2886	8.51873e+24
2887	8.51238e+24
2888	8.50603e+24
2889	8.4997e+24
2890	8.49337e+24
2891	8.48705e+24
2892	8.48073e+24
2893	8.47442e+24
2894	8.46812e+24
2895	8.46183e+24
2896	8.45555e+24
2897	8.44927e+24
2898	8.44299e+24
2899	8.43673e+24
2900	8.43047e+24
2901	8.42422e+24
2902	8.41798e+24
2903	8.41174e+24
2904	8.40551e+24
2905	8.39929e+24
2906	8.39307e+24
2907	8.38686e+24
2908	8.38066e+24
2909	8.37447e+24
2910	8.36828e+24
2911	8.3621e+24
2912	8.35593e+24
2913	8.34976e+24
2914	8.3436e+24
2915	8.33744e+24
2916	8.3313e+24
2917	8.32516e+24
2918	8.31903e+24
2919	8.3129e+24
2920	8.30678e+24
2921	8.30067e+24
2922	8.29456e+24
2923	8.28847e+24
2924	8.28237e+24
2925	8.27629e+24
2926	8.27021e+24
2927	8.26414e+24
2928	8.25807e+24
2929	8.25202e+24
2930	8.24596e+24
2931	8.23992e+24
2932	8.23388e+24
2933	8.22785e+24
2934	8.22183e+24
2935	8.21581e+24
2936	8.2098e+24
2937	8.20379e+24
2938	8.1978e+24
2939	8.1918e+24
2940	8.18582e+24
2941	8.17984e+24
2942	8.17387e+24
2943	8.16791e+24
2944	8.16195e+24
2945	8.156e+24
2946	8.15005e+24
2947	8.14411e+24
2948	8.13818e+24
2949	8.13226e+24
2950	8.12634e+24
2951	8.12042e+24
2952	8.11452e+24
2953	8.10862e+24
2954	8.10273e+24
2955	8.09684e+24
2956	8.09096e+24
2957	8.08509e+24
2958	8.07922e+24
2959	8.07336e+24
2960	8.0675e+24
2961	8.06166e+24
2962	8.05582e+24
2963	8.04998e+24
2964	8.04415e+24
2965	8.03833e+24
2966	8.03251e+24
2967	8.02671e+24
2968	8.0209e+24
2969	8.01511e+24
2970	8.00932e+24
2971	8.00353e+24
2972	7.99775e+24
2973	7.99198e+24
2974	7.98622e+24
2975	7.98046e+24
2976	7.97471e+24
2977	7.96896e+24
2978	7.96322e+24
2979	7.95749e+24
2980	7.95176e+24
2981	7.94604e+24
2982	7.94032e+24
2983	7.93461e+24
2984	7.92891e+24
2985	7.92321e+24
2986	7.91752e+24
2987	7.91184e+24
2988	7.90616e+24
2989	7.90049e+24
2990	7.89482e+24
2991	7.88916e+24
2992	7.88351e+24
2993	7.87786e+24
2994	7.87222e+24
2995	7.86659e+24
2996	7.86096e+24
2997	7.85533e+24
2998	7.84972e+24
2999	7.84411e+24
3000	7.8385e+24
3001	7.8329e+24
3002	7.82731e+24
3003	7.82172e+24
3004	7.81614e+24
3005	7.81057e+24
3006	7.805e+24
3007	7.79944e+24
3008	7.79388e+24
3009	7.78833e+24
3010	7.78278e+24
3011	7.77724e+24
3012	7.77171e+24
3013	7.76618e+24
3014	7.76066e+24
3015	7.75515e+24
3016	7.74964e+24
3017	7.74414e+24
3018	7.73864e+24
3019	7.73315e+24
3020	7.72766e+24
3021	7.72218e+24
3022	7.71671e+24
3023	7.71124e+24
3024	7.70578e+24
3025	7.70032e+24
3026	7.69487e+24
3027	7.68943e+24
3028	7.68399e+24
3029	7.67855e+24
3030	7.67313e+24
3031	7.6677e+24
3032	7.66229e+24
3033	7.65688e+24
3034	7.65147e+24
3035	7.64608e+24
3036	7.64068e+24
3037	7.6353e+24
3038	7.62991e+24
3039	7.62454e+24
3040	7.61917e+24
3041	7.6138e+24
3042	7.60845e+24
3043	7.60309e+24
3044	7.59775e+24
3045	7.5924e+24
3046	7.58707e+24
3047	7.58174e+24
3048	7.57641e+24
3049	7.57109e+24
3050	7.56578e+24
3051	7.56047e+24
3052	7.55517e+24
3053	7.54987e+24
3054	7.54458e+24
3055	7.5393e+24
3056	7.53402e+24
3057	7.52874e+24
3058	7.52347e+24
3059	7.51821e+24
3060	7.51295e+24
3061	7.5077e+24
3062	7.50245e+24
3063	7.49721e+24
3064	7.49198e+24
3065	7.48675e+24
3066	7.48152e+24
3067	7.4763e+24
3068	7.47109e+24
3069	7.46588e+24
3070	7.46068e+24
3071	7.45548e+24
3072	7.45029e+24
3073	7.4451e+24
3074	7.43992e+24
3075	7.43475e+24
3076	7.42958e+24
3077	7.42441e+24
3078	7.41925e+24
3079	7.4141e+24
3080	7.40895e+24
3081	7.40381e+24
3082	7.39867e+24
3083	7.39354e+24
3084	7.38841e+24
3085	7.38329e+24
3086	7.37817e+24
3087	7.37306e+24
3088	7.36796e+24
3089	7.36285e+24
3090	7.35776e+24
3091	7.35267e+24
3092	7.34759e+24
3093	7.34251e+24
3094	7.33743e+24
3095	7.33236e+24
3096	7.3273e+24
3097	7.32224e+24
3098	7.31719e+24
3099	7.31214e+24
3100	7.3071e+24
3101	7.30206e+24
3102	7.29703e+24
3103	7.292e+24
3104	7.28698e+24
3105	7.28196e+24
3106	7.27695e+24
3107	7.27195e+24
3108	7.26694e+24
3109	7.26195e+24
3110	7.25696e+24
3111	7.25197e+24
3112	7.24699e+24
3113	7.24202e+24
3114	7.23705e+24
3115	7.23208e+24
3116	7.22712e+24
3117	7.22217e+24
3118	7.21722e+24
3119	7.21227e+24
3120	7.20733e+24
3121	7.2024e+24
3122	7.19747e+24
3123	7.19254e+24
3124	7.18763e+24
3125	7.18271e+24
3126	7.1778e+24
3127	7.1729e+24
3128	7.168e+24
3129	7.1631e+24
3130	7.15822e+24
3131	7.15333e+24
3132	7.14845e+24
3133	7.14358e+24
3134	7.13871e+24
3135	7.13384e+24
3136	7.12899e+24
3137	7.12413e+24
3138	7.11928e+24
3139	7.11444e+24
3140	7.1096e+24
3141	7.10476e+24
3142	7.09993e+24
3143	7.09511e+24
3144	7.09029e+24
3145	7.08547e+24
3146	7.08066e+24
3147	7.07586e+24
3148	7.07106e+24
3149	7.06626e+24
3150	7.06147e+24
3151	7.05669e+24
3152	7.05191e+24
3153	7.04713e+24
3154	7.04236e+24
3155	7.03759e+24
3156	7.03283e+24
3157	7.02808e+24
3158	7.02332e+24
3159	7.01858e+24
3160	7.01384e+24
3161	7.0091e+24
3162	7.00437e+24
3163	6.99964e+24
3164	6.99491e+24
3165	6.9902e+24
3166	6.98548e+24
3167	6.98077e+24
3168	6.97607e+24
3169	6.97137e+24
3170	6.96668e+24
3171	6.96199e+24
3172	6.9573e+24
3173	6.95262e+24
3174	6.94795e+24
3175	6.94327e+24
3176	6.93861e+24
3177	6.93395e+24
3178	6.92929e+24
3179	6.92464e+24
3180	6.91999e+24
3181	6.91535e+24
3182	6.91071e+24
3183	6.90608e+24
3184	6.90145e+24
3185	6.89682e+24
3186	6.8922e+24
3187	6.88759e+24
3188	6.88298e+24
3189	6.87837e+24
3190	6.87377e+24
3191	6.86917e+24
3192	6.86458e+24
3193	6.86e+24
3194	6.85541e+24
3195	6.85083e+24
3196	6.84626e+24
3197	6.84169e+24
3198	6.83713e+24
3199	6.83257e+24
3200	6.82801e+24
3201	6.82346e+24
3202	6.81891e+24
3203	6.81437e+24
3204	6.80984e+24
3205	6.8053e+24
3206	6.80077e+24
3207	6.79625e+24
3208	6.79173e+24
3209	6.78722e+24
3210	6.78271e+24
3211	6.7782e+24
3212	6.7737e+24
3213	6.7692e+24
3214	6.76471e+24
3215	6.76022e+24
3216	6.75574e+24
3217	6.75126e+24
3218	6.74678e+24
3219	6.74231e+24
3220	6.73785e+24
3221	6.73339e+24
3222	6.72893e+24
3223	6.72448e+24
3224	6.72003e+24
3225	6.71558e+24
3226	6.71114e+24
3227	6.70671e+24
3228	6.70228e+24
3229	6.69785e+24
3230	6.69343e+24
3231	6.68901e+24
3232	6.6846e+24
3233	6.68019e+24
3234	6.67578e+24
3235	6.67138e+24
3236	6.66699e+24
3237	6.6626e+24
3238	6.65821e+24
3239	6.65383e+24
3240	6.64945e+24
3241	6.64507e+24
3242	6.6407e+24
3243	6.63634e+24
3244	6.63198e+24
3245	6.62762e+24
3246	6.62326e+24
3247	6.61892e+24
3248	6.61457e+24
3249	6.61023e+24
3250	6.6059e+24
3251	6.60156e+24
3252	6.59724e+24
3253	6.59291e+24
3254	6.58859e+24
3255	6.58428e+24
3256	6.57997e+24
3257	6.57566e+24
3258	6.57136e+24
3259	6.56706e+24
3260	6.56277e+24
3261	6.55848e+24
3262	6.55419e+24
3263	6.54991e+24
3264	6.54563e+24
3265	6.54136e+24
3266	6.53709e+24
3267	6.53282e+24
3268	6.52856e+24
3269	6.52431e+24
3270	6.52006e+24
3271	6.51581e+24
3272	6.51156e+24
3273	6.50732e+24
3274	6.50309e+24
3275	6.49885e+24
3276	6.49463e+24
3277	6.4904e+24
3278	6.48618e+24
3279	6.48197e+24
3280	6.47776e+24
3281	6.47355e+24
3282	6.46935e+24
3283	6.46515e+24
3284	6.46095e+24
3285	6.45676e+24
3286	6.45257e+24
3287	6.44839e+24
3288	6.44421e+24
3289	6.44004e+24
3290	6.43587e+24
3291	6.4317e+24
3292	6.42754e+24
3293	6.42338e+24
3294	6.41922e+24
3295	6.41507e+24
3296	6.41092e+24
3297	6.40678e+24
3298	6.40264e+24
3299	6.39851e+24
3300	6.39438e+24
3301	6.39025e+24
3302	6.38612e+24
3303	6.38201e+24
3304	6.37789e+24
3305	6.37378e+24
3306	6.36967e+24
3307	6.36557e+24
3308	6.36147e+24
3309	6.35737e+24
3310	6.35328e+24
3311	6.34919e+24
3312	6.34511e+24
3313	6.34103e+24
3314	6.33695e+24
3315	6.33288e+24
3316	6.32881e+24
3317	6.32475e+24
3318	6.32069e+24
3319	6.31663e+24
3320	6.31258e+24
3321	6.30853e+24
3322	6.30448e+24
3323	6.30044e+24
3324	6.29641e+24
3325	6.29237e+24
3326	6.28834e+24
3327	6.28432e+24
3328	6.28029e+24
3329	6.27628e+24
3330	6.27226e+24
3331	6.26825e+24
3332	6.26424e+24
3333	6.26024e+24
3334	6.25624e+24
3335	6.25225e+24
3336	6.24825e+24
3337	6.24427e+24
3338	6.24028e+24
3339	6.2363e+24
3340	6.23233e+24
3341	6.22835e+24
3342	6.22438e+24
3343	6.22042e+24
3344	6.21646e+24
3345	6.2125e+24
3346	6.20855e+24
3347	6.20459e+24
3348	6.20065e+24
3349	6.19671e+24
3350	6.19277e+24
3351	6.18883e+24
3352	6.1849e+24
3353	6.18097e+24
3354	6.17705e+24
3355	6.17313e+24
3356	6.16921e+24
3357	6.1653e+24
3358	6.16139e+24
3359	6.15748e+24
3360	6.15358e+24
3361	6.14968e+24
3362	6.14578e+24
3363	6.14189e+24
3364	6.138e+24
3365	6.13412e+24
3366	6.13024e+24
3367	6.12636e+24
3368	6.12249e+24
3369	6.11862e+24
3370	6.11475e+24
3371	6.11089e+24
3372	6.10703e+24
3373	6.10318e+24
3374	6.09933e+24
3375	6.09548e+24
3376	6.09163e+24
3377	6.08779e+24
3378	6.08396e+24
3379	6.08012e+24
3380	6.07629e+24
3381	6.07247e+24
3382	6.06864e+24
3383	6.06482e+24
3384	6.06101e+24
3385	6.0572e+24
3386	6.05339e+24
3387	6.04958e+24
3388	6.04578e+24
3389	6.04198e+24
3390	6.03819e+24
3391	6.0344e+24
3392	6.03061e+24
3393	6.02683e+24
3394	6.02305e+24
3395	6.01927e+24
3396	6.0155e+24
3397	6.01173e+24
3398	6.00796e+24
3399	6.0042e+24
3400	6.00044e+24
3401	5.99668e+24
3402	5.99293e+24
3403	5.98918e+24
3404	5.98543e+24
3405	5.98169e+24
3406	5.97795e+24
3407	5.97422e+24
3408	5.97049e+24
3409	5.96676e+24
3410	5.96303e+24
3411	5.95931e+24
3412	5.95559e+24
3413	5.95188e+24
3414	5.94817e+24
3415	5.94446e+24
3416	5.94076e+24
3417	5.93706e+24
3418	5.93336e+24
3419	5.92966e+24
3420	5.92597e+24
3421	5.92229e+24
3422	5.9186e+24
3423	5.91492e+24
3424	5.91124e+24
3425	5.90757e+24
3426	5.9039e+24
3427	5.90023e+24
3428	5.89657e+24
3429	5.89291e+24
3430	5.88925e+24
3431	5.8856e+24
3432	5.88195e+24
3433	5.8783e+24
3434	5.87466e+24
3435	5.87102e+24
3436	5.86738e+24
3437	5.86375e+24
3438	5.86012e+24
3439	5.85649e+24
3440	5.85287e+24
3441	5.84925e+24
3442	5.84563e+24
3443	5.84202e+24
3444	5.8384e+24
3445	5.8348e+24
3446	5.83119e+24
3447	5.82759e+24
3448	5.824e+24
3449	5.8204e+24
3450	5.81681e+24
3451	5.81322e+24
3452	5.80964e+24
3453	5.80606e+24
3454	5.80248e+24
3455	5.79891e+24
3456	5.79533e+24
3457	5.79177e+24
3458	5.7882e+24
3459	5.78464e+24
3460	5.78108e+24
3461	5.77753e+24
3462	5.77398e+24
3463	5.77043e+24
3464	5.76688e+24
3465	5.76334e+24
3466	5.7598e+24
3467	5.75626e+24
3468	5.75273e+24
3469	5.7492e+24
3470	5.74568e+24
3471	5.74215e+24
3472	5.73863e+24
3473	5.73512e+24
3474	5.7316e+24
3475	5.72809e+24
3476	5.72459e+24
3477	5.72108e+24
3478	5.71758e+24
3479	5.71408e+24
3480	5.71059e+24
3481	5.7071e+24
3482	5.70361e+24
3483	5.70012e+24
3484	5.69664e+24
3485	5.69316e+24
3486	5.68969e+24
3487	5.68621e+24
3488	5.68274e+24
3489	5.67928e+24
3490	5.67581e+24
3491	5.67235e+24
3492	5.6689e+24
3493	5.66544e+24
3494	5.66199e+24
3495	5.65854e+24
3496	5.6551e+24
3497	5.65166e+24
3498	5.64822e+24
3499	5.64478e+24
3500	5.64135e+24
3501	5.63792e+24
3502	5.6345e+24
3503	5.63107e+24
3504	5.62765e+24
3505	5.62424e+24
3506	5.62082e+24
3507	5.61741e+24
3508	5.614e+24
3509	5.6106e+24
3510	5.6072e+24
3511	5.6038e+24
3512	5.6004e+24
3513	5.59701e+24
3514	5.59362e+24
3515	5.59023e+24
3516	5.58685e+24
3517	5.58347e+24
3518	5.58009e+24
3519	5.57672e+24
3520	5.57334e+24
3521	5.56998e+24
3522	5.56661e+24
3523	5.56325e+24
3524	5.55989e+24
3525	5.55653e+24
3526	5.55318e+24
3527	5.54983e+24
3528	5.54648e+24
3529	5.54313e+24
3530	5.53979e+24
3531	5.53645e+24
3532	5.53312e+24
3533	5.52978e+24
3534	5.52645e+24
3535	5.52313e+24
3536	5.5198e+24
3537	5.51648e+24
3538	5.51316e+24
3539	5.50985e+24
3540	5.50653e+24
3541	5.50323e+24
3542	5.49992e+24
3543	5.49661e+24
3544	5.49331e+24
3545	5.49002e+24
3546	5.48672e+24
3547	5.48343e+24
3548	5.48014e+24
3549	5.47685e+24
3550	5.47357e+24
3551	5.47029e+24
3552	5.46701e+24
3553	5.46374e+24
3554	5.46047e+24
3555	5.4572e+24
3556	5.45393e+24
3557	5.45067e+24
3558	5.44741e+24
3559	5.44415e+24
3560	5.44089e+24
3561	5.43764e+24
3562	5.43439e+24
3563	5.43115e+24
3564	5.4279e+24
3565	5.42466e+24
3566	5.42143e+24
3567	5.41819e+24
3568	5.41496e+24
3569	5.41173e+24
3570	5.4085e+24
3571	5.40528e+24
3572	5.40206e+24
3573	5.39884e+24
3574	5.39563e+24
3575	5.39241e+24
3576	5.38921e+24
3577	5.386e+24
3578	5.38279e+24
3579	5.37959e+24
3580	5.3764e+24
3581	5.3732e+24
3582	5.37001e+24
3583	5.36682e+24
3584	5.36363e+24
3585	5.36045e+24
3586	5.35726e+24
3587	5.35409e+24
3588	5.35091e+24
3589	5.34774e+24
3590	5.34457e+24
3591	5.3414e+24
3592	5.33823e+24
3593	5.33507e+24
3594	5.33191e+24
3595	5.32875e+24
3596	5.3256e+24
3597	5.32245e+24
3598	5.3193e+24
3599	5.31615e+24
3600	5.31301e+24
3601	5.30987e+24
3602	5.30673e+24
3603	5.3036e+24
3604	5.30046e+24
3605	5.29734e+24
3606	5.29421e+24
3607	5.29108e+24
3608	5.28796e+24
3609	5.28484e+24
3610	5.28173e+24
3611	5.27861e+24
3612	5.2755e+24
3613	5.2724e+24
3614	5.26929e+24
3615	5.26619e+24
3616	5.26309e+24
3617	5.25999e+24
3618	5.2569e+24
3619	5.2538e+24
3620	5.25071e+24
3621	5.24763e+24
3622	5.24454e+24
3623	5.24146e+24
3624	5.23838e+24
3625	5.23531e+24
3626	5.23223e+24
3627	5.22916e+24
3628	5.22609e+24
3629	5.22303e+24
3630	5.21997e+24
3631	5.2169e+24
3632	5.21385e+24
3633	5.21079e+24
3634	5.20774e+24
3635	5.20469e+24
3636	5.20164e+24
3637	5.1986e+24
3638	5.19556e+24
3639	5.19252e+24
3640	5.18948e+24
3641	5.18645e+24
3642	5.18341e+24
3643	5.18038e+24
3644	5.17736e+24
3645	5.17433e+24
3646	5.17131e+24
3647	5.16829e+24
3648	5.16528e+24
3649	5.16226e+24
3650	5.15925e+24
3651	5.15624e+24
3652	5.15324e+24
3653	5.15024e+24
3654	5.14723e+24
3655	5.14424e+24
3656	5.14124e+24
3657	5.13825e+24
3658	5.13526e+24
3659	5.13227e+24
3660	5.12928e+24
3661	5.1263e+24
3662	5.12332e+24
3663	5.12034e+24
3664	5.11737e+24
3665	5.11439e+24
3666	5.11142e+24
3667	5.10846e+24
3668	5.10549e+24
3669	5.10253e+24
3670	5.09957e+24
3671	5.09661e+24
3672	5.09365e+24
3673	5.0907e+24
3674	5.08775e+24
3675	5.0848e+24
3676	5.08186e+24
3677	5.07891e+24
3678	5.07597e+24
3679	5.07304e+24
3680	5.0701e+24
3681	5.06717e+24
3682	5.06424e+24
3683	5.06131e+24
3684	5.05838e+24
3685	5.05546e+24
3686	5.05254e+24
3687	5.04962e+24
3688	5.04671e+24
3689	5.04379e+24
3690	5.04088e+24
3691	5.03797e+24
3692	5.03507e+24
3693	5.03216e+24
3694	5.02926e+24
3695	5.02637e+24
3696	5.02347e+24
3697	5.02058e+24
3698	5.01768e+24
3699	5.0148e+24
3700	5.01191e+24
3701	5.00903e+24
3702	5.00614e+24
3703	5.00326e+24
3704	5.00039e+24
3705	4.99751e+24
3706	4.99464e+24
3707	4.99177e+24
3708	4.9889e+24
3709	4.98604e+24
3710	4.98318e+24
3711	4.98032e+24
3712	4.97746e+24
3713	4.97461e+24
3714	4.97175e+24
3715	4.9689e+24
3716	4.96605e+24
3717	4.96321e+24
3718	4.96036e+24
3719	4.95752e+24
3720	4.95469e+24
3721	4.95185e+24
3722	4.94902e+24
3723	4.94618e+24
3724	4.94336e+24
3725	4.94053e+24
3726	4.9377e+24
3727	4.93488e+24
3728	4.93206e+24
3729	4.92925e+24
3730	4.92643e+24
3731	4.92362e+24
3732	4.92081e+24
3733	4.918e+24
3734	4.91519e+24
3735	4.91239e+24
3736	4.90959e+24
3737	4.90679e+24
3738	4.90399e+24
3739	4.9012e+24
3740	4.89841e+24
3741	4.89562e+24
3742	4.89283e+24
3743	4.89005e+24
3744	4.88726e+24
3745	4.88448e+24
3746	4.88171e+24
3747	4.87893e+24
3748	4.87616e+24
3749	4.87339e+24
3750	4.87062e+24
3751	4.86785e+24
3752	4.86509e+24
3753	4.86233e+24
3754	4.85957e+24
3755	4.85681e+24
3756	4.85405e+24
3757	4.8513e+24
3758	4.84855e+24
3759	4.8458e+24
3760	4.84306e+24
3761	4.84031e+24
3762	4.83757e+24
3763	4.83483e+24
3764	4.8321e+24
3765	4.82936e+24
3766	4.82663e+24
3767	4.8239e+24
3768	4.82117e+24
3769	4.81844e+24
3770	4.81572e+24
3771	4.813e+24
3772	4.81028e+24
3773	4.80756e+24
3774	4.80485e+24
3775	4.80214e+24
3776	4.79943e+24
3777	4.79672e+24
3778	4.79401e+24
3779	4.79131e+24
3780	4.78861e+24
3781	4.78591e+24
3782	4.78321e+24
3783	4.78052e+24
3784	4.77783e+24
3785	4.77514e+24
3786	4.77245e+24
3787	4.76976e+24
3788	4.76708e+24
3789	4.7644e+24
3790	4.76172e+24
3791	4.75904e+24
3792	4.75637e+24
3793	4.75369e+24
3794	4.75102e+24
3795	4.74835e+24
3796	4.74569e+24
3797	4.74302e+24
3798	4.74036e+24
3799	4.7377e+24
3800	4.73505e+24
3801	4.73239e+24
3802	4.72974e+24
3803	4.72709e+24
3804	4.72444e+24
3805	4.72179e+24
3806	4.71915e+24
3807	4.7165e+24
3808	4.71386e+24
3809	4.71123e+24
3810	4.70859e+24
3811	4.70596e+24
3812	4.70332e+24
3813	4.70069e+24
3814	4.69807e+24
3815	4.69544e+24
3816	4.69282e+24
3817	4.6902e+24
3818	4.68758e+24
3819	4.68496e+24
3820	4.68235e+24
3821	4.67973e+24
3822	4.67712e+24
3823	4.67452e+24
3824	4.67191e+24
3825	4.66931e+24
3826	4.6667e+24
3827	4.6641e+24
3828	4.66151e+24
3829	4.65891e+24
3830	4.65632e+24
3831	4.65372e+24
3832	4.65114e+24
3833	4.64855e+24
3834	4.64596e+24
3835	4.64338e+24
3836	4.6408e+24
3837	4.63822e+24
3838	4.63564e+24
3839	4.63307e+24
3840	4.63049e+24
3841	4.62792e+24
3842	4.62536e+24
3843	4.62279e+24
3844	4.62022e+24
3845	4.61766e+24
3846	4.6151e+24
3847	4.61254e+24
3848	4.60999e+24
3849	4.60743e+24
3850	4.60488e+24
3851	4.60233e+24
3852	4.59978e+24
3853	4.59724e+24
3854	4.59469e+24
3855	4.59215e+24
3856	4.58961e+24
3857	4.58707e+24
3858	4.58454e+24
3859	4.582e+24
3860	4.57947e+24
3861	4.57694e+24
3862	4.57441e+24
3863	4.57189e+24
3864	4.56936e+24
3865	4.56684e+24
3866	4.56432e+24
3867	4.5618e+24
3868	4.55929e+24
3869	4.55677e+24
3870	4.55426e+24
3871	4.55175e+24
3872	4.54924e+24
3873	4.54674e+24
3874	4.54424e+24
3875	4.54173e+24
3876	4.53923e+24
3877	4.53674e+24
3878	4.53424e+24
3879	4.53175e+24
3880	4.52925e+24
3881	4.52676e+24
3882	4.52428e+24
3883	4.52179e+24
3884	4.51931e+24
3885	4.51683e+24
3886	4.51435e+24
3887	4.51187e+24
3888	4.50939e+24
3889	4.50692e+24
3890	4.50445e+24
3891	4.50198e+24
3892	4.49951e+24
3893	4.49704e+24
3894	4.49458e+24
3895	4.49211e+24
3896	4.48965e+24
3897	4.4872e+24
3898	4.48474e+24
3899	4.48228e+24
3900	4.47983e+24
3901	4.47738e+24
3902	4.47493e+24
3903	4.47249e+24
3904	4.47004e+24
3905	4.4676e+24
3906	4.46516e+24
3907	4.46272e+24
3908	4.46028e+24
3909	4.45785e+24
3910	4.45541e+24
3911	4.45298e+24
3912	4.45055e+24
3913	4.44812e+24
3914	4.4457e+24
3915	4.44327e+24
3916	4.44085e+24
3917	4.43843e+24
3918	4.43602e+24
3919	4.4336e+24
3920	4.43118e+24
3921	4.42877e+24
3922	4.42636e+24
3923	4.42395e+24
3924	4.42155e+24
3925	4.41914e+24
3926	4.41674e+24
3927	4.41434e+24
3928	4.41194e+24
3929	4.40954e+24
3930	4.40715e+24
3931	4.40475e+24
3932	4.40236e+24
3933	4.39997e+24
3934	4.39758e+24
3935	4.3952e+24
3936	4.39281e+24
3937	4.39043e+24
3938	4.38805e+24
3939	4.38567e+24
3940	4.3833e+24
3941	4.38092e+24
3942	4.37855e+24
3943	4.37618e+24
3944	4.37381e+24
3945	4.37144e+24
3946	4.36908e+24
3947	4.36671e+24
3948	4.36435e+24
3949	4.36199e+24
3950	4.35963e+24
3951	4.35728e+24
3952	4.35492e+24
3953	4.35257e+24
3954	4.35022e+24
3955	4.34787e+24
3956	4.34552e+24
3957	4.34318e+24
3958	4.34083e+24
3959	4.33849e+24
3960	4.33615e+24
3961	4.33381e+24
3962	4.33148e+24
3963	4.32914e+24
3964	4.32681e+24
3965	4.32448e+24
3966	4.32215e+24
3967	4.31982e+24
3968	4.3175e+24
3969	4.31517e+24
3970	4.31285e+24
3971	4.31053e+24
3972	4.30821e+24
3973	4.3059e+24
3974	4.30358e+24
3975	4.30127e+24
3976	4.29896e+24
3977	4.29665e+24
3978	4.29434e+24
3979	4.29204e+24
3980	4.28973e+24
3981	4.28743e+24
3982	4.28513e+24
3983	4.28283e+24
3984	4.28054e+24
3985	4.27824e+24
3986	4.27595e+24
3987	4.27366e+24
3988	4.27137e+24
3989	4.26908e+24
3990	4.26679e+24
3991	4.26451e+24
3992	4.26223e+24
3993	4.25995e+24
3994	4.25767e+24
3995	4.25539e+24
3996	4.25311e+24
3997	4.25084e+24
3998	4.24857e+24
3999	4.2463e+24
4000	4.24403e+24
4001	4.24176e+24
4002	4.2395e+24
4003	4.23723e+24
4004	4.23497e+24
4005	4.23271e+24
4006	4.23045e+24
4007	4.2282e+24
4008	4.22594e+24
4009	4.22369e+24
4010	4.22144e+24
4011	4.21919e+24
4012	4.21694e+24
4013	4.2147e+24
4014	4.21245e+24
4015	4.21021e+24
4016	4.20797e+24
4017	4.20573e+24
4018	4.20349e+24
4019	4.20126e+24
4020	4.19902e+24
4021	4.19679e+24
4022	4.19456e+24
4023	4.19233e+24
4024	4.1901e+24
4025	4.18788e+24
4026	4.18565e+24
4027	4.18343e+24
4028	4.18121e+24
4029	4.17899e+24
4030	4.17678e+24
4031	4.17456e+24
4032	4.17235e+24
4033	4.17013e+24
4034	4.16792e+24
4035	4.16572e+24
4036	4.16351e+24
4037	4.1613e+24
4038	4.1591e+24
4039	4.1569e+24
4040	4.1547e+24
4041	4.1525e+24
4042	4.1503e+24
4043	4.14811e+24
4044	4.14591e+24
4045	4.14372e+24
4046	4.14153e+24
4047	4.13934e+24
4048	4.13716e+24
4049	4.13497e+24
4050	4.13279e+24
4051	4.13061e+24
4052	4.12843e+24
4053	4.12625e+24
4054	4.12407e+24
4055	4.12189e+24
4056	4.11972e+24
4057	4.11755e+24
4058	4.11538e+24
4059	4.11321e+24
4060	4.11104e+24
4061	4.10888e+24
4062	4.10671e+24
4063	4.10455e+24
4064	4.10239e+24
4065	4.10023e+24
4066	4.09808e+24
4067	4.09592e+24
4068	4.09377e+24
4069	4.09161e+24
4070	4.08946e+24
4071	4.08731e+24
4072	4.08517e+24
4073	4.08302e+24
4074	4.08088e+24
4075	4.07873e+24
4076	4.07659e+24
4077	4.07445e+24
4078	4.07231e+24
4079	4.07018e+24
4080	4.06804e+24
4081	4.06591e+24
4082	4.06378e+24
4083	4.06165e+24
4084	4.05952e+24
4085	4.0574e+24
4086	4.05527e+24
4087	4.05315e+24
4088	4.05103e+24
4089	4.04891e+24
4090	4.04679e+24
4091	4.04467e+24
4092	4.04255e+24
4093	4.04044e+24
4094	4.03833e+24
4095	4.03622e+24
4096	4.03411e+24
4097	4.032e+24
4098	4.0299e+24
4099	4.02779e+24
4100	4.02569e+24
4101	4.02359e+24
4102	4.02149e+24
4103	4.01939e+24
4104	4.01729e+24
4105	4.0152e+24
4106	4.0131e+24
4107	4.01101e+24
4108	4.00892e+24
4109	4.00683e+24
4110	4.00475e+24
4111	4.00266e+24
4112	4.00058e+24
4113	3.99849e+24
4114	3.99641e+24
4115	3.99433e+24
4116	3.99226e+24
4117	3.99018e+24
4118	3.98811e+24
4119	3.98603e+24
4120	3.98396e+24
4121	3.98189e+24
4122	3.97982e+24
4123	3.97776e+24
4124	3.97569e+24
4125	3.97363e+24
4126	3.97156e+24
4127	3.9695e+24
4128	3.96744e+24
4129	3.96539e+24
4130	3.96333e+24
4131	3.96128e+24
4132	3.95922e+24
4133	3.95717e+24
4134	3.95512e+24
4135	3.95307e+24
4136	3.95103e+24
4137	3.94898e+24
4138	3.94694e+24
4139	3.94489e+24
4140	3.94285e+24
4141	3.94081e+24
4142	3.93877e+24
4143	3.93674e+24
4144	3.9347e+24
4145	3.93267e+24
4146	3.93064e+24
4147	3.92861e+24
4148	3.92658e+24
4149	3.92455e+24
4150	3.92253e+24
4151	3.9205e+24
4152	3.91848e+24
4153	3.91646e+24
4154	3.91444e+24
4155	3.91242e+24
4156	3.9104e+24
4157	3.90839e+24
4158	3.90637e+24
4159	3.90436e+24
4160	3.90235e+24
4161	3.90034e+24
4162	3.89833e+24
4163	3.89632e+24
4164	3.89432e+24
4165	3.89231e+24
4166	3.89031e+24
4167	3.88831e+24
4168	3.88631e+24
4169	3.88431e+24
4170	3.88232e+24
4171	3.88032e+24
4172	3.87833e+24
4173	3.87634e+24
4174	3.87435e+24
4175	3.87236e+24
4176	3.87037e+24
4177	3.86839e+24
4178	3.8664e+24
4179	3.86442e+24
4180	3.86244e+24
4181	3.86046e+24
4182	3.85848e+24
4183	3.8565e+24
4184	3.85452e+24
4185	3.85255e+24
4186	3.85058e+24
4187	3.84861e+24
4188	3.84664e+24
4189	3.84467e+24
4190	3.8427e+24
4191	3.84073e+24
4192	3.83877e+24
4193	3.83681e+24
4194	3.83484e+24
4195	3.83288e+24
4196	3.83093e+24
4197	3.82897e+24
4198	3.82701e+24
4199	3.82506e+24
4200	3.82311e+24
4201	3.82115e+24
4202	3.8192e+24
4203	3.81726e+24
4204	3.81531e+24
4205	3.81336e+24
4206	3.81142e+24
4207	3.80948e+24
4208	3.80753e+24
4209	3.80559e+24
4210	3.80366e+24
4211	3.80172e+24
4212	3.79978e+24
4213	3.79785e+24
4214	3.79591e+24
4215	3.79398e+24
4216	3.79205e+24
4217	3.79012e+24
4218	3.7882e+24
4219	3.78627e+24
4220	3.78435e+24
4221	3.78242e+24
4222	3.7805e+24
4223	3.77858e+24
4224	3.77666e+24
4225	3.77474e+24
4226	3.77283e+24
4227	3.77091e+24
4228	3.769e+24
4229	3.76709e+24
4230	3.76518e+24
4231	3.76327e+24
4232	3.76136e+24
4233	3.75945e+24
4234	3.75755e+24
4235	3.75564e+24
4236	3.75374e+24
4237	3.75184e+24
4238	3.74994e+24
4239	3.74804e+24
4240	3.74615e+24
4241	3.74425e+24
4242	3.74236e+24
4243	3.74046e+24
4244	3.73857e+24
4245	3.73668e+24
4246	3.73479e+24
4247	3.7329e+24
4248	3.73102e+24
4249	3.72913e+24
4250	3.72725e+24
4251	3.72537e+24
4252	3.72349e+24
4253	3.72161e+24
4254	3.71973e+24
4255	3.71785e+24
4256	3.71598e+24
4257	3.71411e+24
4258	3.71223e+24
4259	3.71036e+24
4260	3.70849e+24
4261	3.70662e+24
4262	3.70476e+24
4263	3.70289e+24
4264	3.70103e+24
4265	3.69916e+24
4266	3.6973e+24
4267	3.69544e+24
4268	3.69358e+24
4269	3.69172e+24
4270	3.68987e+24
4271	3.68801e+24
4272	3.68616e+24
4273	3.68431e+24
4274	3.68246e+24
4275	3.68061e+24
4276	3.67876e+24
4277	3.67691e+24
4278	3.67506e+24
4279	3.67322e+24
4280	3.67138e+24
4281	3.66954e+24
4282	3.66769e+24
4283	3.66586e+24
4284	3.66402e+24
4285	3.66218e+24
4286	3.66035e+24
4287	3.65851e+24
4288	3.65668e+24
4289	3.65485e+24
4290	3.65302e+24
4291	3.65119e+24
4292	3.64936e+24
4293	3.64754e+24
4294	3.64571e+24
4295	3.64389e+24
4296	3.64207e+24
4297	3.64024e+24
4298	3.63843e+24
4299	3.63661e+24
4300	3.63479e+24
4301	3.63297e+24
4302	3.63116e+24
4303	3.62935e+24
4304	3.62753e+24
4305	3.62572e+24
4306	3.62391e+24
4307	3.62211e+24
4308	3.6203e+24
4309	3.61849e+24
4310	3.61669e+24
4311	3.61489e+24
4312	3.61309e+24
4313	3.61129e+24
4314	3.60949e+24
4315	3.60769e+24
4316	3.60589e+24
4317	3.6041e+24
4318	3.6023e+24
4319	3.60051e+24
4320	3.59872e+24
4321	3.59693e+24
4322	3.59514e+24
4323	3.59335e+24
4324	3.59157e+24
4325	3.58978e+24
4326	3.588e+24
4327	3.58622e+24
4328	3.58443e+24
4329	3.58265e+24
4330	3.58088e+24
4331	3.5791e+24
4332	3.57732e+24
4333	3.57555e+24
4334	3.57377e+24
4335	3.572e+24
4336	3.57023e+24
4337	3.56846e+24
4338	3.56669e+24
4339	3.56492e+24
4340	3.56316e+24
4341	3.56139e+24
4342	3.55963e+24
4343	3.55787e+24
4344	3.5561e+24
4345	3.55434e+24
4346	3.55259e+24
4347	3.55083e+24
4348	3.54907e+24
4349	3.54732e+24
4350	3.54556e+24
4351	3.54381e+24
4352	3.54206e+24
4353	3.54031e+24
4354	3.53856e+24
4355	3.53681e+24
4356	3.53507e+24
4357	3.53332e+24
4358	3.53158e+24
4359	3.52983e+24
4360	3.52809e+24
4361	3.52635e+24
4362	3.52461e+24
4363	3.52288e+24
4364	3.52114e+24
4365	3.5194e+24
4366	3.51767e+24
4367	3.51594e+24
4368	3.51421e+24
4369	3.51247e+24
4370	3.51075e+24
4371	3.50902e+24
4372	3.50729e+24
4373	3.50556e+24
4374	3.50384e+24
4375	3.50212e+24
4376	3.50039e+24
4377	3.49867e+24
4378	3.49695e+24
4379	3.49524e+24
4380	3.49352e+24
4381	3.4918e+24
4382	3.49009e+24
4383	3.48837e+24
4384	3.48666e+24
4385	3.48495e+24
4386	3.48324e+24
4387	3.48153e+24
4388	3.47982e+24
4389	3.47812e+24
4390	3.47641e+24
4391	3.47471e+24
4392	3.473e+24
4393	3.4713e+24
4394	3.4696e+24
4395	3.4679e+24
4396	3.4662e+24
4397	3.46451e+24
4398	3.46281e+24
4399	3.46112e+24
4400	3.45942e+24
4401	3.45773e+24
4402	3.45604e+24
4403	3.45435e+24
4404	3.45266e+24
4405	3.45097e+24
4406	3.44929e+24
4407	3.4476e+24
4408	3.44592e+24
4409	3.44423e+24
4410	3.44255e+24
4411	3.44087e+24
4412	3.43919e+24
4413	3.43751e+24
4414	3.43584e+24
4415	3.43416e+24
4416	3.43249e+24
4417	3.43081e+24
4418	3.42914e+24
4419	3.42747e+24
4420	3.4258e+24
4421	3.42413e+24
4422	3.42246e+24
4423	3.42079e+24
4424	3.41913e+24
4425	3.41746e+24
4426	3.4158e+24
4427	3.41414e+24
4428	3.41248e+24
4429	3.41082e+24
4430	3.40916e+24
4431	3.4075e+24
4432	3.40585e+24
4433	3.40419e+24
4434	3.40254e+24
4435	3.40088e+24
4436	3.39923e+24
4437	3.39758e+24
4438	3.39593e+24
4439	3.39428e+24
4440	3.39264e+24
4441	3.39099e+24
4442	3.38935e+24
4443	3.3877e+24
4444	3.38606e+24
4445	3.38442e+24
4446	3.38278e+24
4447	3.38114e+24
4448	3.3795e+24
4449	3.37786e+24
4450	3.37623e+24
4451	3.37459e+24
4452	3.37296e+24
4453	3.37133e+24
4454	3.36969e+24
4455	3.36806e+24
4456	3.36643e+24
4457	3.36481e+24
4458	3.36318e+24
4459	3.36155e+24
4460	3.35993e+24
4461	3.3583e+24
4462	3.35668e+24
4463	3.35506e+24
4464	3.35344e+24
4465	3.35182e+24
4466	3.3502e+24
4467	3.34859e+24
4468	3.34697e+24
4469	3.34536e+24
4470	3.34374e+24
4471	3.34213e+24
4472	3.34052e+24
4473	3.33891e+24
4474	3.3373e+24
4475	3.33569e+24
4476	3.33408e+24
4477	3.33248e+24
4478	3.33087e+24
4479	3.32927e+24
4480	3.32767e+24
4481	3.32606e+24
4482	3.32446e+24
4483	3.32286e+24
4484	3.32127e+24
4485	3.31967e+24
4486	3.31807e+24
4487	3.31648e+24
4488	3.31488e+24
4489	3.31329e+24
4490	3.3117e+24
4491	3.31011e+24
4492	3.30852e+24
4493	3.30693e+24
4494	3.30534e+24
4495	3.30376e+24
4496	3.30217e+24
4497	3.30059e+24
4498	3.299e+24
4499	3.29742e+24
4500	3.29584e+24
4501	3.29426e+24
4502	3.29268e+24
4503	3.29111e+24
4504	3.28953e+24
4505	3.28795e+24
4506	3.28638e+24
4507	3.2848e+24
4508	3.28323e+24
4509	3.28166e+24
4510	3.28009e+24
4511	3.27852e+24
4512	3.27695e+24
4513	3.27539e+24
4514	3.27382e+24
4515	3.27226e+24
4516	3.27069e+24
4517	3.26913e+24
4518	3.26757e+24
4519	3.26601e+24
4520	3.26445e+24
4521	3.26289e+24
4522	3.26133e+24
4523	3.25977e+24
4524	3.25822e+24
4525	3.25666e+24
4526	3.25511e+24
4527	3.25356e+24
4528	3.25201e+24
4529	3.25046e+24
4530	3.24891e+24
4531	3.24736e+24
4532	3.24581e+24
4533	3.24427e+24
4534	3.24272e+24
4535	3.24118e+24
4536	3.23964e+24
4537	3.23809e+24
4538	3.23655e+24
4539	3.23501e+24
4540	3.23347e+24
4541	3.23194e+24
4542	3.2304e+24
4543	3.22886e+24
4544	3.22733e+24
4545	3.2258e+24
4546	3.22426e+24
4547	3.22273e+24
4548	3.2212e+24
4549	3.21967e+24
4550	3.21814e+24
4551	3.21662e+24
4552	3.21509e+24
4553	3.21356e+24
4554	3.21204e+24
4555	3.21052e+24
4556	3.20899e+24
4557	3.20747e+24
4558	3.20595e+24
4559	3.20443e+24
4560	3.20292e+24
4561	3.2014e+24
4562	3.19988e+24
4563	3.19837e+24
4564	3.19685e+24
4565	3.19534e+24
4566	3.19383e+24
4567	3.19232e+24
4568	3.19081e+24
4569	3.1893e+24
4570	3.18779e+24
4571	3.18628e+24
4572	3.18478e+24
4573	3.18327e+24
4574	3.18177e+24
4575	3.18026e+24
4576	3.17876e+24
4577	3.17726e+24
4578	3.17576e+24
4579	3.17426e+24
4580	3.17276e+24
4581	3.17127e+24
4582	3.16977e+24
4583	3.16828e+24
4584	3.16678e+24
4585	3.16529e+24
4586	3.1638e+24
4587	3.16231e+24
4588	3.16082e+24
4589	3.15933e+24
4590	3.15784e+24
4591	3.15635e+24
4592	3.15487e+24
4593	3.15338e+24
4594	3.1519e+24
4595	3.15041e+24
4596	3.14893e+24
4597	3.14745e+24
4598	3.14597e+24
4599	3.14449e+24
4600	3.14301e+24
4601	3.14154e+24
4602	3.14006e+24
4603	3.13859e+24
4604	3.13711e+24
4605	3.13564e+24
4606	3.13417e+24
4607	3.13269e+24
4608	3.13122e+24
4609	3.12975e+24
4610	3.12829e+24
4611	3.12682e+24
4612	3.12535e+24
4613	3.12389e+24
4614	3.12242e+24
4615	3.12096e+24
4616	3.1195e+24
4617	3.11803e+24
4618	3.11657e+24
4619	3.11511e+24
4620	3.11366e+24
4621	3.1122e+24
4622	3.11074e+24
4623	3.10929e+24
4624	3.10783e+24
4625	3.10638e+24
4626	3.10492e+24
4627	3.10347e+24
4628	3.10202e+24
4629	3.10057e+24
4630	3.09912e+24
4631	3.09767e+24
4632	3.09623e+24
4633	3.09478e+24
4634	3.09334e+24
4635	3.09189e+24
4636	3.09045e+24
4637	3.08901e+24
4638	3.08756e+24
4639	3.08612e+24
4640	3.08468e+24
4641	3.08325e+24
4642	3.08181e+24
4643	3.08037e+24
4644	3.07894e+24
4645	3.0775e+24
4646	3.07607e+24
4647	3.07463e+24
4648	3.0732e+24
4649	3.07177e+24
4650	3.07034e+24
4651	3.06891e+24
4652	3.06748e+24
4653	3.06606e+24
4654	3.06463e+24
4655	3.0632e+24
4656	3.06178e+24
4657	3.06036e+24
4658	3.05893e+24
4659	3.05751e+24
4660	3.05609e+24
4661	3.05467e+24
4662	3.05325e+24
4663	3.05184e+24
4664	3.05042e+24
4665	3.049e+24
4666	3.04759e+24
4667	3.04617e+24
4668	3.04476e+24
4669	3.04335e+24
4670	3.04194e+24
4671	3.04053e+24
4672	3.03912e+24
4673	3.03771e+24
4674	3.0363e+24
4675	3.03489e+24
4676	3.03349e+24
4677	3.03208e+24
4678	3.03068e+24
4679	3.02927e+24
4680	3.02787e+24
4681	3.02647e+24
4682	3.02507e+24
4683	3.02367e+24
4684	3.02227e+24
4685	3.02088e+24
4686	3.01948e+24
4687	3.01808e+24
4688	3.01669e+24
4689	3.01529e+24
4690	3.0139e+24
4691	3.01251e+24
4692	3.01112e+24
4693	3.00973e+24
4694	3.00834e+24
4695	3.00695e+24
4696	3.00556e+24
4697	3.00417e+24
4698	3.00279e+24
4699	3.0014e+24
4700	3.00002e+24
4701	2.99864e+24
4702	2.99725e+24
4703	2.99587e+24
4704	2.99449e+24
4705	2.99311e+24
4706	2.99173e+24
4707	2.99036e+24
4708	2.98898e+24
4709	2.9876e+24
4710	2.98623e+24
4711	2.98485e+24
4712	2.98348e+24
4713	2.98211e+24
4714	2.98074e+24
4715	2.97937e+24
4716	2.978e+24
4717	2.97663e+24
4718	2.97526e+24
4719	2.97389e+24
4720	2.97253e+24
4721	2.97116e+24
4722	2.9698e+24
4723	2.96843e+24
4724	2.96707e+24
4725	2.96571e+24
4726	2.96435e+24
4727	2.96299e+24
4728	2.96163e+24
4729	2.96027e+24
4730	2.95891e+24
4731	2.95756e+24
4732	2.9562e+24
4733	2.95485e+24
4734	2.95349e+24
4735	2.95214e+24
4736	2.95079e+24
4737	2.94944e+24
4738	2.94809e+24
4739	2.94674e+24
4740	2.94539e+24
4741	2.94404e+24
4742	2.94269e+24
4743	2.94135e+24
4744	2.94e+24
4745	2.93866e+24
4746	2.93732e+24
4747	2.93597e+24
4748	2.93463e+24
4749	2.93329e+24
4750	2.93195e+24
4751	2.93061e+24
4752	2.92927e+24
4753	2.92794e+24
4754	2.9266e+24
4755	2.92526e+24
4756	2.92393e+24
4757	2.9226e+24
4758	2.92126e+24
4759	2.91993e+24
4760	2.9186e+24
4761	2.91727e+24
4762	2.91594e+24
4763	2.91461e+24
4764	2.91328e+24
4765	2.91195e+24
4766	2.91063e+24
4767	2.9093e+24
4768	2.90798e+24
4769	2.90665e+24
4770	2.90533e+24
4771	2.90401e+24
4772	2.90269e+24
4773	2.90137e+24
4774	2.90005e+24
4775	2.89873e+24
4776	2.89741e+24
4777	2.8961e+24
4778	2.89478e+24
4779	2.89346e+24
4780	2.89215e+24
4781	2.89084e+24
4782	2.88952e+24
4783	2.88821e+24
4784	2.8869e+24
4785	2.88559e+24
4786	2.88428e+24
4787	2.88297e+24
4788	2.88167e+24
4789	2.88036e+24
4790	2.87905e+24
4791	2.87775e+24
4792	2.87644e+24
4793	2.87514e+24
4794	2.87384e+24
4795	2.87254e+24
4796	2.87123e+24
4797	2.86993e+24
4798	2.86863e+24
4799	2.86734e+24
4800	2.86604e+24
4801	2.86474e+24
4802	2.86345e+24
4803	2.86215e+24
4804	2.86086e+24
4805	2.85956e+24
4806	2.85827e+24
4807	2.85698e+24
4808	2.85569e+24
4809	2.8544e+24
4810	2.85311e+24
4811	2.85182e+24
4812	2.85053e+24
4813	2.84924e+24
4814	2.84796e+24
4815	2.84667e+24
4816	2.84539e+24
4817	2.8441e+24
4818	2.84282e+24
4819	2.84154e+24
4820	2.84026e+24
4821	2.83898e+24
4822	2.8377e+24
4823	2.83642e+24
4824	2.83514e+24
4825	2.83386e+24
4826	2.83259e+24
4827	2.83131e+24
4828	2.83004e+24
4829	2.82876e+24
4830	2.82749e+24
4831	2.82622e+24
4832	2.82495e+24
4833	2.82368e+24
4834	2.82241e+24
4835	2.82114e+24
4836	2.81987e+24
4837	2.8186e+24
4838	2.81733e+24
4839	2.81607e+24
4840	2.8148e+24
4841	2.81354e+24
4842	2.81227e+24
4843	2.81101e+24
4844	2.80975e+24
4845	2.80849e+24
4846	2.80723e+24
4847	2.80597e+24
4848	2.80471e+24
4849	2.80345e+24
4850	2.8022e+24
4851	2.80094e+24
4852	2.79968e+24
4853	2.79843e+24
4854	2.79717e+24
4855	2.79592e+24
4856	2.79467e+24
4857	2.79342e+24
4858	2.79217e+24
4859	2.79092e+24
4860	2.78967e+24
4861	2.78842e+24
4862	2.78717e+24
4863	2.78592e+24
4864	2.78468e+24
4865	2.78343e+24
4866	2.78219e+24
4867	2.78094e+24
4868	2.7797e+24
4869	2.77846e+24
4870	2.77722e+24
4871	2.77598e+24
4872	2.77474e+24
4873	2.7735e+24
4874	2.77226e+24
4875	2.77102e+24
4876	2.76979e+24
4877	2.76855e+24
4878	2.76731e+24
4879	2.76608e+24
4880	2.76485e+24
4881	2.76361e+24
4882	2.76238e+24
4883	2.76115e+24
4884	2.75992e+24
4885	2.75869e+24
4886	2.75746e+24
4887	2.75623e+24
4888	2.755e+24
4889	2.75378e+24
4890	2.75255e+24
4891	2.75133e+24
4892	2.7501e+24
4893	2.74888e+24
4894	2.74766e+24
4895	2.74643e+24
4896	2.74521e+24
4897	2.74399e+24
4898	2.74277e+24
4899	2.74155e+24
4900	2.74033e+24
4901	2.73912e+24
4902	2.7379e+24
4903	2.73668e+24
4904	2.73547e+24
4905	2.73425e+24
4906	2.73304e+24
4907	2.73183e+24
4908	2.73062e+24
4909	2.7294e+24
4910	2.72819e+24
4911	2.72698e+24
4912	2.72577e+24
4913	2.72457e+24
4914	2.72336e+24
4915	2.72215e+24
4916	2.72095e+24
4917	2.71974e+24
4918	2.71853e+24
4919	2.71733e+24
4920	2.71613e+24
4921	2.71493e+24
4922	2.71372e+24
4923	2.71252e+24
4924	2.71132e+24
4925	2.71012e+24
4926	2.70892e+24
4927	2.70773e+24
4928	2.70653e+24
4929	2.70533e+24
4930	2.70414e+24
4931	2.70294e+24
4932	2.70175e+24
4933	2.70055e+24
4934	2.69936e+24
4935	2.69817e+24
4936	2.69698e+24
4937	2.69579e+24
4938	2.6946e+24
4939	2.69341e+24
4940	2.69222e+24
4941	2.69103e+24
4942	2.68985e+24
4943	2.68866e+24
4944	2.68747e+24
4945	2.68629e+24
4946	2.68511e+24
4947	2.68392e+24
4948	2.68274e+24
4949	2.68156e+24
4950	2.68038e+24
4951	2.6792e+24
4952	2.67802e+24
4953	2.67684e+24
4954	2.67566e+24
4955	2.67448e+24
4956	2.67331e+24
4957	2.67213e+24
4958	2.67096e+24
4959	2.66978e+24
4960	2.66861e+24
4961	2.66743e+24
4962	2.66626e+24
4963	2.66509e+24
4964	2.66392e+24
4965	2.66275e+24
4966	2.66158e+24
4967	2.66041e+24
4968	2.65924e+24
4969	2.65808e+24
4970	2.65691e+24
4971	2.65574e+24
4972	2.65458e+24
4973	2.65341e+24
4974	2.65225e+24
4975	2.65109e+24
4976	2.64993e+24
4977	2.64876e+24
4978	2.6476e+24
4979	2.64644e+24
4980	2.64528e+24
4981	2.64413e+24
4982	2.64297e+24
4983	2.64181e+24
4984	2.64065e+24
4985	2.6395e+24
4986	2.63834e+24
4987	2.63719e+24
4988	2.63604e+24
4989	2.63488e+24
4990	2.63373e+24
4991	2.63258e+24
4992	2.63143e+24
4993	2.63028e+24
4994	2.62913e+24
4995	2.62798e+24
4996	2.62683e+24
4997	2.62568e+24
4998	2.62454e+24
4999	2.62339e+24
5000	2.62225e+24
# iterates cost: 81.8903
