# Reading DATA...
# Reading Matrix Successfully!
MRSM
0	3.84816e+30
1	3.29666e+29
2	8.23325e+28
3	3.31274e+28
4	1.65556e+28
5	9.59186e+27
6	6.10232e+27
7	4.16253e+27
8	2.98239e+27
9	2.22137e+27
10	1.7041e+27
11	1.33969e+27
12	1.07421e+27
13	8.76104e+26
14	7.24819e+26
15	6.07268e+26
16	5.14354e+26
17	4.39934e+26
18	3.79531e+26
19	3.29986e+26
20	2.88912e+26
21	2.54568e+26
22	2.25597e+26
23	2.00984e+26
24	1.7992e+26
25	1.61784e+26
26	1.46071e+26
27	1.32389e+26
28	1.2041e+26
29	1.09876e+26
30	1.0057e+26
31	9.2318e+25
32	8.497e+25
33	7.84052e+25
34	7.25194e+25
35	6.72265e+25
36	6.24518e+25
37	5.81331e+25
38	5.42159e+25
39	5.06543e+25
40	4.74079e+25
41	4.44425e+25
42	4.17274e+25
43	3.92367e+25
44	3.69471e+25
45	3.48385e+25
46	3.2893e+25
47	3.10951e+25
48	2.94305e+25
49	2.78872e+25
50	2.64539e+25
51	2.51209e+25
52	2.38795e+25
53	2.27217e+25
54	2.16406e+25
55	2.06297e+25
56	1.96833e+25
57	1.87963e+25
58	1.7964e+25
59	1.71822e+25
60	1.6447e+25
61	1.5755e+25
62	1.51029e+25
63	1.44878e+25
64	1.39072e+25
65	1.33585e+25
66	1.28396e+25
67	1.23484e+25
68	1.18831e+25
69	1.14419e+25
70	1.10233e+25
71	1.06258e+25
72	1.0248e+25
73	9.88881e+24
74	9.54697e+24
75	9.22146e+24
76	8.91127e+24
77	8.6155e+24
78	8.33331e+24
79	8.0639e+24
80	7.80654e+24
81	7.56056e+24
82	7.32531e+24
83	7.1002e+24
84	6.88469e+24
85	6.67824e+24
86	6.48038e+24
87	6.29067e+24
88	6.10866e+24
89	5.93397e+24
90	5.76622e+24
91	5.60507e+24
92	5.45018e+24
93	5.30125e+24
94	5.15798e+24
95	5.02011e+24
96	4.88737e+24
97	4.75953e+24
98	4.63635e+24
99	4.51763e+24
100	4.40315e+24
101	4.29272e+24
102	4.18616e+24
103	4.0833e+24
104	3.98398e+24
105	3.88804e+24
106	3.79533e+24
107	3.70572e+24
108	3.61908e+24
109	3.53528e+24
110	3.45421e+24
111	3.37574e+24
112	3.29978e+24
113	3.22623e+24
114	3.15497e+24
115	3.08594e+24
116	3.01903e+24
117	2.95416e+24
118	2.89126e+24
119	2.83025e+24
120	2.77106e+24
121	2.71361e+24
122	2.65785e+24
123	2.60371e+24
124	2.55112e+24
125	2.50004e+24
126	2.45041e+24
127	2.40218e+24
128	2.35529e+24
129	2.3097e+24
130	2.26536e+24
131	2.22223e+24
132	2.18027e+24
133	2.13943e+24
134	2.09968e+24
135	2.06098e+24
136	2.0233e+24
137	1.9866e+24
138	1.95085e+24
139	1.91602e+24
140	1.88207e+24
141	1.84898e+24
142	1.81673e+24
143	1.78527e+24
144	1.7546e+24
145	1.72468e+24
146	1.69549e+24
147	1.66701e+24
148	1.63921e+24
149	1.61208e+24
150	1.58559e+24
151	1.55972e+24
152	1.53446e+24
153	1.50979e+24
154	1.48569e+24
155	1.46214e+24
156	1.43913e+24
157	1.41663e+24
158	1.39465e+24
159	1.37315e+24
160	1.35213e+24
161	1.33158e+24
162	1.31147e+24
163	1.2918e+24
164	1.27256e+24
165	1.25373e+24
166	1.2353e+24
167	1.21726e+24
168	1.1996e+24
169	1.18231e+24
170	1.16538e+24
171	1.1488e+24
172	1.13256e+24
173	1.11666e+24
174	1.10107e+24
175	1.0858e+24
176	1.07083e+24
177	1.05617e+24
178	1.04179e+24
179	1.0277e+24
180	1.01388e+24
181	1.00033e+24
182	9.87037e+23
183	9.74003e+23
184	9.61218e+23
185	9.48676e+23
186	9.3637e+23
187	9.24295e+23
188	9.12444e+23
189	9.00814e+23
190	8.89397e+23
191	8.78189e+23
192	8.67186e+23
193	8.56381e+23
194	8.45771e+23
195	8.35351e+23
196	8.25117e+23
197	8.15063e+23
198	8.05186e+23
199	7.95482e+23
200	7.85947e+23
201	7.76576e+23
202	7.67367e+23
203	7.58315e+23
204	7.49417e+23
205	7.4067e+23
206	7.3207e+23
207	7.23614e+23
208	7.15298e+23
209	7.0712e+23
210	6.99077e+23
211	6.91165e+23
212	6.83382e+23
213	6.75726e+23
214	6.68192e+23
215	6.6078e+23
216	6.53485e+23
217	6.46306e+23
218	6.39241e+23
219	6.32286e+23
220	6.2544e+23
221	6.187e+23
222	6.12065e+23
223	6.05531e+23
224	5.99097e+23
225	5.92762e+23
226	5.86522e+23
227	5.80376e+23
228	5.74322e+23
229	5.68359e+23
230	5.62484e+23
231	5.56696e+23
232	5.50993e+23
233	5.45373e+23
234	5.39835e+23
235	5.34377e+23
236	5.28998e+23
237	5.23696e+23
238	5.1847e+23
239	5.13318e+23
240	5.08238e+23
241	5.03231e+23
242	4.98293e+23
243	4.93424e+23
244	4.88623e+23
245	4.83888e+23
246	4.79218e+23
247	4.74611e+23
248	4.70068e+23
249	4.65586e+23
250	4.61165e+23
251	4.56803e+23
252	4.52499e+23
253	4.48253e+23
254	4.44063e+23
255	4.39928e+23
256	4.35848e+23
257	4.31821e+23
258	4.27846e+23
259	4.23923e+23
260	4.2005e+23
261	4.16227e+23
262	4.12454e+23
263	4.08728e+23
264	4.05049e+23
265	4.01417e+23
266	3.97831e+23
267	3.94289e+23
268	3.90792e+23
269	3.87338e+23
270	3.83927e+23
271	3.80558e+23
272	3.7723e+23
273	3.73943e+23
274	3.70696e+23
275	3.67488e+23
276	3.64319e+23
277	3.61188e+23
278	3.58095e+23
279	3.55038e+23
280	3.52018e+23
281	3.49033e+23
282	3.46084e+23
283	3.43169e+23
284	3.40289e+23
285	3.37442e+23
286	3.34628e+23
287	3.31846e+23
288	3.29097e+23
289	3.26379e+23
290	3.23692e+23
291	3.21035e+23
292	3.18409e+23
293	3.15813e+23
294	3.13246e+23
295	3.10707e+23
296	3.08197e+23
297	3.05715e+23
298	3.0326e+23
299	3.00833e+23
300	2.98432e+23
301	2.96058e+23
302	2.93709e+23
303	2.91387e+23
304	2.89089e+23
305	2.86816e+23
306	2.84568e+23
307	2.82344e+23
308	2.80144e+23
309	2.77967e+23
310	2.75814e+23
311	2.73683e+23
312	2.71575e+23
313	2.69489e+23
314	2.67424e+23
315	2.65382e+23
316	2.6336e+23
317	2.6136e+23
318	2.59381e+23
319	2.57421e+23
320	2.55482e+23
321	2.53563e+23
322	2.51664e+23
323	2.49784e+23
324	2.47923e+23
325	2.4608e+23
326	2.44257e+23
327	2.42451e+23
328	2.40664e+23
329	2.38895e+23
330	2.37143e+23
331	2.35409e+23
332	2.33692e+23
333	2.31992e+23
334	2.30308e+23
335	2.28641e+23
336	2.26991e+23
337	2.25356e+23
338	2.23737e+23
339	2.22134e+23
340	2.20547e+23
341	2.18975e+23
342	2.17418e+23
343	2.15876e+23
344	2.14348e+23
345	2.12835e+23
346	2.11337e+23
347	2.09853e+23
348	2.08382e+23
349	2.06926e+23
350	2.05483e+23
351	2.04054e+23
352	2.02638e+23
353	2.01235e+23
354	1.99845e+23
355	1.98468e+23
356	1.97104e+23
357	1.95753e+23
358	1.94413e+23
359	1.93087e+23
360	1.91772e+23
361	1.90469e+23
362	1.89178e+23
363	1.87899e+23
364	1.86631e+23
365	1.85374e+23
366	1.84129e+23
367	1.82895e+23
368	1.81673e+23
369	1.80461e+23
370	1.79259e+23
371	1.78069e+23
372	1.76889e+23
373	1.75719e+23
374	1.7456e+23
375	1.73411e+23
376	1.72272e+23
377	1.71143e+23
378	1.70023e+23
379	1.68914e+23
380	1.67814e+23
381	1.66723e+23
382	1.65642e+23
383	1.6457e+23
384	1.63508e+23
385	1.62454e+23
386	1.6141e+23
387	1.60374e+23
388	1.59348e+23
389	1.5833e+23
390	1.5732e+23
391	1.56319e+23
392	1.55327e+23
393	1.54342e+23
394	1.53366e+23
395	1.52399e+23
396	1.51439e+23
397	1.50487e+23
398	1.49543e+23
399	1.48607e+23
400	1.47679e+23
401	1.46759e+23
402	1.45845e+23
403	1.4494e+23
404	1.44042e+23
405	1.43151e+23
406	1.42267e+23
407	1.41391e+23
408	1.40522e+23
409	1.39659e+23
410	1.38804e+23
411	1.37956e+23
412	1.37114e+23
413	1.36279e+23
414	1.35451e+23
415	1.3463e+23
416	1.33815e+23
417	1.33006e+23
418	1.32204e+23
419	1.31409e+23
420	1.30619e+23
421	1.29836e+23
422	1.29059e+23
423	1.28288e+23
424	1.27523e+23
425	1.26764e+23
426	1.26011e+23
427	1.25264e+23
428	1.24523e+23
429	1.23787e+23
430	1.23057e+23
431	1.22333e+23
432	1.21614e+23
433	1.20901e+23
434	1.20194e+23
435	1.19491e+23
436	1.18794e+23
437	1.18103e+23
438	1.17417e+23
439	1.16735e+23
440	1.1606e+23
441	1.15389e+23
442	1.14723e+23
443	1.14062e+23
444	1.13407e+23
445	1.12756e+23
446	1.1211e+23
447	1.11469e+23
448	1.10832e+23
449	1.10201e+23
450	1.09574e+23
451	1.08952e+23
452	1.08334e+23
453	1.07721e+23
454	1.07112e+23
455	1.06508e+23
456	1.05909e+23
457	1.05314e+23
458	1.04723e+23
459	1.04136e+23
460	1.03554e+23
461	1.02976e+23
462	1.02402e+23
463	1.01832e+23
464	1.01267e+23
465	1.00706e+23
466	1.00148e+23
467	9.95948e+22
468	9.90454e+22
469	9.85e+22
470	9.79584e+22
471	9.74208e+22
472	9.68869e+22
473	9.63569e+22
474	9.58307e+22
475	9.53082e+22
476	9.47894e+22
477	9.42742e+22
478	9.37627e+22
479	9.32548e+22
480	9.27505e+22
481	9.22497e+22
482	9.17525e+22
483	9.12587e+22
484	9.07684e+22
485	9.02815e+22
486	8.97979e+22
487	8.93178e+22
488	8.8841e+22
489	8.83675e+22
490	8.78972e+22
491	8.74302e+22
492	8.69664e+22
493	8.65059e+22
494	8.60485e+22
495	8.55942e+22
496	8.5143e+22
497	8.46949e+22
498	8.42499e+22
499	8.38079e+22
500	8.33689e+22
501	8.29329e+22
502	8.24999e+22
503	8.20698e+22
504	8.16426e+22
505	8.12182e+22
506	8.07968e+22
507	8.03781e+22
508	7.99623e+22
509	7.95493e+22
510	7.9139e+22
511	7.87315e+22
512	7.83267e+22
513	7.79246e+22
514	7.75251e+22
515	7.71283e+22
516	7.67342e+22
517	7.63426e+22
518	7.59537e+22
519	7.55673e+22
520	7.51834e+22
521	7.48021e+22
522	7.44233e+22
523	7.4047e+22
524	7.36731e+22
525	7.33017e+22
526	7.29327e+22
527	7.25661e+22
528	7.22019e+22
529	7.184e+22
530	7.14805e+22
531	7.11234e+22
532	7.07685e+22
533	7.04159e+22
534	7.00656e+22
535	6.97176e+22
536	6.93718e+22
537	6.90282e+22
538	6.86868e+22
539	6.83476e+22
540	6.80106e+22
541	6.76757e+22
542	6.7343e+22
543	6.70123e+22
544	6.66838e+22
545	6.63574e+22
546	6.6033e+22
547	6.57107e+22
548	6.53904e+22
549	6.50721e+22
550	6.47558e+22
551	6.44416e+22
552	6.41293e+22
553	6.38189e+22
554	6.35105e+22
555	6.3204e+22
556	6.28995e+22
557	6.25968e+22
558	6.2296e+22
559	6.19971e+22
560	6.17e+22
561	6.14048e+22
562	6.11114e+22
563	6.08199e+22
564	6.05301e+22
565	6.02421e+22
566	5.99559e+22
567	5.96714e+22
568	5.93887e+22
569	5.91077e+22
570	5.88284e+22
571	5.85509e+22
572	5.8275e+22
573	5.80008e+22
574	5.77283e+22
575	5.74575e+22
576	5.71883e+22
577	5.69207e+22
578	5.66547e+22
579	5.63904e+22
580	5.61276e+22
581	5.58664e+22
582	5.56068e+22
583	5.53488e+22
584	5.50923e+22
585	5.48373e+22
586	5.45839e+22
587	5.4332e+22
588	5.40816e+22
589	5.38327e+22
590	5.35852e+22
591	5.33393e+22
592	5.30948e+22
593	5.28517e+22
594	5.26101e+22
595	5.23699e+22
596	5.21312e+22
597	5.18938e+22
598	5.16579e+22
599	5.14233e+22
600	5.11901e+22
601	5.09583e+22
602	5.07278e+22
603	5.04987e+22
604	5.02709e+22
605	5.00445e+22
606	4.98194e+22
607	4.95955e+22
608	4.9373e+22
609	4.91518e+22
610	4.89319e+22
611	4.87132e+22
612	4.84958e+22
613	4.82797e+22
614	4.80648e+22
615	4.78511e+22
616	4.76387e+22
617	4.74275e+22
618	4.72175e+22
619	4.70087e+22
620	4.68011e+22
621	4.65947e+22
622	4.63895e+22
623	4.61855e+22
624	4.59826e+22
625	4.57808e+22
626	4.55802e+22
627	4.53808e+22
628	4.51825e+22
629	4.49853e+22
630	4.47892e+22
631	4.45942e+22
632	4.44003e+22
633	4.42076e+22
634	4.40159e+22
635	4.38252e+22
636	4.36357e+22
637	4.34472e+22
638	4.32598e+22
639	4.30734e+22
640	4.28881e+22
641	4.27038e+22
642	4.25205e+22
643	4.23382e+22
644	4.2157e+22
645	4.19767e+22
646	4.17975e+22
647	4.16192e+22
648	4.1442e+22
649	4.12657e+22
650	4.10904e+22
651	4.09161e+22
652	4.07427e+22
653	4.05702e+22
654	4.03988e+22
655	4.02282e+22
656	4.00586e+22
657	3.98899e+22
658	3.97222e+22
659	3.95553e+22
660	3.93894e+22
661	3.92244e+22
662	3.90603e+22
663	3.8897e+22
664	3.87347e+22
665	3.85732e+22
666	3.84126e+22
667	3.82529e+22
668	3.8094e+22
669	3.7936e+22
670	3.77789e+22
671	3.76225e+22
672	3.74671e+22
673	3.73124e+22
674	3.71586e+22
675	3.70057e+22
676	3.68535e+22
677	3.67021e+22
678	3.65516e+22
679	3.64019e+22
680	3.62529e+22
681	3.61048e+22
682	3.59574e+22
683	3.58109e+22
684	3.56651e+22
685	3.552e+22
686	3.53758e+22
687	3.52323e+22
688	3.50895e+22
689	3.49475e+22
690	3.48063e+22
691	3.46658e+22
692	3.45261e+22
693	3.4387e+22
694	3.42487e+22
695	3.41112e+22
696	3.39743e+22
697	3.38382e+22
698	3.37028e+22
699	3.3568e+22
700	3.3434e+22
701	3.33007e+22
702	3.31681e+22
703	3.30361e+22
704	3.29049e+22
705	3.27743e+22
706	3.26444e+22
707	3.25152e+22
708	3.23866e+22
709	3.22587e+22
710	3.21315e+22
711	3.20049e+22
712	3.1879e+22
713	3.17537e+22
714	3.1629e+22
715	3.1505e+22
716	3.13816e+22
717	3.12589e+22
718	3.11368e+22
719	3.10153e+22
720	3.08944e+22
721	3.07742e+22
722	3.06545e+22
723	3.05355e+22
724	3.0417e+22
725	3.02992e+22
726	3.01819e+22
727	3.00653e+22
728	2.99492e+22
729	2.98338e+22
730	2.97189e+22
731	2.96046e+22
732	2.94908e+22
733	2.93777e+22
734	2.92651e+22
735	2.9153e+22
736	2.90415e+22
737	2.89306e+22
738	2.88203e+22
739	2.87105e+22
740	2.86012e+22
741	2.84925e+22
742	2.83843e+22
743	2.82766e+22
744	2.81695e+22
745	2.8063e+22
746	2.79569e+22
747	2.78514e+22
748	2.77464e+22
749	2.76419e+22
750	2.75379e+22
751	2.74345e+22
752	2.73315e+22
753	2.72291e+22
754	2.71271e+22
755	2.70257e+22
756	2.69248e+22
757	2.68243e+22
758	2.67244e+22
759	2.66249e+22
760	2.65259e+22
761	2.64274e+22
762	2.63294e+22
763	2.62318e+22
764	2.61348e+22
765	2.60382e+22
766	2.5942e+22
767	2.58464e+22
768	2.57512e+22
769	2.56564e+22
770	2.55621e+22
771	2.54683e+22
772	2.53749e+22
773	2.5282e+22
774	2.51895e+22
775	2.50975e+22
776	2.50059e+22
777	2.49147e+22
778	2.4824e+22
779	2.47337e+22
780	2.46439e+22
781	2.45545e+22
782	2.44655e+22
783	2.43769e+22
784	2.42887e+22
785	2.4201e+22
786	2.41137e+22
787	2.40268e+22
788	2.39403e+22
789	2.38542e+22
790	2.37686e+22
791	2.36833e+22
792	2.35984e+22
793	2.3514e+22
794	2.34299e+22
795	2.33462e+22
796	2.32629e+22
797	2.31801e+22
798	2.30976e+22
799	2.30154e+22
800	2.29337e+22
801	2.28524e+22
802	2.27714e+22
803	2.26908e+22
804	2.26106e+22
805	2.25308e+22
806	2.24513e+22
807	2.23722e+22
808	2.22935e+22
809	2.22151e+22
810	2.21371e+22
811	2.20595e+22
812	2.19822e+22
813	2.19053e+22
814	2.18287e+22
815	2.17525e+22
816	2.16766e+22
817	2.16011e+22
818	2.1526e+22
819	2.14511e+22
820	2.13767e+22
821	2.13025e+22
822	2.12287e+22
823	2.11553e+22
824	2.10822e+22
825	2.10094e+22
826	2.09369e+22
827	2.08648e+22
828	2.0793e+22
829	2.07215e+22
830	2.06504e+22
831	2.05796e+22
832	2.05091e+22
833	2.04389e+22
834	2.0369e+22
835	2.02995e+22
836	2.02302e+22
837	2.01613e+22
838	2.00927e+22
839	2.00244e+22
840	1.99564e+22
841	1.98887e+22
842	1.98213e+22
843	1.97542e+22
844	1.96875e+22
845	1.9621e+22
846	1.95548e+22
847	1.94889e+22
848	1.94233e+22
849	1.9358e+22
850	1.9293e+22
851	1.92283e+22
852	1.91638e+22
853	1.90997e+22
854	1.90358e+22
855	1.89722e+22
856	1.89089e+22
857	1.88459e+22
858	1.87832e+22
859	1.87207e+22
860	1.86585e+22
861	1.85966e+22
862	1.8535e+22
863	1.84736e+22
864	1.84125e+22
865	1.83517e+22
866	1.82911e+22
867	1.82308e+22
868	1.81708e+22
869	1.8111e+22
870	1.80515e+22
871	1.79922e+22
872	1.79332e+22
873	1.78745e+22
874	1.7816e+22
875	1.77578e+22
876	1.76998e+22
877	1.76421e+22
878	1.75846e+22
879	1.75274e+22
880	1.74704e+22
881	1.74137e+22
882	1.73572e+22
883	1.7301e+22
884	1.7245e+22
885	1.71892e+22
886	1.71337e+22
887	1.70785e+22
888	1.70234e+22
889	1.69686e+22
890	1.6914e+22
891	1.68597e+22
892	1.68056e+22
893	1.67517e+22
894	1.66981e+22
895	1.66447e+22
896	1.65915e+22
897	1.65386e+22
898	1.64858e+22
899	1.64333e+22
900	1.6381e+22
901	1.6329e+22
902	1.62771e+22
903	1.62255e+22
904	1.61741e+22
905	1.61229e+22
906	1.6072e+22
907	1.60212e+22
908	1.59707e+22
909	1.59203e+22
910	1.58702e+22
911	1.58203e+22
912	1.57706e+22
913	1.57211e+22
914	1.56718e+22
915	1.56228e+22
916	1.55739e+22
917	1.55252e+22
918	1.54768e+22
919	1.54285e+22
920	1.53805e+22
921	1.53326e+22
922	1.52849e+22
923	1.52375e+22
924	1.51902e+22
925	1.51432e+22
926	1.50963e+22
927	1.50496e+22
928	1.50031e+22
929	1.49568e+22
930	1.49107e+22
931	1.48648e+22
932	1.48191e+22
933	1.47736e+22
934	1.47282e+22
935	1.46831e+22
936	1.46381e+22
937	1.45933e+22
938	1.45487e+22
939	1.45043e+22
940	1.446e+22
941	1.4416e+22
942	1.43721e+22
943	1.43284e+22
944	1.42849e+22
945	1.42415e+22
946	1.41983e+22
947	1.41553e+22
948	1.41125e+22
949	1.40699e+22
950	1.40274e+22
951	1.39851e+22
952	1.3943e+22
953	1.3901e+22
954	1.38592e+22
955	1.38176e+22
956	1.37761e+22
957	1.37349e+22
958	1.36937e+22
959	1.36528e+22
960	1.3612e+22
961	1.35714e+22
962	1.35309e+22
963	1.34906e+22
964	1.34505e+22
965	1.34105e+22
966	1.33707e+22
967	1.3331e+22
968	1.32915e+22
969	1.32521e+22
970	1.3213e+22
971	1.31739e+22
972	1.3135e+22
973	1.30963e+22
974	1.30577e+22
975	1.30193e+22
976	1.29811e+22
977	1.2943e+22
978	1.2905e+22
979	1.28672e+22
980	1.28295e+22
981	1.2792e+22
982	1.27546e+22
983	1.27174e+22
984	1.26803e+22
985	1.26434e+22
986	1.26066e+22
987	1.257e+22
988	1.25335e+22
989	1.24971e+22
990	1.24609e+22
991	1.24248e+22
992	1.23889e+22
993	1.23531e+22
994	1.23175e+22
995	1.2282e+22
996	1.22466e+22
997	1.22113e+22
998	1.21762e+22
999	1.21413e+22
1000	1.21065e+22
1001	1.20718e+22
1002	1.20372e+22
1003	1.20028e+22
1004	1.19685e+22
1005	1.19343e+22
1006	1.19003e+22
1007	1.18664e+22
1008	1.18326e+22
1009	1.1799e+22
1010	1.17655e+22
1011	1.17321e+22
1012	1.16988e+22
1013	1.16657e+22
1014	1.16327e+22
1015	1.15999e+22
1016	1.15671e+22
1017	1.15345e+22
1018	1.1502e+22
1019	1.14696e+22
1020	1.14374e+22
1021	1.14052e+22
1022	1.13732e+22
1023	1.13413e+22
1024	1.13096e+22
1025	1.12779e+22
1026	1.12464e+22
1027	1.1215e+22
1028	1.11837e+22
1029	1.11526e+22
1030	1.11215e+22
1031	1.10906e+22
1032	1.10598e+22
1033	1.10291e+22
1034	1.09985e+22
1035	1.0968e+22
1036	1.09377e+22
1037	1.09074e+22
1038	1.08773e+22
1039	1.08473e+22
1040	1.08174e+22
1041	1.07876e+22
1042	1.07579e+22
1043	1.07283e+22
1044	1.06989e+22
1045	1.06695e+22
1046	1.06403e+22
1047	1.06111e+22
1048	1.05821e+22
1049	1.05532e+22
1050	1.05244e+22
1051	1.04957e+22
1052	1.04671e+22
1053	1.04386e+22
1054	1.04102e+22
1055	1.03819e+22
1056	1.03537e+22
1057	1.03257e+22
1058	1.02977e+22
1059	1.02698e+22
1060	1.02421e+22
1061	1.02144e+22
1062	1.01868e+22
1063	1.01594e+22
1064	1.0132e+22
1065	1.01048e+22
1066	1.00776e+22
1067	1.00505e+22
1068	1.00236e+22
1069	9.99672e+21
1070	9.96995e+21
1071	9.94329e+21
1072	9.91671e+21
1073	9.89024e+21
1074	9.86386e+21
1075	9.83758e+21
1076	9.81139e+21
1077	9.78529e+21
1078	9.75929e+21
1079	9.73339e+21
1080	9.70758e+21
1081	9.68186e+21
1082	9.65623e+21
1083	9.6307e+21
1084	9.60526e+21
1085	9.57991e+21
1086	9.55465e+21
1087	9.52948e+21
1088	9.5044e+21
1089	9.47941e+21
1090	9.45451e+21
1091	9.4297e+21
1092	9.40498e+21
1093	9.38035e+21
1094	9.3558e+21
1095	9.33134e+21
1096	9.30697e+21
1097	9.28269e+21
1098	9.25849e+21
1099	9.23438e+21
1100	9.21035e+21
1101	9.18641e+21
1102	9.16255e+21
1103	9.13878e+21
1104	9.11509e+21
1105	9.09149e+21
1106	9.06797e+21
1107	9.04453e+21
1108	9.02117e+21
1109	8.9979e+21
1110	8.97471e+21
1111	8.9516e+21
1112	8.92857e+21
1113	8.90562e+21
1114	8.88275e+21
1115	8.85997e+21
1116	8.83726e+21
1117	8.81463e+21
1118	8.79208e+21
1119	8.76961e+21
1120	8.74722e+21
1121	8.72491e+21
1122	8.70267e+21
1123	8.68051e+21
1124	8.65843e+21
1125	8.63642e+21
1126	8.61449e+21
1127	8.59264e+21
1128	8.57086e+21
1129	8.54916e+21
1130	8.52754e+21
1131	8.50598e+21
1132	8.48451e+21
1133	8.4631e+21
1134	8.44177e+21
1135	8.42052e+21
1136	8.39933e+21
1137	8.37822e+21
1138	8.35719e+21
1139	8.33622e+21
1140	8.31533e+21
1141	8.2945e+21
1142	8.27375e+21
1143	8.25307e+21
1144	8.23246e+21
1145	8.21192e+21
1146	8.19146e+21
1147	8.17106e+21
1148	8.15073e+21
1149	8.13047e+21
1150	8.11028e+21
1151	8.09015e+21
1152	8.0701e+21
1153	8.05011e+21
1154	8.03019e+21
1155	8.01034e+21
1156	7.99056e+21
1157	7.97084e+21
1158	7.95119e+21
1159	7.93161e+21
1160	7.91209e+21
1161	7.89263e+21
1162	7.87325e+21
1163	7.85393e+21
1164	7.83467e+21
1165	7.81548e+21
1166	7.79635e+21
1167	7.77729e+21
1168	7.75829e+21
1169	7.73935e+21
1170	7.72048e+21
1171	7.70167e+21
1172	7.68292e+21
1173	7.66423e+21
1174	7.64561e+21
1175	7.62705e+21
1176	7.60855e+21
1177	7.59012e+21
1178	7.57174e+21
1179	7.55343e+21
1180	7.53517e+21
1181	7.51698e+21
1182	7.49884e+21
1183	7.48077e+21
1184	7.46276e+21
1185	7.4448e+21
1186	7.42691e+21
1187	7.40907e+21
1188	7.3913e+21
1189	7.37358e+21
1190	7.35592e+21
1191	7.33831e+21
1192	7.32077e+21
1193	7.30328e+21
1194	7.28585e+21
1195	7.26848e+21
1196	7.25116e+21
1197	7.23391e+21
1198	7.2167e+21
1199	7.19956e+21
1200	7.18247e+21
1201	7.16543e+21
1202	7.14845e+21
1203	7.13153e+21
1204	7.11466e+21
1205	7.09784e+21
1206	7.08108e+21
1207	7.06438e+21
1208	7.04773e+21
1209	7.03113e+21
1210	7.01459e+21
1211	6.9981e+21
1212	6.98166e+21
1213	6.96527e+21
1214	6.94894e+21
1215	6.93267e+21
1216	6.91644e+21
1217	6.90027e+21
1218	6.88414e+21
1219	6.86807e+21
1220	6.85206e+21
1221	6.83609e+21
1222	6.82017e+21
1223	6.80431e+21
1224	6.78849e+21
1225	6.77273e+21
1226	6.75702e+21
1227	6.74135e+21
1228	6.72574e+21
1229	6.71017e+21
1230	6.69466e+21
1231	6.6792e+21
1232	6.66378e+21
1233	6.64841e+21
1234	6.6331e+21
1235	6.61783e+21
1236	6.60261e+21
1237	6.58743e+21
1238	6.57231e+21
1239	6.55723e+21
1240	6.5422e+21
1241	6.52722e+21
1242	6.51228e+21
1243	6.4974e+21
1244	6.48256e+21
1245	6.46776e+21
1246	6.45301e+21
1247	6.43831e+21
1248	6.42366e+21
1249	6.40905e+21
1250	6.39448e+21
1251	6.37997e+21
1252	6.36549e+21
1253	6.35107e+21
1254	6.33668e+21
1255	6.32235e+21
1256	6.30805e+21
1257	6.2938e+21
1258	6.2796e+21
1259	6.26544e+21
1260	6.25132e+21
1261	6.23725e+21
1262	6.22322e+21
1263	6.20924e+21
1264	6.1953e+21
1265	6.1814e+21
1266	6.16754e+21
1267	6.15373e+21
1268	6.13996e+21
1269	6.12623e+21
1270	6.11255e+21
1271	6.0989e+21
1272	6.0853e+21
1273	6.07174e+21
1274	6.05823e+21
1275	6.04475e+21
1276	6.03132e+21
1277	6.01792e+21
1278	6.00457e+21
1279	5.99126e+21
1280	5.97799e+21
1281	5.96476e+21
1282	5.95157e+21
1283	5.93842e+21
1284	5.92531e+21
1285	5.91224e+21
1286	5.89921e+21
1287	5.88622e+21
1288	5.87327e+21
1289	5.86035e+21
1290	5.84748e+21
1291	5.83465e+21
1292	5.82185e+21
1293	5.8091e+21
1294	5.79638e+21
1295	5.7837e+21
1296	5.77106e+21
1297	5.75846e+21
1298	5.74589e+21
1299	5.73337e+21
1300	5.72088e+21
1301	5.70843e+21
1302	5.69601e+21
1303	5.68364e+21
1304	5.6713e+21
1305	5.65899e+21
1306	5.64673e+21
1307	5.6345e+21
1308	5.62231e+21
1309	5.61015e+21
1310	5.59803e+21
1311	5.58595e+21
1312	5.5739e+21
1313	5.56189e+21
1314	5.54991e+21
1315	5.53797e+21
1316	5.52607e+21
1317	5.5142e+21
1318	5.50236e+21
1319	5.49057e+21
1320	5.4788e+21
1321	5.46707e+21
1322	5.45538e+21
1323	5.44372e+21
1324	5.43209e+21
1325	5.4205e+21
1326	5.40894e+21
1327	5.39742e+21
1328	5.38593e+21
1329	5.37448e+21
1330	5.36306e+21
1331	5.35167e+21
1332	5.34031e+21
1333	5.32899e+21
1334	5.31771e+21
1335	5.30645e+21
1336	5.29523e+21
1337	5.28404e+21
1338	5.27288e+21
1339	5.26176e+21
1340	5.25067e+21
1341	5.23961e+21
1342	5.22858e+21
1343	5.21759e+21
1344	5.20662e+21
1345	5.19569e+21
1346	5.18479e+21
1347	5.17393e+21
1348	5.16309e+21
1349	5.15229e+21
1350	5.14151e+21
1351	5.13077e+21
1352	5.12006e+21
1353	5.10938e+21
1354	5.09873e+21
1355	5.08811e+21
1356	5.07752e+21
1357	5.06697e+21
1358	5.05644e+21
1359	5.04594e+21
1360	5.03548e+21
1361	5.02504e+21
1362	5.01463e+21
1363	5.00426e+21
1364	4.99391e+21
1365	4.98359e+21
1366	4.9733e+21
1367	4.96304e+21
1368	4.95282e+21
1369	4.94261e+21
1370	4.93244e+21
1371	4.9223e+21
1372	4.91219e+21
1373	4.9021e+21
1374	4.89205e+21
1375	4.88202e+21
1376	4.87202e+21
1377	4.86205e+21
1378	4.85211e+21
1379	4.8422e+21
1380	4.83231e+21
1381	4.82245e+21
1382	4.81262e+21
1383	4.80282e+21
1384	4.79305e+21
1385	4.7833e+21
1386	4.77358e+21
1387	4.76389e+21
1388	4.75422e+21
1389	4.74459e+21
1390	4.73498e+21
1391	4.72539e+21
1392	4.71583e+21
1393	4.7063e+21
1394	4.6968e+21
1395	4.68733e+21
1396	4.67787e+21
1397	4.66845e+21
1398	4.65905e+21
1399	4.64968e+21
1400	4.64034e+21
1401	4.63102e+21
1402	4.62173e+21
1403	4.61246e+21
1404	4.60322e+21
1405	4.594e+21
1406	4.58481e+21
1407	4.57565e+21
1408	4.56651e+21
1409	4.55739e+21
1410	4.5483e+21
1411	4.53924e+21
1412	4.5302e+21
1413	4.52119e+21
1414	4.5122e+21
1415	4.50323e+21
1416	4.4943e+21
1417	4.48538e+21
1418	4.47649e+21
1419	4.46763e+21
1420	4.45878e+21
1421	4.44997e+21
1422	4.44117e+21
1423	4.43241e+21
1424	4.42366e+21
1425	4.41494e+21
1426	4.40624e+21
1427	4.39757e+21
1428	4.38892e+21
1429	4.38029e+21
1430	4.37169e+21
1431	4.36311e+21
1432	4.35456e+21
1433	4.34602e+21
1434	4.33752e+21
1435	4.32903e+21
1436	4.32057e+21
1437	4.31213e+21
1438	4.30371e+21
1439	4.29532e+21
1440	4.28694e+21
1441	4.2786e+21
1442	4.27027e+21
1443	4.26197e+21
1444	4.25368e+21
1445	4.24542e+21
1446	4.23719e+21
1447	4.22897e+21
1448	4.22078e+21
1449	4.21261e+21
1450	4.20446e+21
1451	4.19634e+21
1452	4.18823e+21
1453	4.18015e+21
1454	4.17209e+21
1455	4.16405e+21
1456	4.15603e+21
1457	4.14803e+21
1458	4.14006e+21
1459	4.1321e+21
1460	4.12417e+21
1461	4.11626e+21
1462	4.10837e+21
1463	4.1005e+21
1464	4.09265e+21
1465	4.08482e+21
1466	4.07701e+21
1467	4.06923e+21
1468	4.06146e+21
1469	4.05372e+21
1470	4.04599e+21
1471	4.03829e+21
1472	4.0306e+21
1473	4.02294e+21
1474	4.0153e+21
1475	4.00767e+21
1476	4.00007e+21
1477	3.99249e+21
1478	3.98492e+21
1479	3.97738e+21
1480	3.96986e+21
1481	3.96235e+21
1482	3.95487e+21
1483	3.94741e+21
1484	3.93996e+21
1485	3.93254e+21
1486	3.92513e+21
1487	3.91775e+21
1488	3.91038e+21
1489	3.90303e+21
1490	3.8957e+21
1491	3.88839e+21
1492	3.8811e+21
1493	3.87383e+21
1494	3.86658e+21
1495	3.85935e+21
1496	3.85213e+21
1497	3.84494e+21
1498	3.83776e+21
1499	3.8306e+21
1500	3.82346e+21
1501	3.81634e+21
1502	3.80924e+21
1503	3.80215e+21
1504	3.79509e+21
1505	3.78804e+21
1506	3.78101e+21
1507	3.774e+21
1508	3.767e+21
1509	3.76003e+21
1510	3.75307e+21
1511	3.74613e+21
1512	3.73921e+21
1513	3.73231e+21
1514	3.72542e+21
1515	3.71855e+21
1516	3.7117e+21
1517	3.70487e+21
1518	3.69805e+21
1519	3.69125e+21
1520	3.68447e+21
1521	3.67771e+21
1522	3.67096e+21
1523	3.66423e+21
1524	3.65752e+21
1525	3.65082e+21
1526	3.64415e+21
1527	3.63749e+21
1528	3.63084e+21
1529	3.62421e+21
1530	3.6176e+21
1531	3.61101e+21
1532	3.60443e+21
1533	3.59787e+21
1534	3.59133e+21
1535	3.5848e+21
1536	3.57829e+21
1537	3.5718e+21
1538	3.56532e+21
1539	3.55886e+21
1540	3.55242e+21
1541	3.54599e+21
1542	3.53957e+21
1543	3.53318e+21
1544	3.5268e+21
1545	3.52043e+21
1546	3.51409e+21
1547	3.50775e+21
1548	3.50144e+21
1549	3.49514e+21
1550	3.48885e+21
1551	3.48258e+21
1552	3.47633e+21
1553	3.47009e+21
1554	3.46387e+21
1555	3.45766e+21
1556	3.45147e+21
1557	3.4453e+21
1558	3.43914e+21
1559	3.43299e+21
1560	3.42686e+21
1561	3.42075e+21
1562	3.41465e+21
1563	3.40856e+21
1564	3.40249e+21
1565	3.39644e+21
1566	3.3904e+21
1567	3.38438e+21
1568	3.37837e+21
1569	3.37237e+21
1570	3.3664e+21
1571	3.36043e+21
1572	3.35448e+21
1573	3.34855e+21
1574	3.34262e+21
1575	3.33672e+21
1576	3.33083e+21
1577	3.32495e+21
1578	3.31909e+21
1579	3.31324e+21
1580	3.30741e+21
1581	3.30159e+21
1582	3.29578e+21
1583	3.28999e+21
1584	3.28421e+21
1585	3.27845e+21
1586	3.2727e+21
1587	3.26697e+21
1588	3.26125e+21
1589	3.25554e+21
1590	3.24985e+21
1591	3.24417e+21
1592	3.2385e+21
1593	3.23285e+21
1594	3.22722e+21
1595	3.22159e+21
1596	3.21598e+21
1597	3.21039e+21
1598	3.2048e+21
1599	3.19923e+21
1600	3.19368e+21
1601	3.18814e+21
1602	3.18261e+21
1603	3.17709e+21
1604	3.17159e+21
1605	3.1661e+21
1606	3.16062e+21
1607	3.15516e+21
1608	3.14971e+21
1609	3.14428e+21
1610	3.13885e+21
1611	3.13344e+21
1612	3.12804e+21
1613	3.12266e+21
1614	3.11729e+21
1615	3.11193e+21
1616	3.10659e+21
1617	3.10125e+21
1618	3.09593e+21
1619	3.09063e+21
1620	3.08533e+21
1621	3.08005e+21
1622	3.07478e+21
1623	3.06952e+21
1624	3.06428e+21
1625	3.05905e+21
1626	3.05383e+21
1627	3.04862e+21
1628	3.04343e+21
1629	3.03824e+21
1630	3.03307e+21
1631	3.02792e+21
1632	3.02277e+21
1633	3.01764e+21
1634	3.01252e+21
1635	3.00741e+21
1636	3.00231e+21
1637	2.99723e+21
1638	2.99215e+21
1639	2.98709e+21
1640	2.98205e+21
1641	2.97701e+21
1642	2.97198e+21
1643	2.96697e+21
1644	2.96197e+21
1645	2.95698e+21
1646	2.952e+21
1647	2.94704e+21
1648	2.94208e+21
1649	2.93714e+21
1650	2.93221e+21
1651	2.92729e+21
1652	2.92238e+21
1653	2.91748e+21
1654	2.9126e+21
1655	2.90772e+21
1656	2.90286e+21
1657	2.89801e+21
1658	2.89317e+21
1659	2.88834e+21
1660	2.88352e+21
1661	2.87872e+21
1662	2.87392e+21
1663	2.86914e+21
1664	2.86437e+21
1665	2.8596e+21
1666	2.85485e+21
1667	2.85011e+21
1668	2.84539e+21
1669	2.84067e+21
1670	2.83596e+21
1671	2.83127e+21
1672	2.82658e+21
1673	2.82191e+21
1674	2.81724e+21
1675	2.81259e+21
1676	2.80795e+21
1677	2.80332e+21
1678	2.7987e+21
1679	2.79409e+21
1680	2.78949e+21
1681	2.7849e+21
1682	2.78032e+21
1683	2.77576e+21
1684	2.7712e+21
1685	2.76665e+21
1686	2.76212e+21
1687	2.75759e+21
1688	2.75307e+21
1689	2.74857e+21
1690	2.74407e+21
1691	2.73959e+21
1692	2.73512e+21
1693	2.73065e+21
1694	2.7262e+21
1695	2.72175e+21
1696	2.71732e+21
1697	2.7129e+21
1698	2.70848e+21
1699	2.70408e+21
1700	2.69969e+21
1701	2.6953e+21
1702	2.69093e+21
1703	2.68656e+21
1704	2.68221e+21
1705	2.67787e+21
1706	2.67353e+21
1707	2.66921e+21
1708	2.66489e+21
1709	2.66059e+21
1710	2.65629e+21
1711	2.65201e+21
1712	2.64773e+21
1713	2.64347e+21
1714	2.63921e+21
1715	2.63496e+21
1716	2.63073e+21
1717	2.6265e+21
1718	2.62228e+21
1719	2.61807e+21
1720	2.61387e+21
1721	2.60968e+21
1722	2.6055e+21
1723	2.60133e+21
1724	2.59717e+21
1725	2.59302e+21
1726	2.58887e+21
1727	2.58474e+21
1728	2.58061e+21
1729	2.5765e+21
1730	2.57239e+21
1731	2.56829e+21
1732	2.56421e+21
1733	2.56013e+21
1734	2.55606e+21
1735	2.552e+21
1736	2.54794e+21
1737	2.5439e+21
1738	2.53987e+21
1739	2.53584e+21
1740	2.53183e+21
1741	2.52782e+21
1742	2.52382e+21
1743	2.51983e+21
1744	2.51585e+21
1745	2.51188e+21
1746	2.50792e+21
1747	2.50396e+21
1748	2.50002e+21
1749	2.49608e+21
1750	2.49215e+21
1751	2.48823e+21
1752	2.48432e+21
1753	2.48042e+21
1754	2.47652e+21
1755	2.47264e+21
1756	2.46876e+21
1757	2.46489e+21
1758	2.46103e+21
1759	2.45718e+21
1760	2.45334e+21
1761	2.4495e+21
1762	2.44568e+21
1763	2.44186e+21
1764	2.43805e+21
1765	2.43425e+21
1766	2.43046e+21
1767	2.42667e+21
1768	2.4229e+21
1769	2.41913e+21
1770	2.41537e+21
1771	2.41162e+21
1772	2.40787e+21
1773	2.40414e+21
1774	2.40041e+21
1775	2.39669e+21
1776	2.39298e+21
1777	2.38928e+21
1778	2.38558e+21
1779	2.38189e+21
1780	2.37822e+21
1781	2.37454e+21
1782	2.37088e+21
1783	2.36723e+21
1784	2.36358e+21
1785	2.35994e+21
1786	2.35631e+21
1787	2.35268e+21
1788	2.34907e+21
1789	2.34546e+21
1790	2.34186e+21
1791	2.33827e+21
1792	2.33468e+21
1793	2.3311e+21
1794	2.32753e+21
1795	2.32397e+21
1796	2.32042e+21
1797	2.31687e+21
1798	2.31333e+21
1799	2.3098e+21
1800	2.30627e+21
1801	2.30276e+21
1802	2.29925e+21
1803	2.29575e+21
1804	2.29225e+21
1805	2.28877e+21
1806	2.28529e+21
1807	2.28182e+21
1808	2.27835e+21
1809	2.27489e+21
1810	2.27144e+21
1811	2.268e+21
1812	2.26457e+21
1813	2.26114e+21
1814	2.25772e+21
1815	2.25431e+21
1816	2.2509e+21
1817	2.2475e+21
1818	2.24411e+21
1819	2.24072e+21
1820	2.23735e+21
1821	2.23398e+21
1822	2.23061e+21
1823	2.22726e+21
1824	2.22391e+21
1825	2.22057e+21
1826	2.21723e+21
1827	2.2139e+21
1828	2.21058e+21
1829	2.20727e+21
1830	2.20396e+21
1831	2.20066e+21
1832	2.19737e+21
1833	2.19408e+21
1834	2.1908e+21
1835	2.18753e+21
1836	2.18427e+21
1837	2.18101e+21
1838	2.17776e+21
1839	2.17451e+21
1840	2.17127e+21
1841	2.16804e+21
1842	2.16482e+21
1843	2.1616e+21
1844	2.15839e+21
1845	2.15518e+21
1846	2.15199e+21
1847	2.14879e+21
1848	2.14561e+21
1849	2.14243e+21
1850	2.13926e+21
1851	2.13609e+21
1852	2.13294e+21
1853	2.12978e+21
1854	2.12664e+21
1855	2.1235e+21
1856	2.12037e+21
1857	2.11724e+21
1858	2.11412e+21
1859	2.11101e+21
1860	2.1079e+21
1861	2.1048e+21
1862	2.10171e+21
1863	2.09862e+21
1864	2.09554e+21
1865	2.09247e+21
1866	2.0894e+21
1867	2.08634e+21
1868	2.08328e+21
1869	2.08023e+21
1870	2.07719e+21
1871	2.07415e+21
1872	2.07112e+21
1873	2.0681e+21
1874	2.06508e+21
1875	2.06207e+21
1876	2.05906e+21
1877	2.05606e+21
1878	2.05307e+21
1879	2.05008e+21
1880	2.0471e+21
1881	2.04413e+21
1882	2.04116e+21
1883	2.03819e+21
1884	2.03524e+21
1885	2.03228e+21
1886	2.02934e+21
1887	2.0264e+21
1888	2.02347e+21
1889	2.02054e+21
1890	2.01762e+21
1891	2.0147e+21
1892	2.01179e+21
1893	2.00889e+21
1894	2.00599e+21
1895	2.0031e+21
1896	2.00022e+21
1897	1.99734e+21
1898	1.99446e+21
1899	1.99159e+21
1900	1.98873e+21
1901	1.98587e+21
1902	1.98302e+21
1903	1.98018e+21
1904	1.97734e+21
1905	1.9745e+21
1906	1.97168e+21
1907	1.96885e+21
1908	1.96604e+21
1909	1.96323e+21
1910	1.96042e+21
1911	1.95762e+21
1912	1.95483e+21
1913	1.95204e+21
1914	1.94925e+21
1915	1.94648e+21
1916	1.94371e+21
1917	1.94094e+21
1918	1.93818e+21
1919	1.93542e+21
1920	1.93267e+21
1921	1.92993e+21
1922	1.92719e+21
1923	1.92446e+21
1924	1.92173e+21
1925	1.91901e+21
1926	1.91629e+21
1927	1.91358e+21
1928	1.91087e+21
1929	1.90817e+21
1930	1.90547e+21
1931	1.90278e+21
1932	1.9001e+21
1933	1.89742e+21
1934	1.89475e+21
1935	1.89208e+21
1936	1.88941e+21
1937	1.88675e+21
1938	1.8841e+21
1939	1.88145e+21
1940	1.87881e+21
1941	1.87617e+21
1942	1.87354e+21
1943	1.87091e+21
1944	1.86829e+21
1945	1.86568e+21
1946	1.86306e+21
1947	1.86046e+21
1948	1.85786e+21
1949	1.85526e+21
1950	1.85267e+21
1951	1.85008e+21
1952	1.8475e+21
1953	1.84493e+21
1954	1.84236e+21
1955	1.83979e+21
1956	1.83723e+21
1957	1.83467e+21
1958	1.83212e+21
1959	1.82958e+21
1960	1.82704e+21
1961	1.8245e+21
1962	1.82197e+21
1963	1.81944e+21
1964	1.81692e+21
1965	1.81441e+21
1966	1.8119e+21
1967	1.80939e+21
1968	1.80689e+21
1969	1.80439e+21
1970	1.8019e+21
1971	1.79941e+21
1972	1.79693e+21
1973	1.79445e+21
1974	1.79198e+21
1975	1.78951e+21
1976	1.78705e+21
1977	1.78459e+21
1978	1.78214e+21
1979	1.77969e+21
1980	1.77725e+21
1981	1.77481e+21
1982	1.77237e+21
1983	1.76994e+21
1984	1.76752e+21
1985	1.7651e+21
1986	1.76268e+21
1987	1.76027e+21
1988	1.75787e+21
1989	1.75547e+21
1990	1.75307e+21
1991	1.75068e+21
1992	1.74829e+21
1993	1.7459e+21
1994	1.74353e+21
1995	1.74115e+21
1996	1.73878e+21
1997	1.73642e+21
1998	1.73406e+21
1999	1.7317e+21
2000	1.72935e+21
2001	1.727e+21
2002	1.72466e+21
2003	1.72232e+21
2004	1.71999e+21
2005	1.71766e+21
2006	1.71533e+21
2007	1.71301e+21
2008	1.7107e+21
2009	1.70839e+21
2010	1.70608e+21
2011	1.70378e+21
2012	1.70148e+21
2013	1.69918e+21
2014	1.6969e+21
2015	1.69461e+21
2016	1.69233e+21
2017	1.69005e+21
2018	1.68778e+21
2019	1.68551e+21
2020	1.68325e+21
2021	1.68099e+21
2022	1.67873e+21
2023	1.67648e+21
2024	1.67424e+21
2025	1.672e+21
2026	1.66976e+21
2027	1.66752e+21
2028	1.66529e+21
2029	1.66307e+21
2030	1.66085e+21
2031	1.65863e+21
2032	1.65642e+21
2033	1.65421e+21
2034	1.652e+21
2035	1.6498e+21
2036	1.64761e+21
2037	1.64542e+21
2038	1.64323e+21
2039	1.64104e+21
2040	1.63886e+21
2041	1.63669e+21
2042	1.63452e+21
2043	1.63235e+21
2044	1.63018e+21
2045	1.62803e+21
2046	1.62587e+21
2047	1.62372e+21
2048	1.62157e+21
2049	1.61943e+21
2050	1.61729e+21
2051	1.61515e+21
2052	1.61302e+21
2053	1.61089e+21
2054	1.60877e+21
2055	1.60665e+21
2056	1.60453e+21
2057	1.60242e+21
2058	1.60032e+21
2059	1.59821e+21
2060	1.59611e+21
2061	1.59402e+21
2062	1.59192e+21
2063	1.58983e+21
2064	1.58775e+21
2065	1.58567e+21
2066	1.58359e+21
2067	1.58152e+21
2068	1.57945e+21
2069	1.57739e+21
2070	1.57532e+21
2071	1.57327e+21
2072	1.57121e+21
2073	1.56916e+21
2074	1.56712e+21
2075	1.56507e+21
2076	1.56304e+21
2077	1.561e+21
2078	1.55897e+21
2079	1.55694e+21
2080	1.55492e+21
2081	1.5529e+21
2082	1.55088e+21
2083	1.54887e+21
2084	1.54686e+21
2085	1.54485e+21
2086	1.54285e+21
2087	1.54085e+21
2088	1.53886e+21
2089	1.53687e+21
2090	1.53488e+21
2091	1.5329e+21
2092	1.53092e+21
2093	1.52894e+21
2094	1.52697e+21
2095	1.525e+21
2096	1.52304e+21
2097	1.52107e+21
2098	1.51912e+21
2099	1.51716e+21
2100	1.51521e+21
2101	1.51326e+21
2102	1.51132e+21
2103	1.50938e+21
2104	1.50744e+21
2105	1.50551e+21
2106	1.50358e+21
2107	1.50165e+21
2108	1.49973e+21
2109	1.49781e+21
2110	1.49589e+21
2111	1.49398e+21
2112	1.49207e+21
2113	1.49016e+21
2114	1.48826e+21
2115	1.48636e+21
2116	1.48447e+21
2117	1.48258e+21
2118	1.48069e+21
2119	1.4788e+21
2120	1.47692e+21
2121	1.47504e+21
2122	1.47317e+21
2123	1.4713e+21
2124	1.46943e+21
2125	1.46756e+21
2126	1.4657e+21
2127	1.46384e+21
2128	1.46199e+21
2129	1.46014e+21
2130	1.45829e+21
2131	1.45644e+21
2132	1.4546e+21
2133	1.45276e+21
2134	1.45093e+21
2135	1.4491e+21
2136	1.44727e+21
2137	1.44544e+21
2138	1.44362e+21
2139	1.4418e+21
2140	1.43999e+21
2141	1.43817e+21
2142	1.43637e+21
2143	1.43456e+21
2144	1.43276e+21
2145	1.43096e+21
2146	1.42916e+21
2147	1.42737e+21
2148	1.42558e+21
2149	1.42379e+21
2150	1.42201e+21
2151	1.42023e+21
2152	1.41845e+21
2153	1.41668e+21
2154	1.41491e+21
2155	1.41314e+21
2156	1.41137e+21
2157	1.40961e+21
2158	1.40785e+21
2159	1.4061e+21
2160	1.40435e+21
2161	1.4026e+21
2162	1.40085e+21
2163	1.39911e+21
2164	1.39737e+21
2165	1.39563e+21
2166	1.3939e+21
2167	1.39217e+21
2168	1.39044e+21
2169	1.38872e+21
2170	1.38699e+21
2171	1.38528e+21
2172	1.38356e+21
2173	1.38185e+21
2174	1.38014e+21
2175	1.37843e+21
2176	1.37673e+21
2177	1.37503e+21
2178	1.37333e+21
2179	1.37164e+21
2180	1.36994e+21
2181	1.36826e+21
2182	1.36657e+21
2183	1.36489e+21
2184	1.36321e+21
2185	1.36153e+21
2186	1.35986e+21
2187	1.35819e+21
2188	1.35652e+21
2189	1.35485e+21
2190	1.35319e+21
2191	1.35153e+21
2192	1.34987e+21
2193	1.34822e+21
2194	1.34657e+21
2195	1.34492e+21
2196	1.34328e+21
2197	1.34163e+21
2198	1.33999e+21
2199	1.33836e+21
2200	1.33672e+21
2201	1.33509e+21
2202	1.33347e+21
2203	1.33184e+21
2204	1.33022e+21
2205	1.3286e+21
2206	1.32698e+21
2207	1.32537e+21
2208	1.32376e+21
2209	1.32215e+21
2210	1.32054e+21
2211	1.31894e+21
2212	1.31734e+21
2213	1.31574e+21
2214	1.31415e+21
2215	1.31256e+21
2216	1.31097e+21
2217	1.30938e+21
2218	1.3078e+21
2219	1.30622e+21
2220	1.30464e+21
2221	1.30306e+21
2222	1.30149e+21
2223	1.29992e+21
2224	1.29835e+21
2225	1.29679e+21
2226	1.29522e+21
2227	1.29366e+21
2228	1.29211e+21
2229	1.29055e+21
2230	1.289e+21
2231	1.28745e+21
2232	1.28591e+21
2233	1.28436e+21
2234	1.28282e+21
2235	1.28128e+21
2236	1.27975e+21
2237	1.27822e+21
2238	1.27669e+21
2239	1.27516e+21
2240	1.27363e+21
2241	1.27211e+21
2242	1.27059e+21
2243	1.26907e+21
2244	1.26756e+21
2245	1.26604e+21
2246	1.26454e+21
2247	1.26303e+21
2248	1.26152e+21
2249	1.26002e+21
2250	1.25852e+21
2251	1.25702e+21
2252	1.25553e+21
2253	1.25404e+21
2254	1.25255e+21
2255	1.25106e+21
2256	1.24958e+21
2257	1.2481e+21
2258	1.24662e+21
2259	1.24514e+21
2260	1.24366e+21
2261	1.24219e+21
2262	1.24072e+21
2263	1.23926e+21
2264	1.23779e+21
2265	1.23633e+21
2266	1.23487e+21
2267	1.23341e+21
2268	1.23196e+21
2269	1.23051e+21
2270	1.22906e+21
2271	1.22761e+21
2272	1.22616e+21
2273	1.22472e+21
2274	1.22328e+21
2275	1.22184e+21
2276	1.22041e+21
2277	1.21897e+21
2278	1.21754e+21
2279	1.21612e+21
2280	1.21469e+21
2281	1.21327e+21
2282	1.21185e+21
2283	1.21043e+21
2284	1.20901e+21
2285	1.2076e+21
2286	1.20619e+21
2287	1.20478e+21
2288	1.20337e+21
2289	1.20196e+21
2290	1.20056e+21
2291	1.19916e+21
2292	1.19776e+21
2293	1.19637e+21
2294	1.19498e+21
2295	1.19359e+21
2296	1.1922e+21
2297	1.19081e+21
2298	1.18943e+21
2299	1.18805e+21
2300	1.18667e+21
2301	1.18529e+21
2302	1.18392e+21
2303	1.18254e+21
2304	1.18117e+21
2305	1.17981e+21
2306	1.17844e+21
2307	1.17708e+21
2308	1.17572e+21
2309	1.17436e+21
2310	1.173e+21
2311	1.17165e+21
2312	1.17029e+21
2313	1.16894e+21
2314	1.1676e+21
2315	1.16625e+21
2316	1.16491e+21
2317	1.16357e+21
2318	1.16223e+21
2319	1.16089e+21
2320	1.15956e+21
2321	1.15822e+21
2322	1.15689e+21
2323	1.15557e+21
2324	1.15424e+21
2325	1.15292e+21
2326	1.1516e+21
2327	1.15028e+21
2328	1.14896e+21
2329	1.14764e+21
2330	1.14633e+21
2331	1.14502e+21
2332	1.14371e+21
2333	1.14241e+21
2334	1.1411e+21
2335	1.1398e+21
2336	1.1385e+21
2337	1.1372e+21
2338	1.13591e+21
2339	1.13461e+21
2340	1.13332e+21
2341	1.13203e+21
2342	1.13074e+21
2343	1.12946e+21
2344	1.12818e+21
2345	1.1269e+21
2346	1.12562e+21
2347	1.12434e+21
2348	1.12306e+21
2349	1.12179e+21
2350	1.12052e+21
2351	1.11925e+21
2352	1.11799e+21
2353	1.11672e+21
2354	1.11546e+21
2355	1.1142e+21
2356	1.11294e+21
2357	1.11168e+21
2358	1.11043e+21
2359	1.10918e+21
2360	1.10793e+21
2361	1.10668e+21
2362	1.10543e+21
2363	1.10419e+21
2364	1.10294e+21
2365	1.1017e+21
2366	1.10046e+21
2367	1.09923e+21
2368	1.09799e+21
2369	1.09676e+21
2370	1.09553e+21
2371	1.0943e+21
2372	1.09308e+21
2373	1.09185e+21
2374	1.09063e+21
2375	1.08941e+21
2376	1.08819e+21
2377	1.08697e+21
2378	1.08576e+21
2379	1.08455e+21
2380	1.08333e+21
2381	1.08213e+21
2382	1.08092e+21
2383	1.07971e+21
2384	1.07851e+21
2385	1.07731e+21
2386	1.07611e+21
2387	1.07491e+21
2388	1.07372e+21
2389	1.07252e+21
2390	1.07133e+21
2391	1.07014e+21
2392	1.06895e+21
2393	1.06777e+21
2394	1.06658e+21
2395	1.0654e+21
2396	1.06422e+21
2397	1.06304e+21
2398	1.06186e+21
2399	1.06069e+21
2400	1.05952e+21
2401	1.05835e+21
2402	1.05718e+21
2403	1.05601e+21
2404	1.05484e+21
2405	1.05368e+21
2406	1.05252e+21
2407	1.05136e+21
2408	1.0502e+21
2409	1.04904e+21
2410	1.04789e+21
2411	1.04673e+21
2412	1.04558e+21
2413	1.04443e+21
2414	1.04329e+21
2415	1.04214e+21
2416	1.041e+21
2417	1.03986e+21
2418	1.03872e+21
2419	1.03758e+21
2420	1.03644e+21
2421	1.03531e+21
2422	1.03417e+21
2423	1.03304e+21
2424	1.03191e+21
2425	1.03078e+21
2426	1.02966e+21
2427	1.02853e+21
2428	1.02741e+21
2429	1.02629e+21
2430	1.02517e+21
2431	1.02406e+21
2432	1.02294e+21
2433	1.02183e+21
2434	1.02071e+21
2435	1.0196e+21
2436	1.0185e+21
2437	1.01739e+21
2438	1.01628e+21
2439	1.01518e+21
2440	1.01408e+21
2441	1.01298e+21
2442	1.01188e+21
2443	1.01078e+21
2444	1.00969e+21
2445	1.0086e+21
2446	1.0075e+21
2447	1.00642e+21
2448	1.00533e+21
2449	1.00424e+21
2450	1.00316e+21
2451	1.00207e+21
2452	1.00099e+21
2453	9.99912e+20
2454	9.98834e+20
2455	9.97758e+20
2456	9.96684e+20
2457	9.95611e+20
2458	9.94539e+20
2459	9.9347e+20
2460	9.92402e+20
2461	9.91335e+20
2462	9.90271e+20
2463	9.89208e+20
2464	9.88146e+20
2465	9.87086e+20
2466	9.86028e+20
2467	9.84972e+20
2468	9.83917e+20
2469	9.82864e+20
2470	9.81812e+20
2471	9.80762e+20
2472	9.79713e+20
2473	9.78667e+20
2474	9.77621e+20
2475	9.76578e+20
2476	9.75536e+20
2477	9.74495e+20
2478	9.73457e+20
2479	9.72419e+20
2480	9.71384e+20
2481	9.7035e+20
2482	9.69317e+20
2483	9.68286e+20
2484	9.67257e+20
2485	9.66229e+20
2486	9.65203e+20
2487	9.64178e+20
2488	9.63155e+20
2489	9.62134e+20
2490	9.61114e+20
2491	9.60095e+20
2492	9.59078e+20
2493	9.58063e+20
2494	9.57049e+20
2495	9.56037e+20
2496	9.55027e+20
2497	9.54017e+20
2498	9.5301e+20
2499	9.52004e+20
2500	9.50999e+20
2501	9.49996e+20
2502	9.48995e+20
2503	9.47995e+20
2504	9.46996e+20
2505	9.45999e+20
2506	9.45004e+20
2507	9.4401e+20
2508	9.43017e+20
2509	9.42026e+20
2510	9.41037e+20
2511	9.40049e+20
2512	9.39062e+20
2513	9.38077e+20
2514	9.37094e+20
2515	9.36112e+20
2516	9.35131e+20
2517	9.34152e+20
2518	9.33175e+20
2519	9.32199e+20
2520	9.31224e+20
2521	9.30251e+20
2522	9.29279e+20
2523	9.28309e+20
2524	9.2734e+20
2525	9.26373e+20
2526	9.25407e+20
2527	9.24442e+20
2528	9.23479e+20
2529	9.22518e+20
2530	9.21558e+20
2531	9.20599e+20
2532	9.19642e+20
2533	9.18686e+20
2534	9.17732e+20
2535	9.16779e+20
2536	9.15827e+20
2537	9.14877e+20
2538	9.13928e+20
2539	9.12981e+20
2540	9.12035e+20
2541	9.11091e+20
2542	9.10148e+20
2543	9.09206e+20
2544	9.08266e+20
2545	9.07327e+20
2546	9.0639e+20
2547	9.05453e+20
2548	9.04519e+20
2549	9.03586e+20
2550	9.02654e+20
2551	9.01723e+20
2552	9.00794e+20
2553	8.99866e+20
2554	8.9894e+20
2555	8.98015e+20
2556	8.97091e+20
2557	8.96169e+20
2558	8.95248e+20
2559	8.94329e+20
2560	8.93411e+20
2561	8.92494e+20
2562	8.91578e+20
2563	8.90664e+20
2564	8.89752e+20
2565	8.8884e+20
2566	8.8793e+20
2567	8.87022e+20
2568	8.86114e+20
2569	8.85208e+20
2570	8.84304e+20
2571	8.834e+20
2572	8.82498e+20
2573	8.81597e+20
2574	8.80698e+20
2575	8.798e+20
2576	8.78903e+20
2577	8.78008e+20
2578	8.77114e+20
2579	8.76221e+20
2580	8.7533e+20
2581	8.74439e+20
2582	8.73551e+20
2583	8.72663e+20
2584	8.71777e+20
2585	8.70892e+20
2586	8.70008e+20
2587	8.69126e+20
2588	8.68245e+20
2589	8.67365e+20
2590	8.66487e+20
2591	8.65609e+20
2592	8.64733e+20
2593	8.63859e+20
2594	8.62985e+20
2595	8.62113e+20
2596	8.61243e+20
2597	8.60373e+20
2598	8.59505e+20
2599	8.58638e+20
2600	8.57772e+20
2601	8.56907e+20
2602	8.56044e+20
2603	8.55182e+20
2604	8.54321e+20
2605	8.53462e+20
2606	8.52604e+20
2607	8.51747e+20
2608	8.50891e+20
2609	8.50037e+20
2610	8.49183e+20
2611	8.48331e+20
2612	8.4748e+20
2613	8.46631e+20
2614	8.45783e+20
2615	8.44935e+20
2616	8.4409e+20
2617	8.43245e+20
2618	8.42402e+20
2619	8.41559e+20
2620	8.40718e+20
2621	8.39879e+20
2622	8.3904e+20
2623	8.38203e+20
2624	8.37366e+20
2625	8.36532e+20
2626	8.35698e+20
2627	8.34865e+20
2628	8.34034e+20
2629	8.33204e+20
2630	8.32375e+20
2631	8.31547e+20
2632	8.3072e+20
2633	8.29895e+20
2634	8.29071e+20
2635	8.28248e+20
2636	8.27426e+20
2637	8.26605e+20
2638	8.25786e+20
2639	8.24968e+20
2640	8.24151e+20
2641	8.23335e+20
2642	8.2252e+20
2643	8.21706e+20
2644	8.20894e+20
2645	8.20082e+20
2646	8.19272e+20
2647	8.18463e+20
2648	8.17656e+20
2649	8.16849e+20
2650	8.16043e+20
2651	8.15239e+20
2652	8.14436e+20
2653	8.13634e+20
2654	8.12833e+20
2655	8.12033e+20
2656	8.11234e+20
2657	8.10437e+20
2658	8.0964e+20
2659	8.08845e+20
2660	8.08051e+20
2661	8.07258e+20
2662	8.06466e+20
2663	8.05675e+20
2664	8.04886e+20
2665	8.04097e+20
2666	8.0331e+20
2667	8.02524e+20
2668	8.01739e+20
2669	8.00955e+20
2670	8.00172e+20
2671	7.9939e+20
2672	7.98609e+20
2673	7.9783e+20
2674	7.97051e+20
2675	7.96274e+20
2676	7.95497e+20
2677	7.94722e+20
2678	7.93948e+20
2679	7.93175e+20
2680	7.92403e+20
2681	7.91632e+20
2682	7.90863e+20
2683	7.90094e+20
2684	7.89326e+20
2685	7.8856e+20
2686	7.87794e+20
2687	7.8703e+20
2688	7.86267e+20
2689	7.85505e+20
2690	7.84743e+20
2691	7.83983e+20
2692	7.83224e+20
2693	7.82466e+20
2694	7.8171e+20
2695	7.80954e+20
2696	7.80199e+20
2697	7.79445e+20
2698	7.78693e+20
2699	7.77941e+20
2700	7.77191e+20
2701	7.76441e+20
2702	7.75693e+20
2703	7.74945e+20
2704	7.74199e+20
2705	7.73454e+20
2706	7.72709e+20
2707	7.71966e+20
2708	7.71224e+20
2709	7.70483e+20
2710	7.69743e+20
2711	7.69004e+20
2712	7.68266e+20
2713	7.67529e+20
2714	7.66793e+20
2715	7.66058e+20
2716	7.65324e+20
2717	7.64591e+20
2718	7.63859e+20
2719	7.63128e+20
2720	7.62398e+20
2721	7.61669e+20
2722	7.60942e+20
2723	7.60215e+20
2724	7.59489e+20
2725	7.58764e+20
2726	7.5804e+20
2727	7.57317e+20
2728	7.56596e+20
2729	7.55875e+20
2730	7.55155e+20
2731	7.54436e+20
2732	7.53718e+20
2733	7.53002e+20
2734	7.52286e+20
2735	7.51571e+20
2736	7.50857e+20
2737	7.50144e+20
2738	7.49432e+20
2739	7.48721e+20
2740	7.48011e+20
2741	7.47302e+20
2742	7.46594e+20
2743	7.45887e+20
2744	7.45181e+20
2745	7.44476e+20
2746	7.43772e+20
2747	7.43069e+20
2748	7.42367e+20
2749	7.41666e+20
2750	7.40965e+20
2751	7.40266e+20
2752	7.39568e+20
2753	7.3887e+20
2754	7.38174e+20
2755	7.37479e+20
2756	7.36784e+20
2757	7.36091e+20
2758	7.35398e+20
2759	7.34706e+20
2760	7.34016e+20
2761	7.33326e+20
2762	7.32637e+20
2763	7.31949e+20
2764	7.31262e+20
2765	7.30576e+20
2766	7.29891e+20
2767	7.29207e+20
2768	7.28524e+20
2769	7.27842e+20
2770	7.2716e+20
2771	7.2648e+20
2772	7.258e+20
2773	7.25122e+20
2774	7.24444e+20
2775	7.23768e+20
2776	7.23092e+20
2777	7.22417e+20
2778	7.21743e+20
2779	7.2107e+20
2780	7.20398e+20
2781	7.19727e+20
2782	7.19056e+20
2783	7.18387e+20
2784	7.17718e+20
2785	7.17051e+20
2786	7.16384e+20
2787	7.15718e+20
2788	7.15053e+20
2789	7.14389e+20
2790	7.13726e+20
2791	7.13064e+20
2792	7.12403e+20
2793	7.11743e+20
2794	7.11083e+20
2795	7.10424e+20
2796	7.09767e+20
2797	7.0911e+20
2798	7.08454e+20
2799	7.07799e+20
2800	7.07145e+20
2801	7.06491e+20
2802	7.05839e+20
2803	7.05187e+20
2804	7.04537e+20
2805	7.03887e+20
2806	7.03238e+20
2807	7.0259e+20
2808	7.01943e+20
2809	7.01297e+20
2810	7.00651e+20
2811	7.00007e+20
2812	6.99363e+20
2813	6.9872e+20
2814	6.98078e+20
2815	6.97437e+20
2816	6.96797e+20
2817	6.96157e+20
2818	6.95519e+20
2819	6.94881e+20
2820	6.94244e+20
2821	6.93608e+20
2822	6.92973e+20
2823	6.92339e+20
2824	6.91705e+20
2825	6.91073e+20
2826	6.90441e+20
2827	6.8981e+20
2828	6.8918e+20
2829	6.88551e+20
2830	6.87922e+20
2831	6.87295e+20
2832	6.86668e+20
2833	6.86042e+20
2834	6.85417e+20
2835	6.84793e+20
2836	6.84169e+20
2837	6.83547e+20
2838	6.82925e+20
2839	6.82304e+20
2840	6.81684e+20
2841	6.81065e+20
2842	6.80446e+20
2843	6.79829e+20
2844	6.79212e+20
2845	6.78596e+20
2846	6.77981e+20
2847	6.77366e+20
2848	6.76753e+20
2849	6.7614e+20
2850	6.75528e+20
2851	6.74917e+20
2852	6.74307e+20
2853	6.73697e+20
2854	6.73088e+20
2855	6.7248e+20
2856	6.71873e+20
2857	6.71267e+20
2858	6.70662e+20
2859	6.70057e+20
2860	6.69453e+20
2861	6.6885e+20
2862	6.68247e+20
2863	6.67646e+20
2864	6.67045e+20
2865	6.66445e+20
2866	6.65846e+20
2867	6.65248e+20
2868	6.6465e+20
2869	6.64053e+20
2870	6.63457e+20
2871	6.62862e+20
2872	6.62268e+20
2873	6.61674e+20
2874	6.61081e+20
2875	6.60489e+20
2876	6.59898e+20
2877	6.59307e+20
2878	6.58717e+20
2879	6.58128e+20
2880	6.5754e+20
2881	6.56952e+20
2882	6.56366e+20
2883	6.5578e+20
2884	6.55195e+20
2885	6.5461e+20
2886	6.54027e+20
2887	6.53444e+20
2888	6.52861e+20
2889	6.5228e+20
2890	6.51699e+20
2891	6.5112e+20
2892	6.50541e+20
2893	6.49962e+20
2894	6.49385e+20
2895	6.48808e+20
2896	6.48232e+20
2897	6.47656e+20
2898	6.47082e+20
2899	6.46508e+20
2900	6.45935e+20
2901	6.45362e+20
2902	6.44791e+20
2903	6.4422e+20
2904	6.4365e+20
2905	6.4308e+20
2906	6.42511e+20
2907	6.41944e+20
2908	6.41376e+20
2909	6.4081e+20
2910	6.40244e+20
2911	6.39679e+20
2912	6.39115e+20
2913	6.38551e+20
2914	6.37988e+20
2915	6.37426e+20
2916	6.36865e+20
2917	6.36304e+20
2918	6.35744e+20
2919	6.35185e+20
2920	6.34627e+20
2921	6.34069e+20
2922	6.33512e+20
2923	6.32956e+20
2924	6.324e+20
2925	6.31845e+20
2926	6.31291e+20
2927	6.30737e+20
2928	6.30185e+20
2929	6.29633e+20
2930	6.29081e+20
2931	6.28531e+20
2932	6.27981e+20
2933	6.27432e+20
2934	6.26883e+20
2935	6.26335e+20
2936	6.25788e+20
2937	6.25242e+20
2938	6.24696e+20
2939	6.24151e+20
2940	6.23607e+20
2941	6.23063e+20
2942	6.2252e+20
2943	6.21978e+20
2944	6.21436e+20
2945	6.20895e+20
2946	6.20355e+20
2947	6.19816e+20
2948	6.19277e+20
2949	6.18739e+20
2950	6.18202e+20
2951	6.17665e+20
2952	6.17129e+20
2953	6.16593e+20
2954	6.16059e+20
2955	6.15525e+20
2956	6.14991e+20
2957	6.14459e+20
2958	6.13927e+20
2959	6.13396e+20
2960	6.12865e+20
2961	6.12335e+20
2962	6.11806e+20
2963	6.11277e+20
2964	6.10749e+20
2965	6.10222e+20
2966	6.09695e+20
2967	6.09169e+20
2968	6.08644e+20
2969	6.0812e+20
2970	6.07596e+20
2971	6.07072e+20
2972	6.0655e+20
2973	6.06028e+20
2974	6.05507e+20
2975	6.04986e+20
2976	6.04466e+20
2977	6.03947e+20
2978	6.03428e+20
2979	6.0291e+20
2980	6.02393e+20
2981	6.01876e+20
2982	6.0136e+20
2983	6.00845e+20
2984	6.0033e+20
2985	5.99816e+20
2986	5.99302e+20
2987	5.98789e+20
2988	5.98277e+20
2989	5.97766e+20
2990	5.97255e+20
2991	5.96745e+20
2992	5.96235e+20
2993	5.95726e+20
2994	5.95218e+20
2995	5.9471e+20
2996	5.94203e+20
2997	5.93697e+20
2998	5.93191e+20
2999	5.92686e+20
3000	5.92181e+20
3001	5.91677e+20
3002	5.91174e+20
3003	5.90671e+20
3004	5.9017e+20
3005	5.89668e+20
3006	5.89167e+20
3007	5.88667e+20
3008	5.88168e+20
3009	5.87669e+20
3010	5.87171e+20
3011	5.86673e+20
3012	5.86176e+20
3013	5.8568e+20
3014	5.85184e+20
3015	5.84689e+20
3016	5.84194e+20
3017	5.837e+20
3018	5.83207e+20
3019	5.82714e+20
3020	5.82222e+20
3021	5.81731e+20
3022	5.8124e+20
3023	5.8075e+20
3024	5.8026e+20
3025	5.79771e+20
3026	5.79283e+20
3027	5.78795e+20
3028	5.78308e+20
3029	5.77821e+20
3030	5.77335e+20
3031	5.7685e+20
3032	5.76365e+20
3033	5.75881e+20
3034	5.75397e+20
3035	5.74914e+20
3036	5.74432e+20
3037	5.7395e+20
3038	5.73469e+20
3039	5.72988e+20
3040	5.72508e+20
3041	5.72029e+20
3042	5.7155e+20
3043	5.71071e+20
3044	5.70594e+20
3045	5.70117e+20
3046	5.6964e+20
3047	5.69164e+20
3048	5.68689e+20
3049	5.68214e+20
3050	5.6774e+20
3051	5.67267e+20
3052	5.66794e+20
3053	5.66321e+20
3054	5.65849e+20
3055	5.65378e+20
3056	5.64907e+20
3057	5.64437e+20
3058	5.63968e+20
3059	5.63499e+20
3060	5.63031e+20
3061	5.62563e+20
3062	5.62096e+20
3063	5.61629e+20
3064	5.61163e+20
3065	5.60697e+20
3066	5.60232e+20
3067	5.59768e+20
3068	5.59304e+20
3069	5.58841e+20
3070	5.58378e+20
3071	5.57916e+20
3072	5.57455e+20
3073	5.56994e+20
3074	5.56533e+20
3075	5.56073e+20
3076	5.55614e+20
3077	5.55155e+20
3078	5.54697e+20
3079	5.5424e+20
3080	5.53783e+20
3081	5.53326e+20
3082	5.5287e+20
3083	5.52415e+20
3084	5.5196e+20
3085	5.51506e+20
3086	5.51052e+20
3087	5.50599e+20
3088	5.50146e+20
3089	5.49694e+20
3090	5.49242e+20
3091	5.48791e+20
3092	5.48341e+20
3093	5.47891e+20
3094	5.47442e+20
3095	5.46993e+20
3096	5.46545e+20
3097	5.46097e+20
3098	5.4565e+20
3099	5.45203e+20
3100	5.44757e+20
3101	5.44311e+20
3102	5.43866e+20
3103	5.43422e+20
3104	5.42978e+20
3105	5.42535e+20
3106	5.42092e+20
3107	5.41649e+20
3108	5.41208e+20
3109	5.40766e+20
3110	5.40325e+20
3111	5.39885e+20
3112	5.39446e+20
3113	5.39006e+20
3114	5.38568e+20
3115	5.3813e+20
3116	5.37692e+20
3117	5.37255e+20
3118	5.36818e+20
3119	5.36382e+20
3120	5.35947e+20
3121	5.35512e+20
3122	5.35078e+20
3123	5.34644e+20
3124	5.3421e+20
3125	5.33777e+20
3126	5.33345e+20
3127	5.32913e+20
3128	5.32482e+20
3129	5.32051e+20
3130	5.31621e+20
3131	5.31191e+20
3132	5.30762e+20
3133	5.30333e+20
3134	5.29905e+20
3135	5.29477e+20
3136	5.2905e+20
3137	5.28623e+20
3138	5.28197e+20
3139	5.27771e+20
3140	5.27346e+20
3141	5.26921e+20
3142	5.26497e+20
3143	5.26073e+20
3144	5.2565e+20
3145	5.25228e+20
3146	5.24805e+20
3147	5.24384e+20
3148	5.23963e+20
3149	5.23542e+20
3150	5.23122e+20
3151	5.22702e+20
3152	5.22283e+20
3153	5.21864e+20
3154	5.21446e+20
3155	5.21028e+20
3156	5.20611e+20
3157	5.20195e+20
3158	5.19778e+20
3159	5.19363e+20
3160	5.18947e+20
3161	5.18533e+20
3162	5.18119e+20
3163	5.17705e+20
3164	5.17292e+20
3165	5.16879e+20
3166	5.16467e+20
3167	5.16055e+20
3168	5.15643e+20
3169	5.15233e+20
3170	5.14822e+20
3171	5.14412e+20
3172	5.14003e+20
3173	5.13594e+20
3174	5.13186e+20
3175	5.12778e+20
3176	5.1237e+20
3177	5.11963e+20
3178	5.11557e+20
3179	5.11151e+20
3180	5.10745e+20
3181	5.1034e+20
3182	5.09936e+20
3183	5.09532e+20
3184	5.09128e+20
3185	5.08725e+20
3186	5.08322e+20
3187	5.0792e+20
3188	5.07518e+20
3189	5.07117e+20
3190	5.06716e+20
3191	5.06316e+20
3192	5.05916e+20
3193	5.05517e+20
3194	5.05118e+20
3195	5.04719e+20
3196	5.04321e+20
3197	5.03924e+20
3198	5.03527e+20
3199	5.0313e+20
3200	5.02734e+20
3201	5.02338e+20
3202	5.01943e+20
3203	5.01548e+20
3204	5.01154e+20
3205	5.0076e+20
3206	5.00367e+20
3207	4.99974e+20
3208	4.99582e+20
3209	4.9919e+20
3210	4.98798e+20
3211	4.98407e+20
3212	4.98016e+20
3213	4.97626e+20
3214	4.97236e+20
3215	4.96847e+20
3216	4.96458e+20
3217	4.9607e+20
3218	4.95682e+20
3219	4.95295e+20
3220	4.94908e+20
3221	4.94521e+20
3222	4.94135e+20
3223	4.93749e+20
3224	4.93364e+20
3225	4.92979e+20
3226	4.92595e+20
3227	4.92211e+20
3228	4.91827e+20
3229	4.91444e+20
3230	4.91062e+20
3231	4.9068e+20
3232	4.90298e+20
3233	4.89917e+20
3234	4.89536e+20
3235	4.89156e+20
3236	4.88776e+20
3237	4.88396e+20
3238	4.88017e+20
3239	4.87639e+20
3240	4.8726e+20
3241	4.86883e+20
3242	4.86505e+20
3243	4.86129e+20
3244	4.85752e+20
3245	4.85376e+20
3246	4.85001e+20
3247	4.84625e+20
3248	4.84251e+20
3249	4.83876e+20
3250	4.83503e+20
3251	4.83129e+20
3252	4.82756e+20
3253	4.82384e+20
3254	4.82011e+20
3255	4.8164e+20
3256	4.81268e+20
3257	4.80898e+20
3258	4.80527e+20
3259	4.80157e+20
3260	4.79787e+20
3261	4.79418e+20
3262	4.7905e+20
3263	4.78681e+20
3264	4.78313e+20
3265	4.77946e+20
3266	4.77579e+20
3267	4.77212e+20
3268	4.76846e+20
3269	4.7648e+20
3270	4.76115e+20
3271	4.7575e+20
3272	4.75385e+20
3273	4.75021e+20
3274	4.74657e+20
3275	4.74294e+20
3276	4.73931e+20
3277	4.73569e+20
3278	4.73207e+20
3279	4.72845e+20
3280	4.72484e+20
3281	4.72123e+20
3282	4.71762e+20
3283	4.71402e+20
3284	4.71043e+20
3285	4.70683e+20
3286	4.70325e+20
3287	4.69966e+20
3288	4.69608e+20
3289	4.69251e+20
3290	4.68893e+20
3291	4.68537e+20
3292	4.6818e+20
3293	4.67824e+20
3294	4.67469e+20
3295	4.67114e+20
3296	4.66759e+20
3297	4.66404e+20
3298	4.66051e+20
3299	4.65697e+20
3300	4.65344e+20
3301	4.64991e+20
3302	4.64639e+20
3303	4.64287e+20
3304	4.63935e+20
3305	4.63584e+20
3306	4.63233e+20
3307	4.62883e+20
3308	4.62533e+20
3309	4.62183e+20
3310	4.61834e+20
3311	4.61485e+20
3312	4.61137e+20
3313	4.60789e+20
3314	4.60441e+20
3315	4.60094e+20
3316	4.59747e+20
3317	4.594e+20
3318	4.59054e+20
3319	4.58709e+20
3320	4.58363e+20
3321	4.58018e+20
3322	4.57674e+20
3323	4.5733e+20
3324	4.56986e+20
3325	4.56643e+20
3326	4.563e+20
3327	4.55957e+20
3328	4.55615e+20
3329	4.55273e+20
3330	4.54931e+20
3331	4.5459e+20
3332	4.5425e+20
3333	4.53909e+20
3334	4.53569e+20
3335	4.5323e+20
3336	4.52891e+20
3337	4.52552e+20
3338	4.52213e+20
3339	4.51875e+20
3340	4.51538e+20
3341	4.512e+20
3342	4.50863e+20
3343	4.50527e+20
3344	4.50191e+20
3345	4.49855e+20
3346	4.4952e+20
3347	4.49184e+20
3348	4.4885e+20
3349	4.48515e+20
3350	4.48182e+20
3351	4.47848e+20
3352	4.47515e+20
3353	4.47182e+20
3354	4.46849e+20
3355	4.46517e+20
3356	4.46186e+20
3357	4.45854e+20
3358	4.45523e+20
3359	4.45193e+20
3360	4.44862e+20
3361	4.44532e+20
3362	4.44203e+20
3363	4.43874e+20
3364	4.43545e+20
3365	4.43217e+20
3366	4.42888e+20
3367	4.42561e+20
3368	4.42233e+20
3369	4.41906e+20
3370	4.4158e+20
3371	4.41254e+20
3372	4.40928e+20
3373	4.40602e+20
3374	4.40277e+20
3375	4.39952e+20
3376	4.39628e+20
3377	4.39303e+20
3378	4.3898e+20
3379	4.38656e+20
3380	4.38333e+20
3381	4.3801e+20
3382	4.37688e+20
3383	4.37366e+20
3384	4.37045e+20
3385	4.36723e+20
3386	4.36402e+20
3387	4.36082e+20
3388	4.35761e+20
3389	4.35442e+20
3390	4.35122e+20
3391	4.34803e+20
3392	4.34484e+20
3393	4.34166e+20
3394	4.33847e+20
3395	4.3353e+20
3396	4.33212e+20
3397	4.32895e+20
3398	4.32578e+20
3399	4.32262e+20
3400	4.31946e+20
3401	4.3163e+20
3402	4.31315e+20
3403	4.31e+20
3404	4.30685e+20
3405	4.30371e+20
3406	4.30057e+20
3407	4.29743e+20
3408	4.2943e+20
3409	4.29117e+20
3410	4.28804e+20
3411	4.28492e+20
3412	4.2818e+20
3413	4.27868e+20
3414	4.27557e+20
3415	4.27246e+20
3416	4.26936e+20
3417	4.26625e+20
3418	4.26316e+20
3419	4.26006e+20
3420	4.25697e+20
3421	4.25388e+20
3422	4.25079e+20
3423	4.24771e+20
3424	4.24463e+20
3425	4.24155e+20
3426	4.23848e+20
3427	4.23541e+20
3428	4.23235e+20
3429	4.22929e+20
3430	4.22623e+20
3431	4.22317e+20
3432	4.22012e+20
3433	4.21707e+20
3434	4.21402e+20
3435	4.21098e+20
3436	4.20794e+20
3437	4.2049e+20
3438	4.20187e+20
3439	4.19884e+20
3440	4.19582e+20
3441	4.19279e+20
3442	4.18977e+20
3443	4.18676e+20
3444	4.18374e+20
3445	4.18073e+20
3446	4.17773e+20
3447	4.17472e+20
3448	4.17172e+20
3449	4.16873e+20
3450	4.16573e+20
3451	4.16274e+20
3452	4.15975e+20
3453	4.15677e+20
3454	4.15379e+20
3455	4.15081e+20
3456	4.14784e+20
3457	4.14486e+20
3458	4.1419e+20
3459	4.13893e+20
3460	4.13597e+20
3461	4.13301e+20
3462	4.13005e+20
3463	4.1271e+20
3464	4.12415e+20
3465	4.12121e+20
3466	4.11826e+20
3467	4.11532e+20
3468	4.11239e+20
3469	4.10945e+20
3470	4.10652e+20
3471	4.1036e+20
3472	4.10067e+20
3473	4.09775e+20
3474	4.09483e+20
3475	4.09192e+20
3476	4.08901e+20
3477	4.0861e+20
3478	4.08319e+20
3479	4.08029e+20
3480	4.07739e+20
3481	4.07449e+20
3482	4.0716e+20
3483	4.06871e+20
3484	4.06582e+20
3485	4.06294e+20
3486	4.06006e+20
3487	4.05718e+20
3488	4.05431e+20
3489	4.05143e+20
3490	4.04856e+20
3491	4.0457e+20
3492	4.04284e+20
3493	4.03998e+20
3494	4.03712e+20
3495	4.03427e+20
3496	4.03142e+20
3497	4.02857e+20
3498	4.02572e+20
3499	4.02288e+20
3500	4.02004e+20
3501	4.01721e+20
3502	4.01438e+20
3503	4.01155e+20
3504	4.00872e+20
3505	4.0059e+20
3506	4.00308e+20
3507	4.00026e+20
3508	3.99744e+20
3509	3.99463e+20
3510	3.99182e+20
3511	3.98902e+20
3512	3.98621e+20
3513	3.98341e+20
3514	3.98062e+20
3515	3.97782e+20
3516	3.97503e+20
3517	3.97224e+20
3518	3.96946e+20
3519	3.96668e+20
3520	3.9639e+20
3521	3.96112e+20
3522	3.95835e+20
3523	3.95558e+20
3524	3.95281e+20
3525	3.95004e+20
3526	3.94728e+20
3527	3.94452e+20
3528	3.94177e+20
3529	3.93901e+20
3530	3.93626e+20
3531	3.93352e+20
3532	3.93077e+20
3533	3.92803e+20
3534	3.92529e+20
3535	3.92256e+20
3536	3.91982e+20
3537	3.91709e+20
3538	3.91437e+20
3539	3.91164e+20
3540	3.90892e+20
3541	3.9062e+20
3542	3.90348e+20
3543	3.90077e+20
3544	3.89806e+20
3545	3.89535e+20
3546	3.89265e+20
3547	3.88995e+20
3548	3.88725e+20
3549	3.88455e+20
3550	3.88186e+20
3551	3.87917e+20
3552	3.87648e+20
3553	3.87379e+20
3554	3.87111e+20
3555	3.86843e+20
3556	3.86575e+20
3557	3.86308e+20
3558	3.86041e+20
3559	3.85774e+20
3560	3.85508e+20
3561	3.85241e+20
3562	3.84975e+20
3563	3.8471e+20
3564	3.84444e+20
3565	3.84179e+20
3566	3.83914e+20
3567	3.83649e+20
3568	3.83385e+20
3569	3.83121e+20
3570	3.82857e+20
3571	3.82594e+20
3572	3.8233e+20
3573	3.82067e+20
3574	3.81804e+20
3575	3.81542e+20
3576	3.8128e+20
3577	3.81018e+20
3578	3.80756e+20
3579	3.80495e+20
3580	3.80234e+20
3581	3.79973e+20
3582	3.79712e+20
3583	3.79452e+20
3584	3.79192e+20
3585	3.78932e+20
3586	3.78673e+20
3587	3.78414e+20
3588	3.78155e+20
3589	3.77896e+20
3590	3.77637e+20
3591	3.77379e+20
3592	3.77121e+20
3593	3.76864e+20
3594	3.76606e+20
3595	3.76349e+20
3596	3.76092e+20
3597	3.75836e+20
3598	3.75579e+20
3599	3.75323e+20
3600	3.75068e+20
3601	3.74812e+20
3602	3.74557e+20
3603	3.74302e+20
3604	3.74047e+20
3605	3.73792e+20
3606	3.73538e+20
3607	3.73284e+20
3608	3.73031e+20
3609	3.72777e+20
3610	3.72524e+20
3611	3.72271e+20
3612	3.72018e+20
3613	3.71766e+20
3614	3.71514e+20
3615	3.71262e+20
3616	3.7101e+20
3617	3.70759e+20
3618	3.70508e+20
3619	3.70257e+20
3620	3.70006e+20
3621	3.69756e+20
3622	3.69506e+20
3623	3.69256e+20
3624	3.69006e+20
3625	3.68757e+20
3626	3.68508e+20
3627	3.68259e+20
3628	3.6801e+20
3629	3.67762e+20
3630	3.67514e+20
3631	3.67266e+20
3632	3.67018e+20
3633	3.66771e+20
3634	3.66524e+20
3635	3.66277e+20
3636	3.6603e+20
3637	3.65784e+20
3638	3.65538e+20
3639	3.65292e+20
3640	3.65047e+20
3641	3.64801e+20
3642	3.64556e+20
3643	3.64311e+20
3644	3.64067e+20
3645	3.63822e+20
3646	3.63578e+20
3647	3.63334e+20
3648	3.63091e+20
3649	3.62847e+20
3650	3.62604e+20
3651	3.62361e+20
3652	3.62119e+20
3653	3.61876e+20
3654	3.61634e+20
3655	3.61392e+20
3656	3.61151e+20
3657	3.60909e+20
3658	3.60668e+20
3659	3.60427e+20
3660	3.60186e+20
3661	3.59946e+20
3662	3.59706e+20
3663	3.59466e+20
3664	3.59226e+20
3665	3.58987e+20
3666	3.58747e+20
3667	3.58508e+20
3668	3.5827e+20
3669	3.58031e+20
3670	3.57793e+20
3671	3.57555e+20
3672	3.57317e+20
3673	3.57079e+20
3674	3.56842e+20
3675	3.56605e+20
3676	3.56368e+20
3677	3.56131e+20
3678	3.55895e+20
3679	3.55659e+20
3680	3.55423e+20
3681	3.55187e+20
3682	3.54952e+20
3683	3.54717e+20
3684	3.54482e+20
3685	3.54247e+20
3686	3.54012e+20
3687	3.53778e+20
3688	3.53544e+20
3689	3.5331e+20
3690	3.53077e+20
3691	3.52843e+20
3692	3.5261e+20
3693	3.52377e+20
3694	3.52145e+20
3695	3.51912e+20
3696	3.5168e+20
3697	3.51448e+20
3698	3.51216e+20
3699	3.50985e+20
3700	3.50754e+20
3701	3.50523e+20
3702	3.50292e+20
3703	3.50061e+20
3704	3.49831e+20
3705	3.49601e+20
3706	3.49371e+20
3707	3.49141e+20
3708	3.48912e+20
3709	3.48683e+20
3710	3.48454e+20
3711	3.48225e+20
3712	3.47996e+20
3713	3.47768e+20
3714	3.4754e+20
3715	3.47312e+20
3716	3.47084e+20
3717	3.46857e+20
3718	3.4663e+20
3719	3.46403e+20
3720	3.46176e+20
3721	3.4595e+20
3722	3.45723e+20
3723	3.45497e+20
3724	3.45271e+20
3725	3.45046e+20
3726	3.4482e+20
3727	3.44595e+20
3728	3.4437e+20
3729	3.44146e+20
3730	3.43921e+20
3731	3.43697e+20
3732	3.43473e+20
3733	3.43249e+20
3734	3.43025e+20
3735	3.42802e+20
3736	3.42579e+20
3737	3.42356e+20
3738	3.42133e+20
3739	3.4191e+20
3740	3.41688e+20
3741	3.41466e+20
3742	3.41244e+20
3743	3.41022e+20
3744	3.40801e+20
3745	3.4058e+20
3746	3.40359e+20
3747	3.40138e+20
3748	3.39917e+20
3749	3.39697e+20
3750	3.39477e+20
3751	3.39257e+20
3752	3.39037e+20
3753	3.38818e+20
3754	3.38598e+20
3755	3.38379e+20
3756	3.3816e+20
3757	3.37942e+20
3758	3.37723e+20
3759	3.37505e+20
3760	3.37287e+20
3761	3.37069e+20
3762	3.36852e+20
3763	3.36634e+20
3764	3.36417e+20
3765	3.362e+20
3766	3.35984e+20
3767	3.35767e+20
3768	3.35551e+20
3769	3.35335e+20
3770	3.35119e+20
3771	3.34903e+20
3772	3.34687e+20
3773	3.34472e+20
3774	3.34257e+20
3775	3.34042e+20
3776	3.33828e+20
3777	3.33613e+20
3778	3.33399e+20
3779	3.33185e+20
3780	3.32971e+20
3781	3.32758e+20
3782	3.32544e+20
3783	3.32331e+20
3784	3.32118e+20
3785	3.31905e+20
3786	3.31693e+20
3787	3.3148e+20
3788	3.31268e+20
3789	3.31056e+20
3790	3.30844e+20
3791	3.30633e+20
3792	3.30421e+20
3793	3.3021e+20
3794	3.29999e+20
3795	3.29789e+20
3796	3.29578e+20
3797	3.29368e+20
3798	3.29158e+20
3799	3.28948e+20
3800	3.28738e+20
3801	3.28528e+20
3802	3.28319e+20
3803	3.2811e+20
3804	3.27901e+20
3805	3.27692e+20
3806	3.27484e+20
3807	3.27276e+20
3808	3.27067e+20
3809	3.2686e+20
3810	3.26652e+20
3811	3.26444e+20
3812	3.26237e+20
3813	3.2603e+20
3814	3.25823e+20
3815	3.25616e+20
3816	3.2541e+20
3817	3.25203e+20
3818	3.24997e+20
3819	3.24791e+20
3820	3.24586e+20
3821	3.2438e+20
3822	3.24175e+20
3823	3.23969e+20
3824	3.23765e+20
3825	3.2356e+20
3826	3.23355e+20
3827	3.23151e+20
3828	3.22947e+20
3829	3.22743e+20
3830	3.22539e+20
3831	3.22335e+20
3832	3.22132e+20
3833	3.21929e+20
3834	3.21726e+20
3835	3.21523e+20
3836	3.2132e+20
3837	3.21118e+20
3838	3.20916e+20
3839	3.20714e+20
3840	3.20512e+20
3841	3.2031e+20
3842	3.20109e+20
3843	3.19907e+20
3844	3.19706e+20
3845	3.19505e+20
3846	3.19305e+20
3847	3.19104e+20
3848	3.18904e+20
3849	3.18704e+20
3850	3.18504e+20
3851	3.18304e+20
3852	3.18105e+20
3853	3.17905e+20
3854	3.17706e+20
3855	3.17507e+20
3856	3.17308e+20
3857	3.1711e+20
3858	3.16911e+20
3859	3.16713e+20
3860	3.16515e+20
3861	3.16317e+20
3862	3.16119e+20
3863	3.15922e+20
3864	3.15724e+20
3865	3.15527e+20
3866	3.1533e+20
3867	3.15134e+20
3868	3.14937e+20
3869	3.14741e+20
3870	3.14544e+20
3871	3.14348e+20
3872	3.14153e+20
3873	3.13957e+20
3874	3.13762e+20
3875	3.13566e+20
3876	3.13371e+20
3877	3.13176e+20
3878	3.12982e+20
3879	3.12787e+20
3880	3.12593e+20
3881	3.12399e+20
3882	3.12205e+20
3883	3.12011e+20
3884	3.11817e+20
3885	3.11624e+20
3886	3.1143e+20
3887	3.11237e+20
3888	3.11044e+20
3889	3.10852e+20
3890	3.10659e+20
3891	3.10467e+20
3892	3.10275e+20
3893	3.10083e+20
3894	3.09891e+20
3895	3.09699e+20
3896	3.09508e+20
3897	3.09316e+20
3898	3.09125e+20
3899	3.08934e+20
3900	3.08744e+20
3901	3.08553e+20
3902	3.08363e+20
3903	3.08172e+20
3904	3.07982e+20
3905	3.07793e+20
3906	3.07603e+20
3907	3.07413e+20
3908	3.07224e+20
3909	3.07035e+20
3910	3.06846e+20
3911	3.06657e+20
3912	3.06468e+20
3913	3.0628e+20
3914	3.06092e+20
3915	3.05904e+20
3916	3.05716e+20
3917	3.05528e+20
3918	3.0534e+20
3919	3.05153e+20
3920	3.04966e+20
3921	3.04779e+20
3922	3.04592e+20
3923	3.04405e+20
3924	3.04219e+20
3925	3.04032e+20
3926	3.03846e+20
3927	3.0366e+20
3928	3.03474e+20
3929	3.03289e+20
3930	3.03103e+20
3931	3.02918e+20
3932	3.02733e+20
3933	3.02548e+20
3934	3.02363e+20
3935	3.02178e+20
3936	3.01994e+20
3937	3.01809e+20
3938	3.01625e+20
3939	3.01441e+20
3940	3.01257e+20
3941	3.01074e+20
3942	3.0089e+20
3943	3.00707e+20
3944	3.00524e+20
3945	3.00341e+20
3946	3.00158e+20
3947	2.99976e+20
3948	2.99793e+20
3949	2.99611e+20
3950	2.99429e+20
3951	2.99247e+20
3952	2.99065e+20
3953	2.98884e+20
3954	2.98702e+20
3955	2.98521e+20
3956	2.9834e+20
3957	2.98159e+20
3958	2.97978e+20
3959	2.97797e+20
3960	2.97617e+20
3961	2.97437e+20
3962	2.97257e+20
3963	2.97077e+20
3964	2.96897e+20
3965	2.96717e+20
3966	2.96538e+20
3967	2.96359e+20
3968	2.96179e+20
3969	2.96e+20
3970	2.95822e+20
3971	2.95643e+20
3972	2.95465e+20
3973	2.95286e+20
3974	2.95108e+20
3975	2.9493e+20
3976	2.94752e+20
3977	2.94575e+20
3978	2.94397e+20
3979	2.9422e+20
3980	2.94043e+20
3981	2.93866e+20
3982	2.93689e+20
3983	2.93512e+20
3984	2.93336e+20
3985	2.93159e+20
3986	2.92983e+20
3987	2.92807e+20
3988	2.92631e+20
3989	2.92456e+20
3990	2.9228e+20
3991	2.92105e+20
3992	2.91929e+20
3993	2.91754e+20
3994	2.91579e+20
3995	2.91405e+20
3996	2.9123e+20
3997	2.91056e+20
3998	2.90881e+20
3999	2.90707e+20
4000	2.90533e+20
4001	2.90359e+20
4002	2.90186e+20
4003	2.90012e+20
4004	2.89839e+20
4005	2.89666e+20
4006	2.89493e+20
4007	2.8932e+20
4008	2.89147e+20
4009	2.88974e+20
4010	2.88802e+20
4011	2.8863e+20
4012	2.88458e+20
4013	2.88286e+20
4014	2.88114e+20
4015	2.87942e+20
4016	2.87771e+20
4017	2.876e+20
4018	2.87428e+20
4019	2.87257e+20
4020	2.87087e+20
4021	2.86916e+20
4022	2.86745e+20
4023	2.86575e+20
4024	2.86405e+20
4025	2.86235e+20
4026	2.86065e+20
4027	2.85895e+20
4028	2.85725e+20
4029	2.85556e+20
4030	2.85387e+20
4031	2.85217e+20
4032	2.85048e+20
4033	2.84879e+20
4034	2.84711e+20
4035	2.84542e+20
4036	2.84374e+20
4037	2.84206e+20
4038	2.84037e+20
4039	2.83869e+20
4040	2.83702e+20
4041	2.83534e+20
4042	2.83367e+20
4043	2.83199e+20
4044	2.83032e+20
4045	2.82865e+20
4046	2.82698e+20
4047	2.82531e+20
4048	2.82365e+20
4049	2.82198e+20
4050	2.82032e+20
4051	2.81866e+20
4052	2.817e+20
4053	2.81534e+20
4054	2.81368e+20
4055	2.81203e+20
4056	2.81037e+20
4057	2.80872e+20
4058	2.80707e+20
4059	2.80542e+20
4060	2.80377e+20
4061	2.80212e+20
4062	2.80048e+20
4063	2.79883e+20
4064	2.79719e+20
4065	2.79555e+20
4066	2.79391e+20
4067	2.79227e+20
4068	2.79064e+20
4069	2.789e+20
4070	2.78737e+20
4071	2.78573e+20
4072	2.7841e+20
4073	2.78247e+20
4074	2.78085e+20
4075	2.77922e+20
4076	2.77759e+20
4077	2.77597e+20
4078	2.77435e+20
4079	2.77273e+20
4080	2.77111e+20
4081	2.76949e+20
4082	2.76787e+20
4083	2.76626e+20
4084	2.76465e+20
4085	2.76303e+20
4086	2.76142e+20
4087	2.75981e+20
4088	2.75821e+20
4089	2.7566e+20
4090	2.755e+20
4091	2.75339e+20
4092	2.75179e+20
4093	2.75019e+20
4094	2.74859e+20
4095	2.74699e+20
4096	2.74539e+20
4097	2.7438e+20
4098	2.74221e+20
4099	2.74061e+20
4100	2.73902e+20
4101	2.73743e+20
4102	2.73585e+20
4103	2.73426e+20
4104	2.73267e+20
4105	2.73109e+20
4106	2.72951e+20
4107	2.72793e+20
4108	2.72635e+20
4109	2.72477e+20
4110	2.72319e+20
4111	2.72162e+20
4112	2.72004e+20
4113	2.71847e+20
4114	2.7169e+20
4115	2.71533e+20
4116	2.71376e+20
4117	2.71219e+20
4118	2.71062e+20
4119	2.70906e+20
4120	2.7075e+20
4121	2.70594e+20
4122	2.70437e+20
4123	2.70282e+20
4124	2.70126e+20
4125	2.6997e+20
4126	2.69815e+20
4127	2.69659e+20
4128	2.69504e+20
4129	2.69349e+20
4130	2.69194e+20
4131	2.69039e+20
4132	2.68885e+20
4133	2.6873e+20
4134	2.68576e+20
4135	2.68421e+20
4136	2.68267e+20
4137	2.68113e+20
4138	2.67959e+20
4139	2.67806e+20
4140	2.67652e+20
4141	2.67498e+20
4142	2.67345e+20
4143	2.67192e+20
4144	2.67039e+20
4145	2.66886e+20
4146	2.66733e+20
4147	2.6658e+20
4148	2.66428e+20
4149	2.66275e+20
4150	2.66123e+20
4151	2.65971e+20
4152	2.65819e+20
4153	2.65667e+20
4154	2.65515e+20
4155	2.65364e+20
4156	2.65212e+20
4157	2.65061e+20
4158	2.6491e+20
4159	2.64759e+20
4160	2.64608e+20
4161	2.64457e+20
4162	2.64306e+20
4163	2.64156e+20
4164	2.64005e+20
4165	2.63855e+20
4166	2.63705e+20
4167	2.63555e+20
4168	2.63405e+20
4169	2.63255e+20
4170	2.63105e+20
4171	2.62956e+20
4172	2.62806e+20
4173	2.62657e+20
4174	2.62508e+20
4175	2.62359e+20
4176	2.6221e+20
4177	2.62061e+20
4178	2.61912e+20
4179	2.61764e+20
4180	2.61616e+20
4181	2.61467e+20
4182	2.61319e+20
4183	2.61171e+20
4184	2.61023e+20
4185	2.60876e+20
4186	2.60728e+20
4187	2.60581e+20
4188	2.60433e+20
4189	2.60286e+20
4190	2.60139e+20
4191	2.59992e+20
4192	2.59845e+20
4193	2.59698e+20
4194	2.59552e+20
4195	2.59405e+20
4196	2.59259e+20
4197	2.59113e+20
4198	2.58967e+20
4199	2.58821e+20
4200	2.58675e+20
4201	2.58529e+20
4202	2.58383e+20
4203	2.58238e+20
4204	2.58093e+20
4205	2.57947e+20
4206	2.57802e+20
4207	2.57657e+20
4208	2.57512e+20
4209	2.57368e+20
4210	2.57223e+20
4211	2.57079e+20
4212	2.56934e+20
4213	2.5679e+20
4214	2.56646e+20
4215	2.56502e+20
4216	2.56358e+20
4217	2.56214e+20
4218	2.56071e+20
4219	2.55927e+20
4220	2.55784e+20
4221	2.55641e+20
4222	2.55497e+20
4223	2.55354e+20
4224	2.55211e+20
4225	2.55069e+20
4226	2.54926e+20
4227	2.54784e+20
4228	2.54641e+20
4229	2.54499e+20
4230	2.54357e+20
4231	2.54215e+20
4232	2.54073e+20
4233	2.53931e+20
4234	2.53789e+20
4235	2.53648e+20
4236	2.53506e+20
4237	2.53365e+20
4238	2.53224e+20
4239	2.53083e+20
4240	2.52942e+20
4241	2.52801e+20
4242	2.5266e+20
4243	2.52519e+20
4244	2.52379e+20
4245	2.52239e+20
4246	2.52098e+20
4247	2.51958e+20
4248	2.51818e+20
4249	2.51678e+20
4250	2.51539e+20
4251	2.51399e+20
4252	2.51259e+20
4253	2.5112e+20
4254	2.50981e+20
4255	2.50841e+20
4256	2.50702e+20
4257	2.50563e+20
4258	2.50425e+20
4259	2.50286e+20
4260	2.50147e+20
4261	2.50009e+20
4262	2.4987e+20
4263	2.49732e+20
4264	2.49594e+20
4265	2.49456e+20
4266	2.49318e+20
4267	2.4918e+20
4268	2.49043e+20
4269	2.48905e+20
4270	2.48768e+20
4271	2.4863e+20
4272	2.48493e+20
4273	2.48356e+20
4274	2.48219e+20
4275	2.48082e+20
4276	2.47945e+20
4277	2.47809e+20
4278	2.47672e+20
4279	2.47536e+20
4280	2.474e+20
4281	2.47263e+20
4282	2.47127e+20
4283	2.46991e+20
4284	2.46856e+20
4285	2.4672e+20
4286	2.46584e+20
4287	2.46449e+20
4288	2.46313e+20
4289	2.46178e+20
4290	2.46043e+20
4291	2.45908e+20
4292	2.45773e+20
4293	2.45638e+20
4294	2.45503e+20
4295	2.45369e+20
4296	2.45234e+20
4297	2.451e+20
4298	2.44966e+20
4299	2.44832e+20
4300	2.44698e+20
4301	2.44564e+20
4302	2.4443e+20
4303	2.44296e+20
4304	2.44163e+20
4305	2.44029e+20
4306	2.43896e+20
4307	2.43762e+20
4308	2.43629e+20
4309	2.43496e+20
4310	2.43363e+20
4311	2.43231e+20
4312	2.43098e+20
4313	2.42965e+20
4314	2.42833e+20
4315	2.427e+20
4316	2.42568e+20
4317	2.42436e+20
4318	2.42304e+20
4319	2.42172e+20
4320	2.4204e+20
4321	2.41908e+20
4322	2.41777e+20
4323	2.41645e+20
4324	2.41514e+20
4325	2.41383e+20
4326	2.41251e+20
4327	2.4112e+20
4328	2.40989e+20
4329	2.40859e+20
4330	2.40728e+20
4331	2.40597e+20
4332	2.40467e+20
4333	2.40336e+20
4334	2.40206e+20
4335	2.40076e+20
4336	2.39946e+20
4337	2.39816e+20
4338	2.39686e+20
4339	2.39556e+20
4340	2.39426e+20
4341	2.39297e+20
4342	2.39167e+20
4343	2.39038e+20
4344	2.38909e+20
4345	2.3878e+20
4346	2.38651e+20
4347	2.38522e+20
4348	2.38393e+20
4349	2.38264e+20
4350	2.38136e+20
4351	2.38007e+20
4352	2.37879e+20
4353	2.3775e+20
4354	2.37622e+20
4355	2.37494e+20
4356	2.37366e+20
4357	2.37238e+20
4358	2.37111e+20
4359	2.36983e+20
4360	2.36855e+20
4361	2.36728e+20
4362	2.36601e+20
4363	2.36473e+20
4364	2.36346e+20
4365	2.36219e+20
4366	2.36092e+20
4367	2.35965e+20
4368	2.35839e+20
4369	2.35712e+20
4370	2.35586e+20
4371	2.35459e+20
4372	2.35333e+20
4373	2.35207e+20
4374	2.35081e+20
4375	2.34955e+20
4376	2.34829e+20
4377	2.34703e+20
4378	2.34577e+20
4379	2.34452e+20
4380	2.34326e+20
4381	2.34201e+20
4382	2.34076e+20
4383	2.3395e+20
4384	2.33825e+20
4385	2.337e+20
4386	2.33575e+20
4387	2.33451e+20
4388	2.33326e+20
4389	2.33201e+20
4390	2.33077e+20
4391	2.32953e+20
4392	2.32828e+20
4393	2.32704e+20
4394	2.3258e+20
4395	2.32456e+20
4396	2.32332e+20
4397	2.32209e+20
4398	2.32085e+20
4399	2.31961e+20
4400	2.31838e+20
4401	2.31714e+20
4402	2.31591e+20
4403	2.31468e+20
4404	2.31345e+20
4405	2.31222e+20
4406	2.31099e+20
4407	2.30976e+20
4408	2.30854e+20
4409	2.30731e+20
4410	2.30609e+20
4411	2.30486e+20
4412	2.30364e+20
4413	2.30242e+20
4414	2.3012e+20
4415	2.29998e+20
4416	2.29876e+20
4417	2.29754e+20
4418	2.29633e+20
4419	2.29511e+20
4420	2.2939e+20
4421	2.29268e+20
4422	2.29147e+20
4423	2.29026e+20
4424	2.28905e+20
4425	2.28784e+20
4426	2.28663e+20
4427	2.28542e+20
4428	2.28421e+20
4429	2.28301e+20
4430	2.2818e+20
4431	2.2806e+20
4432	2.27939e+20
4433	2.27819e+20
4434	2.27699e+20
4435	2.27579e+20
4436	2.27459e+20
4437	2.27339e+20
4438	2.2722e+20
4439	2.271e+20
4440	2.2698e+20
4441	2.26861e+20
4442	2.26742e+20
4443	2.26622e+20
4444	2.26503e+20
4445	2.26384e+20
4446	2.26265e+20
4447	2.26146e+20
4448	2.26028e+20
4449	2.25909e+20
4450	2.2579e+20
4451	2.25672e+20
4452	2.25553e+20
4453	2.25435e+20
4454	2.25317e+20
4455	2.25199e+20
4456	2.25081e+20
4457	2.24963e+20
4458	2.24845e+20
4459	2.24727e+20
4460	2.2461e+20
4461	2.24492e+20
4462	2.24375e+20
4463	2.24257e+20
4464	2.2414e+20
4465	2.24023e+20
4466	2.23906e+20
4467	2.23789e+20
4468	2.23672e+20
4469	2.23555e+20
4470	2.23438e+20
4471	2.23322e+20
4472	2.23205e+20
4473	2.23089e+20
4474	2.22972e+20
4475	2.22856e+20
4476	2.2274e+20
4477	2.22624e+20
4478	2.22508e+20
4479	2.22392e+20
4480	2.22276e+20
4481	2.22161e+20
4482	2.22045e+20
4483	2.21929e+20
4484	2.21814e+20
4485	2.21699e+20
4486	2.21583e+20
4487	2.21468e+20
4488	2.21353e+20
4489	2.21238e+20
4490	2.21123e+20
4491	2.21009e+20
4492	2.20894e+20
4493	2.20779e+20
4494	2.20665e+20
4495	2.2055e+20
4496	2.20436e+20
4497	2.20322e+20
4498	2.20208e+20
4499	2.20094e+20
4500	2.1998e+20
4501	2.19866e+20
4502	2.19752e+20
4503	2.19638e+20
4504	2.19525e+20
4505	2.19411e+20
4506	2.19298e+20
4507	2.19184e+20
4508	2.19071e+20
4509	2.18958e+20
4510	2.18845e+20
4511	2.18732e+20
4512	2.18619e+20
4513	2.18506e+20
4514	2.18394e+20
4515	2.18281e+20
4516	2.18168e+20
4517	2.18056e+20
4518	2.17944e+20
4519	2.17831e+20
4520	2.17719e+20
4521	2.17607e+20
4522	2.17495e+20
4523	2.17383e+20
4524	2.17271e+20
4525	2.17159e+20
4526	2.17048e+20
4527	2.16936e+20
4528	2.16825e+20
4529	2.16713e+20
4530	2.16602e+20
4531	2.16491e+20
4532	2.1638e+20
4533	2.16269e+20
4534	2.16158e+20
4535	2.16047e+20
4536	2.15936e+20
4537	2.15825e+20
4538	2.15715e+20
4539	2.15604e+20
4540	2.15494e+20
4541	2.15383e+20
4542	2.15273e+20
4543	2.15163e+20
4544	2.15053e+20
4545	2.14943e+20
4546	2.14833e+20
4547	2.14723e+20
4548	2.14613e+20
4549	2.14503e+20
4550	2.14394e+20
4551	2.14284e+20
4552	2.14175e+20
4553	2.14066e+20
4554	2.13956e+20
4555	2.13847e+20
4556	2.13738e+20
4557	2.13629e+20
4558	2.1352e+20
4559	2.13411e+20
4560	2.13303e+20
4561	2.13194e+20
4562	2.13085e+20
4563	2.12977e+20
4564	2.12869e+20
4565	2.1276e+20
4566	2.12652e+20
4567	2.12544e+20
4568	2.12436e+20
4569	2.12328e+20
4570	2.1222e+20
4571	2.12112e+20
4572	2.12004e+20
4573	2.11897e+20
4574	2.11789e+20
4575	2.11682e+20
4576	2.11574e+20
4577	2.11467e+20
4578	2.1136e+20
4579	2.11253e+20
4580	2.11146e+20
4581	2.11039e+20
4582	2.10932e+20
4583	2.10825e+20
4584	2.10718e+20
4585	2.10611e+20
4586	2.10505e+20
4587	2.10398e+20
4588	2.10292e+20
4589	2.10186e+20
4590	2.10079e+20
4591	2.09973e+20
4592	2.09867e+20
4593	2.09761e+20
4594	2.09655e+20
4595	2.09549e+20
4596	2.09444e+20
4597	2.09338e+20
4598	2.09232e+20
4599	2.09127e+20
4600	2.09021e+20
4601	2.08916e+20
4602	2.08811e+20
4603	2.08706e+20
4604	2.08601e+20
4605	2.08496e+20
4606	2.08391e+20
4607	2.08286e+20
4608	2.08181e+20
4609	2.08076e+20
4610	2.07972e+20
4611	2.07867e+20
4612	2.07763e+20
4613	2.07658e+20
4614	2.07554e+20
4615	2.0745e+20
4616	2.07346e+20
4617	2.07242e+20
4618	2.07138e+20
4619	2.07034e+20
4620	2.0693e+20
4621	2.06826e+20
4622	2.06722e+20
4623	2.06619e+20
4624	2.06515e+20
4625	2.06412e+20
4626	2.06309e+20
4627	2.06205e+20
4628	2.06102e+20
4629	2.05999e+20
4630	2.05896e+20
4631	2.05793e+20
4632	2.0569e+20
4633	2.05587e+20
4634	2.05485e+20
4635	2.05382e+20
4636	2.05279e+20
4637	2.05177e+20
4638	2.05074e+20
4639	2.04972e+20
4640	2.0487e+20
4641	2.04768e+20
4642	2.04666e+20
4643	2.04564e+20
4644	2.04462e+20
4645	2.0436e+20
4646	2.04258e+20
4647	2.04156e+20
4648	2.04055e+20
4649	2.03953e+20
4650	2.03852e+20
4651	2.0375e+20
4652	2.03649e+20
4653	2.03548e+20
4654	2.03446e+20
4655	2.03345e+20
4656	2.03244e+20
4657	2.03143e+20
4658	2.03043e+20
4659	2.02942e+20
4660	2.02841e+20
4661	2.0274e+20
4662	2.0264e+20
4663	2.02539e+20
4664	2.02439e+20
4665	2.02339e+20
4666	2.02238e+20
4667	2.02138e+20
4668	2.02038e+20
4669	2.01938e+20
4670	2.01838e+20
4671	2.01738e+20
4672	2.01638e+20
4673	2.01539e+20
4674	2.01439e+20
4675	2.01339e+20
4676	2.0124e+20
4677	2.01141e+20
4678	2.01041e+20
4679	2.00942e+20
4680	2.00843e+20
4681	2.00744e+20
4682	2.00644e+20
4683	2.00546e+20
4684	2.00447e+20
4685	2.00348e+20
4686	2.00249e+20
4687	2.0015e+20
4688	2.00052e+20
4689	1.99953e+20
4690	1.99855e+20
4691	1.99756e+20
4692	1.99658e+20
4693	1.9956e+20
4694	1.99462e+20
4695	1.99364e+20
4696	1.99266e+20
4697	1.99168e+20
4698	1.9907e+20
4699	1.98972e+20
4700	1.98874e+20
4701	1.98777e+20
4702	1.98679e+20
4703	1.98581e+20
4704	1.98484e+20
4705	1.98387e+20
4706	1.98289e+20
4707	1.98192e+20
4708	1.98095e+20
4709	1.97998e+20
4710	1.97901e+20
4711	1.97804e+20
4712	1.97707e+20
4713	1.9761e+20
4714	1.97514e+20
4715	1.97417e+20
4716	1.9732e+20
4717	1.97224e+20
4718	1.97128e+20
4719	1.97031e+20
4720	1.96935e+20
4721	1.96839e+20
4722	1.96743e+20
4723	1.96647e+20
4724	1.96551e+20
4725	1.96455e+20
4726	1.96359e+20
4727	1.96263e+20
4728	1.96167e+20
4729	1.96072e+20
4730	1.95976e+20
4731	1.95881e+20
4732	1.95785e+20
4733	1.9569e+20
4734	1.95595e+20
4735	1.95499e+20
4736	1.95404e+20
4737	1.95309e+20
4738	1.95214e+20
4739	1.95119e+20
4740	1.95024e+20
4741	1.9493e+20
4742	1.94835e+20
4743	1.9474e+20
4744	1.94646e+20
4745	1.94551e+20
4746	1.94457e+20
4747	1.94362e+20
4748	1.94268e+20
4749	1.94174e+20
4750	1.9408e+20
4751	1.93986e+20
4752	1.93892e+20
4753	1.93798e+20
4754	1.93704e+20
4755	1.9361e+20
4756	1.93516e+20
4757	1.93423e+20
4758	1.93329e+20
4759	1.93235e+20
4760	1.93142e+20
4761	1.93049e+20
4762	1.92955e+20
4763	1.92862e+20
4764	1.92769e+20
4765	1.92676e+20
4766	1.92583e+20
4767	1.9249e+20
4768	1.92397e+20
4769	1.92304e+20
4770	1.92211e+20
4771	1.92118e+20
4772	1.92026e+20
4773	1.91933e+20
4774	1.91841e+20
4775	1.91748e+20
4776	1.91656e+20
4777	1.91564e+20
4778	1.91471e+20
4779	1.91379e+20
4780	1.91287e+20
4781	1.91195e+20
4782	1.91103e+20
4783	1.91011e+20
4784	1.90919e+20
4785	1.90828e+20
4786	1.90736e+20
4787	1.90644e+20
4788	1.90553e+20
4789	1.90461e+20
4790	1.9037e+20
4791	1.90279e+20
4792	1.90187e+20
4793	1.90096e+20
4794	1.90005e+20
4795	1.89914e+20
4796	1.89823e+20
4797	1.89732e+20
4798	1.89641e+20
4799	1.8955e+20
4800	1.89459e+20
4801	1.89369e+20
4802	1.89278e+20
4803	1.89187e+20
4804	1.89097e+20
4805	1.89006e+20
4806	1.88916e+20
4807	1.88826e+20
4808	1.88736e+20
4809	1.88645e+20
4810	1.88555e+20
4811	1.88465e+20
4812	1.88375e+20
4813	1.88285e+20
4814	1.88196e+20
4815	1.88106e+20
4816	1.88016e+20
4817	1.87926e+20
4818	1.87837e+20
4819	1.87747e+20
4820	1.87658e+20
4821	1.87569e+20
4822	1.87479e+20
4823	1.8739e+20
4824	1.87301e+20
4825	1.87212e+20
4826	1.87123e+20
4827	1.87034e+20
4828	1.86945e+20
4829	1.86856e+20
4830	1.86767e+20
4831	1.86678e+20
4832	1.8659e+20
4833	1.86501e+20
4834	1.86413e+20
4835	1.86324e+20
4836	1.86236e+20
4837	1.86147e+20
4838	1.86059e+20
4839	1.85971e+20
4840	1.85883e+20
4841	1.85795e+20
4842	1.85706e+20
4843	1.85619e+20
4844	1.85531e+20
4845	1.85443e+20
4846	1.85355e+20
4847	1.85267e+20
4848	1.8518e+20
4849	1.85092e+20
4850	1.85005e+20
4851	1.84917e+20
4852	1.8483e+20
4853	1.84742e+20
4854	1.84655e+20
4855	1.84568e+20
4856	1.84481e+20
4857	1.84394e+20
4858	1.84307e+20
4859	1.8422e+20
4860	1.84133e+20
4861	1.84046e+20
4862	1.83959e+20
4863	1.83872e+20
4864	1.83786e+20
4865	1.83699e+20
4866	1.83613e+20
4867	1.83526e+20
4868	1.8344e+20
4869	1.83354e+20
4870	1.83267e+20
4871	1.83181e+20
4872	1.83095e+20
4873	1.83009e+20
4874	1.82923e+20
4875	1.82837e+20
4876	1.82751e+20
4877	1.82665e+20
4878	1.82579e+20
4879	1.82494e+20
4880	1.82408e+20
4881	1.82322e+20
4882	1.82237e+20
4883	1.82151e+20
4884	1.82066e+20
4885	1.81981e+20
4886	1.81895e+20
4887	1.8181e+20
4888	1.81725e+20
4889	1.8164e+20
4890	1.81555e+20
4891	1.8147e+20
4892	1.81385e+20
4893	1.813e+20
4894	1.81215e+20
4895	1.8113e+20
4896	1.81046e+20
4897	1.80961e+20
4898	1.80877e+20
4899	1.80792e+20
4900	1.80708e+20
4901	1.80623e+20
4902	1.80539e+20
4903	1.80455e+20
4904	1.8037e+20
4905	1.80286e+20
4906	1.80202e+20
4907	1.80118e+20
4908	1.80034e+20
4909	1.7995e+20
4910	1.79866e+20
4911	1.79783e+20
4912	1.79699e+20
4913	1.79615e+20
4914	1.79532e+20
4915	1.79448e+20
4916	1.79365e+20
4917	1.79281e+20
4918	1.79198e+20
4919	1.79115e+20
4920	1.79031e+20
4921	1.78948e+20
4922	1.78865e+20
4923	1.78782e+20
4924	1.78699e+20
4925	1.78616e+20
4926	1.78533e+20
4927	1.7845e+20
4928	1.78367e+20
4929	1.78285e+20
4930	1.78202e+20
4931	1.78119e+20
4932	1.78037e+20
4933	1.77954e+20
4934	1.77872e+20
4935	1.7779e+20
4936	1.77707e+20
4937	1.77625e+20
4938	1.77543e+20
4939	1.77461e+20
4940	1.77379e+20
4941	1.77297e+20
4942	1.77215e+20
4943	1.77133e+20
4944	1.77051e+20
4945	1.76969e+20
4946	1.76887e+20
4947	1.76806e+20
4948	1.76724e+20
4949	1.76642e+20
4950	1.76561e+20
4951	1.76479e+20
4952	1.76398e+20
4953	1.76317e+20
4954	1.76235e+20
4955	1.76154e+20
4956	1.76073e+20
4957	1.75992e+20
4958	1.75911e+20
4959	1.7583e+20
4960	1.75749e+20
4961	1.75668e+20
4962	1.75587e+20
4963	1.75507e+20
4964	1.75426e+20
4965	1.75345e+20
4966	1.75265e+20
4967	1.75184e+20
4968	1.75104e+20
4969	1.75023e+20
4970	1.74943e+20
4971	1.74862e+20
4972	1.74782e+20
4973	1.74702e+20
4974	1.74622e+20
4975	1.74542e+20
4976	1.74462e+20
4977	1.74382e+20
4978	1.74302e+20
4979	1.74222e+20
4980	1.74142e+20
4981	1.74062e+20
4982	1.73983e+20
4983	1.73903e+20
4984	1.73824e+20
4985	1.73744e+20
4986	1.73664e+20
4987	1.73585e+20
4988	1.73506e+20
4989	1.73426e+20
4990	1.73347e+20
4991	1.73268e+20
4992	1.73189e+20
4993	1.7311e+20
4994	1.73031e+20
4995	1.72952e+20
4996	1.72873e+20
4997	1.72794e+20
4998	1.72715e+20
4999	1.72636e+20
5000	1.72558e+20
# iterates cost: 77.8484
