# Reading DATA...
# Reading Matrix Successfully!
BICG
0	3.8603e+30
1	3.49416e+29	
2	7.95643e+28	
3	2.67938e+28	
4	1.17213e+28	
5	5.85766e+27	
6	3.13301e+27	
7	1.92804e+27	
8	1.25844e+27	
9	8.43641e+26	
10	6.02304e+26	
11	4.3444e+26	
12	3.22661e+26	
13	2.28492e+26	
14	1.80507e+26	
15	1.3674e+26	
16	1.04216e+26	
17	8.5192e+25	
18	6.80236e+25	
19	5.3851e+25	
20	4.2462e+25	
21	3.192e+25	
22	2.68817e+25	
23	2.23272e+25	
24	1.961e+25	
25	1.71797e+25	
26	1.50998e+25	
27	1.23734e+25	
28	1.08873e+25	
29	1.02038e+25	
30	8.986e+24	
31	8.01256e+24	
32	6.85696e+24	
33	5.88174e+24	
34	5.51337e+24	
35	5.04448e+24	
36	4.61862e+24	
37	4.21285e+24	
38	3.86685e+24	
39	3.46578e+24	
40	3.04369e+24	
41	2.74622e+24	
42	2.50445e+24	
43	2.25667e+24	
44	1.98888e+24	
45	1.88741e+24	
46	1.6925e+24	
47	1.52367e+24	
48	1.37841e+24	
49	1.24142e+24	
50	1.07356e+24	
51	9.73207e+23	
52	9.45762e+23	
53	8.66635e+23	
54	8.04167e+23	
55	7.99982e+23	
56	7.12887e+23	
57	6.70843e+23	
58	6.28137e+23	
59	5.88186e+23	
60	5.46614e+23	
61	5.15529e+23	
62	5.28947e+23	
63	5.07057e+23	
64	4.67471e+23	
65	4.78085e+23	
66	4.55368e+23	
67	4.21434e+23	
68	4.08949e+23	
69	3.86295e+23	
70	3.63814e+23	
71	3.26244e+23	
72	3.04584e+23	
73	2.92499e+23	
74	2.75684e+23	
75	2.60872e+23	
76	2.42624e+23	
77	2.41138e+23	
78	2.30817e+23	
79	2.17609e+23	
80	2.04347e+23	
81	1.99596e+23	
82	1.79785e+23	
83	1.72419e+23	
84	1.67639e+23	
85	1.59843e+23	
86	1.48521e+23	
87	1.41725e+23	
88	1.317e+23	
89	1.24865e+23	
90	1.21872e+23	
91	1.09951e+23	
92	1.05595e+23	
93	1.00818e+23	
94	1.04323e+23	
95	1.0393e+23	
96	1.07569e+23	
97	1.04712e+23	
98	1.02029e+23	
99	9.91948e+22	
100	9.10391e+22	
101	8.80435e+22	
102	8.54596e+22	
103	8.06074e+22	
104	7.82827e+22	
105	7.5766e+22	
106	7.37106e+22	
107	7.11374e+22	
108	6.56522e+22	
109	6.35767e+22	
110	6.15088e+22	
111	6.04354e+22	
112	5.87294e+22	
113	5.80559e+22	
114	5.57635e+22	
115	5.65243e+22	
116	5.67394e+22	
117	5.62764e+22	
118	5.59869e+22	
119	5.33874e+22	
120	5.10488e+22	
121	4.89097e+22	
122	4.50964e+22	
123	4.38824e+22	
124	4.28859e+22	
125	4.28073e+22	
126	4.15332e+22	
127	3.6636e+22	
128	3.51586e+22	
129	3.35905e+22	
130	3.26266e+22	
131	3.15497e+22	
132	2.9972e+22	
133	2.84583e+22	
134	2.68911e+22	
135	2.47584e+22	
136	2.31324e+22	
137	2.21741e+22	
138	2.0495e+22	
139	2.00503e+22	
140	1.9699e+22	
141	1.99517e+22	
142	1.96816e+22	
143	1.99953e+22	
144	1.99812e+22	
145	2.05986e+22	
146	2.03043e+22	
147	2.0047e+22	
148	2.00238e+22	
149	1.92853e+22	
150	1.78398e+22	
151	1.73817e+22	
152	1.7323e+22	
153	1.83102e+22	
154	1.80561e+22	
155	1.73428e+22	
156	1.67037e+22	
157	1.58381e+22	
158	1.52341e+22	
159	1.45599e+22	
160	1.30952e+22	
161	1.21911e+22	
162	1.24361e+22	
163	1.18876e+22	
164	1.14518e+22	
165	1.10838e+22	
166	1.0991e+22	
167	1.08845e+22	
168	1.10222e+22	
169	1.09631e+22	
170	1.14542e+22	
171	1.08999e+22	
172	1.03549e+22	
173	1.01228e+22	
174	9.98096e+21	
175	1.00602e+22	
176	1.0113e+22	
177	1.01796e+22	
178	1.00351e+22	
179	1.01431e+22	
180	1.04274e+22	
181	1.04507e+22	
182	9.53941e+21	
183	8.64086e+21	
184	7.80075e+21	
185	7.66419e+21	
186	7.06991e+21	
187	6.95176e+21	
188	6.58185e+21	
189	6.66325e+21	
190	6.3935e+21	
191	6.25615e+21	
192	5.91438e+21	
193	5.55754e+21	
194	5.46192e+21	
195	5.07943e+21	
196	4.73539e+21	
197	4.95368e+21	
198	4.51575e+21	
199	4.28661e+21	
200	4.08124e+21	
201	4.20552e+21	
202	4.28011e+21	
203	4.16007e+21	
204	4.21387e+21	
205	4.01392e+21	
206	4.21997e+21	
207	4.2028e+21	
208	4.14998e+21	
209	4.13978e+21	
210	4.12083e+21	
211	3.80075e+21	
212	3.76989e+21	
213	3.60559e+21	
214	3.62039e+21	
215	3.43277e+21	
216	3.48092e+21	
217	3.38673e+21	
218	3.50677e+21	
219	3.44936e+21	
220	3.29406e+21	
221	3.21593e+21	
222	2.96593e+21	
223	2.94784e+21	
224	3.00947e+21	
225	2.92913e+21	
226	2.84345e+21	
227	2.81595e+21	
228	2.8512e+21	
229	3.03874e+21	
230	3.19668e+21	
231	3.11983e+21	
232	3.08173e+21	
233	2.99048e+21	
234	2.98022e+21	
235	2.96929e+21	
236	2.82499e+21	
237	2.82296e+21	
238	2.8922e+21	
239	2.95153e+21	
240	2.84074e+21	
241	2.7803e+21	
242	2.70291e+21	
243	2.75487e+21	
244	2.8571e+21	
245	2.98106e+21	
246	3.00745e+21	
247	3.02093e+21	
248	3.5313e+21	
249	4.72461e+21	
250	1.13092e+22	
251	2.91521e+23	
252	2.13414e+22	
253	5.46045e+21	
254	3.44568e+21	
255	2.81359e+21	
256	2.65031e+21	
257	2.37844e+21	
258	2.26078e+21	
259	2.18358e+21	
260	2.19984e+21	
261	2.07864e+21	
262	2.12562e+21	
263	2.1872e+21	
264	2.21576e+21	
265	2.08093e+21	
266	2.1419e+21	
267	2.28251e+21	
268	2.23702e+21	
269	2.1903e+21	
270	2.14767e+21	
271	2.21193e+21	
272	2.28868e+21	
273	2.28939e+21	
274	2.35348e+21	
275	2.63942e+21	
276	3.11254e+21	
277	4.29645e+21	
278	7.5708e+21	
279	2.78225e+22	
280	6.63381e+23	
281	1.47916e+22	
282	4.9297e+21	
283	2.90438e+21	
284	2.31031e+21	
285	2.11606e+21	
286	2.06746e+21	
287	2.00201e+21	
288	1.8996e+21	
289	1.85701e+21	
290	1.84775e+21	
291	1.84096e+21	
292	1.75516e+21	
293	1.71723e+21	
294	1.78695e+21	
295	1.83111e+21	
296	1.78176e+21	
297	1.78384e+21	
298	1.73128e+21	
299	1.66269e+21	
300	1.70578e+21	
301	1.60299e+21	
302	1.65088e+21	
303	1.68712e+21	
304	1.86361e+21	
305	2.6115e+21	
306	9.83642e+21	
307	3.38387e+22	
308	3.20711e+21	
309	2.00212e+21	
310	1.51611e+21	
311	1.36489e+21	
312	1.34927e+21	
313	1.32583e+21	
314	1.31389e+21	
315	1.26801e+21	
316	1.29918e+21	
317	1.30608e+21	
318	1.33397e+21	
319	1.41952e+21	
320	1.90397e+21	
321	4.6738e+21	
322	1.44638e+23	
323	9.4313e+21	
324	2.54617e+21	
325	1.66883e+21	
326	1.25673e+21	
327	1.20818e+21	
328	1.10812e+21	
329	1.04324e+21	
330	1.09533e+21	
331	1.4899e+21	
332	2.7381e+21	
333	1.10326e+22	
334	8.76143e+23	
335	7.40988e+21	
336	2.71833e+21	
337	1.54001e+21	
338	1.15999e+21	
339	9.80792e+20	
340	9.09734e+20	
341	8.46399e+20	
342	8.44251e+20	
343	8.70164e+20	
344	9.56261e+20	
345	1.06684e+21	
346	1.26294e+21	
347	1.4798e+21	
348	1.41052e+21	
349	1.20066e+21	
350	9.51701e+20	
351	8.57266e+20	
352	7.66352e+20	
353	7.13914e+20	
354	7.35422e+20	
355	7.96897e+20	
356	1.04259e+21	
357	1.88372e+21	
358	1.01933e+22	
359	3.12153e+22	
360	2.52176e+21	
361	1.11978e+21	
362	8.5936e+20	
363	7.6389e+20	
364	6.98513e+20	
365	7.03924e+20	
366	7.07712e+20	
367	7.66202e+20	
368	9.51548e+20	
369	1.40454e+21	
370	1.97226e+21	
371	2.30949e+21	
372	2.20226e+21	
373	1.94947e+21	
374	1.77837e+21	
375	1.59136e+21	
376	1.9772e+21	
377	2.51492e+21	
378	3.08054e+21	
379	4.10748e+21	
380	6.9672e+21	
381	1.28584e+22	
382	1.9968e+22	
383	2.70137e+22	
384	2.8816e+22	
385	1.81822e+22	
386	7.55236e+21	
387	2.2507e+21	
388	5.05694e+20	
389	1.10968e+21	
390	5.31843e+21	
391	1.87625e+22	
392	1.10912e+23	
393	8.83041e+25	
394	9.56244e+22	
395	1.95198e+22	
396	7.36311e+21	
397	2.83825e+21	
398	1.03038e+21	
399	5.60116e+20	
400	8.58894e+20	
401	2.5415e+21	
402	1.51487e+22	
403	2.02411e+23	
404	6.30988e+21	
405	1.92484e+21	
406	9.97984e+20	
407	6.77382e+20	
408	5.31831e+20	
409	4.44025e+20	
410	3.76809e+20	
411	3.58746e+20	
412	3.59169e+20	
413	3.75991e+20	
414	4.41356e+20	
415	7.19931e+20	
416	2.61928e+21	
417	1.00066e+23	
418	1.63408e+21	
419	6.23812e+20	
420	4.0564e+20	
421	3.62049e+20	
422	4.57784e+20	
423	6.90442e+20	
424	2.05375e+21	
425	1.2435e+24	
426	1.94941e+21	
427	6.25689e+20	
428	4.19397e+20	
429	3.55755e+20	
430	3.29906e+20	
431	3.22196e+20	
432	3.21165e+20	
433	2.96533e+20	
434	2.84585e+20	
435	2.78323e+20	
436	2.75227e+20	
437	2.72198e+20	
438	2.82394e+20	
439	3.35544e+20	
440	3.78155e+20	
441	4.62844e+20	
442	6.62768e+20	
443	7.13864e+20	
444	7.58626e+20	
445	5.8936e+20	
446	4.10639e+20	
447	2.37838e+20	
448	2.07374e+20	
449	2.96932e+20	
450	6.35352e+20	
451	2.41124e+21	
452	4.17046e+22	
453	8.62891e+21	
454	1.173e+21	
455	4.83144e+20	
456	3.22952e+20	
457	2.56196e+20	
458	2.5311e+20	
459	2.61982e+20	
460	2.83873e+20	
461	3.40485e+20	
462	3.92768e+20	
463	4.73808e+20	
464	3.97197e+20	
465	3.00642e+20	
466	2.40864e+20	
467	2.03162e+20	
468	1.77556e+20	
469	1.76666e+20	
470	1.8944e+20	
471	2.03344e+20	
472	2.20651e+20	
473	2.53647e+20	
474	3.3511e+20	
475	5.47534e+20	
476	2.73234e+21	
477	1.64552e+22	
478	8.17928e+20	
479	3.21545e+20	
480	2.41015e+20	
481	2.00922e+20	
482	1.7706e+20	
483	1.74939e+20	
484	1.7945e+20	
485	1.74369e+20	
486	1.71118e+20	
487	1.71803e+20	
488	1.66339e+20	
489	1.67978e+20	
490	1.78043e+20	
491	1.75061e+20	
492	1.73809e+20	
493	1.81855e+20	
494	1.96427e+20	
495	2.70851e+20	
496	4.37348e+20	
497	8.49985e+20	
498	2.86741e+21	
499	1.60267e+22	
500	5.34248e+24	
501	1.26718e+22	
502	2.72532e+21	
503	1.12086e+21	
504	6.61249e+20	
505	4.03843e+20	
506	3.70512e+20	
507	3.64045e+20	
508	3.22925e+20	
509	3.05513e+20	
510	3.67868e+20	
511	4.74953e+20	
512	8.82013e+20	
513	1.80386e+21	
514	4.70451e+21	
515	1.71708e+22	
516	9.20269e+22	
517	2.2239e+24	
518	5.96893e+23	
519	8.12792e+23	
520	4.04359e+23	
521	6.68444e+22	
522	1.68559e+22	
523	4.77018e+21	
524	1.54619e+21	
525	7.02479e+20	
526	3.55496e+20	
527	2.09041e+20	
528	1.52781e+20	
529	1.26049e+20	
530	1.1893e+20	
531	1.17043e+20	
532	1.14376e+20	
533	1.26385e+20	
534	1.49667e+20	
535	1.80762e+20	
536	2.09465e+20	
537	1.83721e+20	
538	1.31437e+20	
539	1.23351e+20	
540	1.16418e+20	
541	1.27027e+20	
542	1.1754e+20	
543	1.13358e+20	
544	1.06881e+20	
545	1.0783e+20	
546	1.21555e+20	
547	1.35502e+20	
548	1.63261e+20	
549	4.29063e+20	
550	8.27071e+23	
551	4.85101e+20	
552	2.12035e+20	
553	1.68014e+20	
554	1.49606e+20	
555	1.38338e+20	
556	1.44054e+20	
557	1.4274e+20	
558	1.26998e+20	
559	1.36309e+20	
560	1.2992e+20	
561	1.34677e+20	
562	1.55483e+20	
563	2.64024e+20	
564	1.68558e+21	
565	1.85516e+21	
566	2.26403e+20	
567	1.14575e+20	
568	9.61224e+19	
569	9.50329e+19	
570	9.00478e+19	
571	9.13998e+19	
572	9.09065e+19	
573	9.02443e+19	
574	9.26018e+19	
575	1.07405e+20	
576	1.8759e+20	
577	6.38913e+20	
578	7.23214e+22	
579	4.85555e+20	
580	1.3995e+20	
581	9.92063e+19	
582	8.76986e+19	
583	9.85212e+19	
584	1.16608e+20	
585	1.83559e+20	
586	4.57967e+20	
587	2.73302e+21	
588	2.20302e+22	
589	9.74903e+20	
590	4.45786e+20	
591	3.1836e+20	
592	1.75517e+20	
593	1.15955e+20	
594	8.85918e+19	
595	8.75646e+19	
596	8.45273e+19	
597	1.12877e+20	
598	1.46909e+20	
599	1.68581e+20	
600	1.15255e+20	
601	9.36772e+19	
602	7.71815e+19	
603	6.98988e+19	
604	8.26663e+19	
605	8.29129e+19	
606	7.85168e+19	
607	6.63394e+19	
608	6.13136e+19	
609	5.62661e+19	
610	6.13481e+19	
611	8.51241e+19	
612	2.78201e+20	
613	3.66493e+24	
614	2.66441e+20	
615	8.0635e+19	
616	5.53971e+19	
617	4.52575e+19	
618	4.46607e+19	
619	4.60019e+19	
620	4.34355e+19	
621	3.98695e+19	
622	3.71056e+19	
623	4.00353e+19	
624	3.82072e+19	
625	3.81032e+19	
626	3.93697e+19	
627	3.84898e+19	
628	4.25943e+19	
629	5.90233e+19	
630	7.59635e+19	
631	1.01874e+20	
632	1.29222e+20	
633	2.83883e+20	
634	2.49323e+21	
635	3.13909e+21	
636	3.68844e+20	
637	1.20451e+20	
638	6.9155e+19	
639	4.6252e+19	
640	4.54535e+19	
641	4.16555e+19	
642	4.34708e+19	
643	4.19045e+19	
644	4.32286e+19	
645	4.6224e+19	
646	4.97379e+19	
647	4.28529e+19	
648	4.9662e+19	
649	6.29267e+19	
650	9.11447e+19	
651	1.43393e+20	
652	2.40993e+20	
653	2.49026e+20	
654	1.21874e+20	
655	5.87772e+19	
656	3.68964e+19	
657	5.9809e+19	
658	1.65489e+20	
659	5.64207e+20	
660	2.60106e+22	
661	9.43194e+20	
662	2.06009e+20	
663	9.545e+19	
664	5.667e+19	
665	4.12076e+19	
666	3.41049e+19	
667	3.4242e+19	
668	3.32612e+19	
669	3.42171e+19	
670	3.54923e+19	
671	3.69118e+19	
672	3.83775e+19	
673	4.49213e+19	
674	5.31636e+19	
675	1.10353e+20	
676	9.74485e+20	
677	1.10318e+21	
678	1.42343e+20	
679	7.09675e+19	
680	5.16057e+19	
681	4.2703e+19	
682	4.04826e+19	
683	4.47264e+19	
684	6.67282e+19	
685	1.4408e+20	
686	1.20733e+21	
687	1.12056e+21	
688	1.44681e+20	
689	7.04393e+19	
690	6.45611e+19	
691	5.90733e+19	
692	5.44587e+19	
693	4.94697e+19	
694	5.03095e+19	
695	5.46585e+19	
696	7.16872e+19	
697	1.27028e+20	
698	4.76991e+20	
699	3.6747e+23	
700	4.11457e+20	
701	1.13283e+20	
702	5.64833e+19	
703	4.46602e+19	
704	4.73965e+19	
705	4.55087e+19	
706	4.18315e+19	
707	3.70816e+19	
708	3.5389e+19	
709	3.7337e+19	
710	3.60439e+19	
711	3.63531e+19	
712	3.7741e+19	
713	4.02142e+19	
714	4.08195e+19	
715	4.00061e+19	
716	4.00441e+19	
717	4.53362e+19	
718	4.42815e+19	
719	4.6122e+19	
720	4.44112e+19	
721	4.85496e+19	
722	5.02658e+19	
723	5.08929e+19	
724	5.089e+19	
725	4.83369e+19	
726	4.63665e+19	
727	5.16142e+19	
728	7.10663e+19	
729	8.54238e+19	
730	1.07951e+20	
731	2.05043e+20	
732	6.42579e+20	
733	1.56939e+23	
734	4.61474e+20	
735	1.31218e+20	
736	9.2616e+19	
737	8.68143e+19	
738	8.95391e+19	
739	8.43616e+19	
740	8.41145e+19	
741	8.29197e+19	
742	9.83724e+19	
743	1.36745e+20	
744	2.89698e+20	
745	1.12568e+21	
746	1.09709e+23	
747	6.88497e+20	
748	1.8589e+20	
749	9.94065e+19	
750	7.6692e+19	
751	5.94577e+19	
752	4.62137e+19	
753	5.5943e+19	
754	8.85112e+19	
755	1.67679e+20	
756	3.45399e+20	
757	1.0512e+21	
758	4.82121e+21	
759	3.48876e+22	
760	1.96139e+21	
761	7.21868e+20	
762	4.02113e+20	
763	2.76318e+20	
764	2.11543e+20	
765	1.79029e+20	
766	1.39514e+20	
767	1.00496e+20	
768	6.54805e+19	
769	4.92484e+19	
770	4.01803e+19	
771	3.62462e+19	
772	3.65883e+19	
773	3.53817e+19	
774	3.03047e+19	
775	2.76176e+19	
776	2.61462e+19	
777	2.81374e+19	
778	3.17072e+19	
779	3.52152e+19	
780	3.6012e+19	
781	4.09326e+19	
782	5.24299e+19	
783	1.25723e+20	
784	1.8814e+21	
785	2.96374e+20	
786	6.47089e+19	
787	3.31746e+19	
788	2.88505e+19	
789	3.36541e+19	
790	3.5034e+19	
791	3.36866e+19	
792	2.85879e+19	
793	2.82886e+19	
794	2.95846e+19	
795	3.34012e+19	
796	2.98953e+19	
797	2.67511e+19	
798	2.52221e+19	
799	2.64561e+19	
800	3.37782e+19	
801	3.81345e+19	
802	4.09894e+19	
803	4.15759e+19	
804	5.41352e+19	
805	2.05707e+20	
806	4.03078e+22	
807	1.53172e+20	
808	4.40453e+19	
809	3.0208e+19	
810	2.79019e+19	
811	2.19727e+19	
812	1.94588e+19	
813	1.72075e+19	
814	1.60786e+19	
815	1.60816e+19	
816	1.81333e+19	
817	2.12981e+19	
818	2.24597e+19	
819	2.10836e+19	
820	2.24244e+19	
821	2.50474e+19	
822	4.6492e+19	
823	8.71235e+19	
824	2.68258e+20	
825	3.11347e+23	
826	2.01833e+20	
827	6.48991e+19	
828	4.00156e+19	
829	3.39324e+19	
830	2.60548e+19	
831	1.85358e+19	
832	1.77155e+19	
833	2.23793e+19	
834	2.94853e+19	
835	2.58171e+19	
836	2.56626e+19	
837	2.16593e+19	
838	1.77002e+19	
839	1.79741e+19	
840	1.62319e+19	
841	1.43873e+19	
842	1.38763e+19	
843	1.54357e+19	
844	1.90721e+19	
845	2.19616e+19	
846	2.87496e+19	
847	2.65821e+19	
848	2.36995e+19	
849	2.01362e+19	
850	1.61031e+19	
851	1.473e+19	
852	1.28626e+19	
853	1.20601e+19	
854	1.18119e+19	
855	1.01769e+19	
856	1.18051e+19	
857	1.0915e+19	
858	1.08997e+19	
859	1.04134e+19	
860	1.06081e+19	
861	1.07979e+19	
862	1.04884e+19	
863	1.03933e+19	
864	1.07849e+19	
865	1.19349e+19	
866	2.97577e+19	
867	5.87601e+20	
868	8.25462e+19	
869	2.33265e+19	
870	1.36105e+19	
871	1.06727e+19	
872	9.39653e+18	
873	8.25516e+18	
874	7.78234e+18	
875	6.8954e+18	
876	7.9784e+18	
877	8.36037e+18	
878	8.99734e+18	
879	8.57885e+18	
880	9.00103e+18	
881	1.00565e+19	
882	1.27606e+19	
883	4.45271e+19	
884	2.53136e+21	
885	6.9469e+19	
886	2.40266e+19	
887	1.60807e+19	
888	1.10831e+19	
889	9.35305e+18	
890	1.09363e+19	
891	1.41115e+19	
892	3.11978e+19	
893	1.48996e+21	
894	6.87967e+19	
895	1.71031e+19	
896	9.26501e+18	
897	8.20104e+18	
898	8.04604e+18	
899	8.22357e+18	
900	8.39958e+18	
901	8.58979e+18	
902	9.41935e+18	
903	1.25741e+19	
904	3.02549e+19	
905	4.55453e+20	
906	1.10614e+20	
907	2.64106e+19	
908	1.70347e+19	
909	1.34026e+19	
910	1.22554e+19	
911	1.00679e+19	
912	1.18929e+19	
913	2.61273e+19	
914	3.75791e+20	
915	1.44746e+20	
916	3.07011e+19	
917	1.62277e+19	
918	1.17329e+19	
919	1.00561e+19	
920	9.25954e+18	
921	9.52178e+18	
922	9.46633e+18	
923	9.71107e+18	
924	9.57859e+18	
925	9.762e+18	
926	9.80401e+18	
927	1.16539e+19	
928	1.27611e+19	
929	1.24657e+19	
930	2.03965e+19	
931	3.01739e+19	
932	2.01003e+20	
933	1.39314e+20	
934	2.07879e+19	
935	9.63245e+18	
936	8.84275e+18	
937	1.03888e+19	
938	1.292e+19	
939	1.45484e+19	
940	2.20549e+19	
941	1.13117e+20	
942	1.92849e+20	
943	2.58874e+19	
944	1.5093e+19	
945	1.09779e+19	
946	9.12886e+18	
947	8.56071e+18	
948	8.2686e+18	
949	7.36823e+18	
950	6.6431e+18	
951	8.70454e+18	
952	1.0036e+19	
953	1.21658e+19	
954	9.92043e+18	
955	8.04948e+18	
956	6.78318e+18	
957	6.26866e+18	
958	5.26356e+18	
959	4.84177e+18	
960	5.20938e+18	
961	5.30031e+18	
962	5.42363e+18	
963	5.59394e+18	
964	5.80514e+18	
965	6.07775e+18	
966	6.12515e+18	
967	5.74574e+18	
968	5.82016e+18	
969	5.82154e+18	
970	5.65569e+18	
971	5.57179e+18	
972	6.74758e+18	
973	7.34686e+18	
974	9.04419e+18	
975	1.32537e+19	
976	5.40899e+19	
977	9.81001e+19	
978	9.91203e+18	
979	6.01455e+18	
980	5.35998e+18	
981	4.89651e+18	
982	4.62376e+18	
983	4.37543e+18	
984	4.20106e+18	
985	4.02048e+18	
986	4.41391e+18	
987	6.69031e+18	
988	7.25885e+18	
989	7.29946e+18	
990	7.32934e+18	
991	1.29266e+19	
992	2.33189e+19	
993	2.74245e+19	
994	1.96209e+19	
995	1.28325e+19	
996	8.73986e+18	
997	5.95086e+18	
998	6.12155e+18	
999	1.9884e+19	
1000	1.05528e+20	
1001	3.50754e+21	
1002	4.53596e+19	
1003	1.38432e+19	
1004	1.21672e+19	
1005	1.21934e+19	
1006	7.0635e+18	
1007	6.14364e+18	
1008	5.4555e+18	
1009	5.83796e+18	
1010	6.98885e+18	
1011	1.08838e+19	
1012	3.14784e+19	
1013	1.3645e+21	
1014	8.66433e+19	
1015	2.10172e+19	
1016	9.21239e+18	
1017	4.59995e+18	
1018	4.27005e+18	
1019	5.19419e+18	
1020	6.20956e+18	
1021	5.38757e+18	
1022	4.95392e+18	
1023	4.60617e+18	
1024	6.39583e+18	
1025	1.0356e+19	
1026	8.56748e+18	
1027	8.76656e+18	
1028	8.77337e+18	
1029	8.97413e+18	
1030	6.93106e+18	
1031	7.68689e+18	
1032	7.54988e+18	
1033	7.46394e+18	
1034	1.04214e+19	
1035	2.00458e+19	
1036	2.17517e+19	
1037	4.54348e+19	
1038	6.16556e+20	
1039	1.159e+20	
1040	1.90959e+19	
1041	1.40448e+19	
1042	1.07967e+19	
1043	9.23312e+18	
1044	6.21254e+18	
1045	4.10037e+18	
1046	4.12562e+18	
1047	4.61847e+18	
1048	5.76371e+18	
1049	7.28612e+18	
1050	6.98886e+18	
1051	1.04874e+19	
1052	2.92167e+19	
1053	4.27589e+20	
1054	1.31871e+20	
1055	3.90072e+19	
1056	1.64994e+19	
1057	5.01496e+18	
1058	3.16049e+18	
1059	2.63045e+18	
1060	2.56714e+18	
1061	2.76661e+18	
1062	2.73906e+18	
1063	2.47106e+18	
1064	2.67599e+18	
1065	3.18262e+18	
1066	3.79619e+18	
1067	3.76716e+18	
1068	5.46562e+18	
1069	1.14541e+19	
1070	4.74582e+19	
1071	1.95967e+21	
1072	3.03595e+19	
1073	1.59439e+19	
1074	9.11545e+18	
1075	7.06012e+18	
1076	6.36331e+18	
1077	5.14368e+18	
1078	5.7644e+18	
1079	5.18506e+18	
1080	4.41744e+18	
1081	4.19838e+18	
1082	3.89405e+18	
1083	3.6992e+18	
1084	3.11953e+18	
1085	2.86576e+18	
1086	2.97448e+18	
1087	3.34734e+18	
1088	3.22579e+18	
1089	3.47034e+18	
1090	3.24109e+18	
1091	3.45441e+18	
1092	3.405e+18	
1093	3.66384e+18	
1094	3.78294e+18	
1095	4.12339e+18	
1096	4.54518e+18	
1097	5.46123e+18	
1098	5.97271e+18	
1099	5.87166e+18	
1100	7.49266e+18	
1101	1.35777e+19	
1102	2.74395e+19	
1103	4.92242e+20	
1104	7.0469e+19	
1105	1.29178e+19	
1106	6.65878e+18	
1107	5.22899e+18	
1108	5.13897e+18	
1109	5.4009e+18	
1110	5.60057e+18	
1111	5.16301e+18	
1112	4.48402e+18	
1113	4.9034e+18	
1114	4.55876e+18	
1115	5.08742e+18	
1116	5.29771e+18	
1117	5.37407e+18	
1118	5.98872e+18	
1119	5.37256e+18	
1120	5.69369e+18	
1121	6.58559e+18	
1122	8.51497e+18	
1123	9.3259e+18	
1124	1.8624e+19	
1125	1.21811e+20	
1126	1.49661e+21	
1127	4.99291e+19	
1128	1.97731e+19	
1129	1.23593e+19	
1130	1.05205e+19	
1131	7.35306e+18	
1132	5.25798e+18	
1133	4.69316e+18	
1134	4.38103e+18	
1135	3.84572e+18	
1136	3.62939e+18	
1137	4.98504e+18	
1138	8.39048e+18	
1139	1.14588e+19	
1140	1.47608e+19	
1141	1.05745e+19	
1142	4.61374e+18	
1143	3.11148e+18	
1144	7.21927e+18	
1145	3.38218e+19	
1146	2.84329e+20	
1147	3.85305e+20	
1148	3.89363e+19	
1149	1.2914e+19	
1150	7.23996e+18	
1151	5.9185e+18	
1152	5.98227e+18	
1153	6.14475e+18	
1154	5.97216e+18	
1155	6.14075e+18	
1156	8.925e+18	
1157	1.34883e+19	
1158	2.13353e+19	
1159	4.81857e+19	
1160	2.21419e+20	
1161	1.51271e+21	
1162	1.7905e+21	
1163	1.66673e+21	
1164	4.51554e+21	
1165	1.98654e+20	
1166	3.68457e+19	
1167	1.52816e+19	
1168	1.19755e+19	
1169	7.25473e+18	
1170	4.43728e+18	
1171	5.63532e+18	
1172	4.19858e+18	
1173	2.92523e+18	
1174	2.58619e+18	
1175	2.72019e+18	
1176	2.66014e+18	
1177	2.35973e+18	
1178	2.55315e+18	
1179	2.84742e+18	
1180	2.84863e+18	
1181	2.67516e+18	
1182	2.57621e+18	
1183	2.9309e+18	
1184	4.11887e+18	
1185	6.92002e+18	
1186	4.74437e+19	
1187	3.847e+19	
1188	6.60824e+18	
1189	2.77228e+18	
1190	1.92459e+18	
1191	1.85106e+18	
1192	1.79294e+18	
1193	1.52604e+18	
1194	1.63586e+18	
1195	2.05769e+18	
1196	5.48389e+18	
1197	2.6757e+19	
1198	2.56304e+20	
1199	9.23462e+18	
1200	3.80371e+18	
1201	3.28061e+18	
1202	3.45313e+18	
1203	2.90201e+18	
1204	2.41036e+18	
1205	2.2375e+18	
1206	2.8696e+18	
1207	2.52144e+18	
1208	3.16092e+18	
1209	5.5414e+18	
1210	2.34369e+19	
1211	1.48846e+21	
1212	4.50917e+19	
1213	1.37607e+19	
1214	6.73439e+18	
1215	4.37985e+18	
1216	4.33815e+18	
1217	3.69419e+18	
1218	2.976e+18	
1219	2.78582e+18	
1220	2.83291e+18	
1221	2.89251e+18	
1222	6.94705e+18	
1223	2.43053e+19	
1224	7.22426e+19	
1225	2.2701e+22	
1226	7.8347e+19	
1227	2.6665e+19	
1228	1.71331e+19	
1229	6.5063e+18	
1230	5.44977e+18	
1231	4.37534e+18	
1232	4.71164e+18	
1233	5.66167e+18	
1234	7.06163e+18	
1235	7.61511e+18	
1236	4.5714e+18	
1237	3.0199e+18	
1238	2.97716e+18	
1239	2.87064e+18	
1240	2.04354e+18	
1241	1.93558e+18	
1242	2.1667e+18	
1243	2.00713e+18	
1244	2.03999e+18	
1245	2.63991e+18	
1246	2.19316e+18	
1247	3.67542e+18	
1248	2.57103e+19	
1249	2.27966e+19	
1250	4.074e+18	
1251	2.1907e+18	
1252	2.16775e+18	
1253	1.86897e+18	
1254	1.73797e+18	
1255	1.82723e+18	
1256	2.1327e+18	
1257	1.99278e+18	
1258	2.56591e+18	
1259	5.3633e+18	
1260	3.53483e+19	
1261	5.62628e+19	
1262	7.9238e+18	
1263	2.97406e+18	
1264	1.90244e+18	
1265	1.40672e+18	
1266	1.31844e+18	
1267	1.30406e+18	
1268	1.33815e+18	
1269	1.50394e+18	
1270	1.38676e+18	
1271	1.3057e+18	
1272	1.43129e+18	
1273	1.20224e+18	
1274	1.20375e+18	
1275	1.26865e+18	
1276	1.55137e+18	
1277	1.83442e+18	
1278	2.71965e+18	
1279	3.21616e+18	
1280	4.13418e+18	
1281	6.20813e+18	
1282	1.18112e+19	
1283	2.22598e+19	
1284	2.12497e+20	
1285	1.26193e+20	
1286	1.81674e+19	
1287	4.34799e+18	
1288	3.0263e+18	
1289	3.59542e+18	
1290	3.12269e+18	
1291	2.70143e+18	
1292	3.45441e+18	
1293	3.80933e+18	
1294	3.62938e+18	
1295	4.84148e+18	
1296	5.94198e+18	
1297	4.45711e+18	
1298	3.68866e+18	
1299	3.8026e+18	
1300	2.50948e+18	
1301	2.4227e+18	
1302	2.57868e+18	
1303	3.94737e+18	
1304	3.6073e+18	
1305	3.36338e+18	
1306	4.10363e+18	
1307	3.20385e+18	
1308	4.04371e+18	
1309	9.09058e+18	
1310	1.98952e+19	
1311	6.83029e+19	
1312	1.03768e+21	
1313	2.15885e+19	
1314	6.29339e+18	
1315	3.92461e+18	
1316	3.22249e+18	
1317	2.87624e+18	
1318	2.38665e+18	
1319	2.5649e+18	
1320	2.28411e+18	
1321	2.20097e+18	
1322	1.83318e+18	
1323	1.78753e+18	
1324	1.81718e+18	
1325	1.7718e+18	
1326	1.70585e+18	
1327	1.65162e+18	
1328	1.71199e+18	
1329	1.85364e+18	
1330	2.21411e+18	
1331	2.08325e+18	
1332	2.27528e+18	
1333	2.6867e+18	
1334	2.13248e+18	
1335	2.45658e+18	
1336	2.69709e+18	
1337	2.08548e+18	
1338	2.24237e+18	
1339	2.74893e+18	
1340	1.96307e+18	
1341	2.52123e+18	
1342	3.25448e+18	
1343	3.91975e+18	
1344	3.47708e+18	
1345	5.94485e+18	
1346	1.58786e+19	
1347	5.21026e+20	
1348	3.44782e+19	
1349	6.91398e+18	
1350	3.63486e+18	
1351	2.08396e+18	
1352	2.11268e+18	
1353	1.86681e+18	
1354	1.23935e+18	
1355	1.50445e+18	
1356	1.42389e+18	
1357	1.42385e+18	
1358	1.40448e+18	
1359	1.46134e+18	
1360	1.64422e+18	
1361	1.85094e+18	
1362	1.57849e+18	
1363	1.40862e+18	
1364	1.56918e+18	
1365	1.53743e+18	
1366	1.80301e+18	
1367	1.69187e+18	
1368	2.22141e+18	
1369	2.07334e+18	
1370	3.26856e+18	
1371	5.98583e+18	
1372	1.24212e+20	
1373	9.41808e+18	
1374	2.35987e+18	
1375	1.60663e+18	
1376	1.6064e+18	
1377	1.2881e+18	
1378	1.22009e+18	
1379	1.15703e+18	
1380	1.10142e+18	
1381	1.24843e+18	
1382	1.5788e+18	
1383	2.59524e+18	
1384	3.8343e+18	
1385	1.74801e+19	
1386	1.43907e+20	
1387	7.23152e+18	
1388	2.90087e+18	
1389	1.83622e+18	
1390	1.85278e+18	
1391	1.54011e+18	
1392	2.29996e+18	
1393	5.31554e+18	
1394	1.64375e+19	
1395	8.17795e+20	
1396	9.74648e+18	
1397	4.084e+18	
1398	4.23612e+18	
1399	2.6154e+18	
1400	1.49309e+18	
1401	1.43738e+18	
1402	1.90164e+18	
1403	1.55399e+18	
1404	4.35703e+18	
1405	1.04439e+20	
1406	1.2335e+19	
1407	3.20856e+18	
1408	2.08007e+18	
1409	1.49511e+18	
1410	1.41736e+18	
1411	1.08535e+18	
1412	1.09998e+18	
1413	1.11672e+18	
1414	1.86417e+18	
1415	4.44087e+18	
1416	2.65328e+19	
1417	1.36295e+20	
1418	8.27681e+18	
1419	4.51338e+18	
1420	2.53145e+18	
1421	2.19586e+18	
1422	1.64484e+18	
1423	1.28725e+18	
1424	1.47362e+18	
1425	1.52494e+18	
1426	2.3307e+18	
1427	7.61121e+18	
1428	3.23692e+19	
1429	4.67457e+20	
1430	1.54461e+19	
1431	6.07517e+18	
1432	2.46708e+18	
1433	1.76009e+18	
1434	1.46776e+18	
1435	1.46844e+18	
1436	1.34898e+18	
1437	1.16547e+18	
1438	1.36757e+18	
1439	1.63345e+18	
1440	1.40382e+18	
1441	1.74612e+18	
1442	1.90691e+18	
1443	1.63446e+18	
1444	2.29251e+18	
1445	2.34534e+18	
1446	2.83245e+18	
1447	2.42478e+18	
1448	1.87004e+18	
1449	1.60582e+18	
1450	1.33054e+18	
1451	9.28238e+17	
1452	1.14081e+18	
1453	1.06679e+18	
1454	9.76409e+17	
1455	9.86889e+17	
1456	1.28054e+18	
1457	1.34039e+18	
1458	2.29317e+18	
1459	4.13002e+19	
1460	9.19891e+18	
1461	2.56673e+18	
1462	1.66691e+18	
1463	1.07236e+18	
1464	1.02968e+18	
1465	9.42532e+17	
1466	9.59917e+17	
1467	1.12652e+18	
1468	1.11212e+18	
1469	1.25046e+18	
1470	1.95043e+18	
1471	1.87336e+18	
1472	1.3444e+18	
1473	1.84383e+18	
1474	2.09974e+18	
1475	1.73608e+18	
1476	1.91312e+18	
1477	1.6553e+18	
1478	1.31405e+18	
1479	1.12173e+18	
1480	1.08425e+18	
1481	1.0418e+18	
1482	9.18731e+17	
1483	8.32375e+17	
1484	7.64175e+17	
1485	8.20398e+17	
1486	8.89505e+17	
1487	1.19249e+18	
1488	1.24399e+18	
1489	1.30051e+18	
1490	1.44146e+18	
1491	1.24319e+18	
1492	1.09247e+18	
1493	9.94174e+17	
1494	1.00723e+18	
1495	1.11657e+18	
1496	1.51089e+18	
1497	1.14263e+18	
1498	1.29289e+18	
1499	1.19361e+18	
1500	1.4837e+18	
1501	2.12139e+18	
1502	1.37328e+19	
1503	3.42374e+19	
1504	3.73218e+18	
1505	2.08895e+18	
1506	1.5028e+18	
1507	1.3067e+18	
1508	1.10521e+18	
1509	1.13818e+18	
1510	8.51659e+17	
1511	9.78212e+17	
1512	9.22273e+17	
1513	1.41418e+18	
1514	1.6066e+18	
1515	3.72731e+18	
1516	3.74438e+20	
1517	1.01014e+19	
1518	3.63029e+18	
1519	1.97419e+18	
1520	1.34039e+18	
1521	1.45386e+18	
1522	1.80753e+18	
1523	4.64593e+18	
1524	8.18141e+19	
1525	8.38777e+18	
1526	2.08868e+18	
1527	1.89164e+18	
1528	1.97365e+18	
1529	1.44168e+18	
1530	1.52135e+18	
1531	1.56114e+18	
1532	1.4799e+18	
1533	1.54084e+18	
1534	1.69096e+18	
1535	1.80317e+18	
1536	2.51137e+18	
1537	3.35913e+18	
1538	3.75322e+18	
1539	2.55186e+18	
1540	2.17574e+18	
1541	1.71182e+18	
1542	1.97497e+18	
1543	1.75944e+18	
1544	1.70323e+18	
1545	1.72523e+18	
1546	2.91287e+18	
1547	7.55121e+18	
1548	1.17574e+19	
1549	1.91484e+20	
1550	8.67832e+19	
1551	1.80012e+19	
1552	1.78321e+19	
1553	8.09894e+18	
1554	4.02713e+18	
1555	5.63705e+18	
1556	7.45218e+18	
1557	7.674e+18	
1558	2.23578e+19	
1559	1.11229e+21	
1560	4.52766e+19	
1561	1.50638e+19	
1562	5.38072e+18	
1563	2.52569e+18	
1564	1.99348e+18	
1565	1.91685e+18	
1566	1.72319e+18	
1567	1.75562e+18	
1568	1.49889e+18	
1569	1.44717e+18	
1570	1.2403e+18	
1571	1.0348e+18	
1572	1.08487e+18	
1573	1.13969e+18	
1574	1.49538e+18	
1575	1.45315e+18	
1576	1.53475e+18	
1577	2.06147e+18	
1578	3.9634e+18	
1579	1.56842e+20	
1580	3.12128e+18	
1581	2.44478e+18	
1582	2.08567e+18	
1583	1.98174e+18	
1584	2.09593e+18	
1585	1.92884e+18	
1586	1.96454e+18	
1587	2.24835e+18	
1588	1.95313e+18	
1589	2.74757e+18	
1590	2.28605e+18	
1591	2.07657e+18	
1592	1.93641e+18	
1593	1.95498e+18	
1594	1.83426e+18	
1595	1.73183e+18	
1596	1.72858e+18	
1597	1.86477e+18	
1598	1.79636e+18	
1599	1.91445e+18	
1600	2.79648e+18	
1601	7.9742e+18	
1602	1.14406e+20	
1603	4.46115e+19	
1604	6.72458e+18	
1605	4.55282e+18	
1606	2.69708e+18	
1607	2.05555e+18	
1608	1.65246e+18	
1609	1.63842e+18	
1610	1.65915e+18	
1611	2.23405e+18	
1612	1.78591e+18	
1613	2.19627e+18	
1614	1.8831e+18	
1615	1.47965e+18	
1616	2.85097e+18	
1617	4.70711e+18	
1618	7.51777e+18	
1619	4.94279e+19	
1620	7.55738e+22	
1621	5.71021e+19	
1622	1.49738e+19	
1623	8.56468e+18	
1624	4.03266e+18	
1625	2.38381e+18	
1626	3.07938e+18	
1627	4.95611e+18	
1628	9.81267e+18	
1629	9.95718e+18	
1630	5.83351e+18	
1631	1.72994e+18	
1632	2.59916e+18	
1633	2.0763e+19	
1634	6.60634e+20	
1635	5.0136e+19	
1636	7.73715e+18	
1637	5.44817e+18	
1638	3.46638e+18	
1639	1.95737e+18	
1640	3.25308e+18	
1641	8.9058e+18	
1642	5.22548e+18	
1643	7.71788e+18	
1644	7.18114e+18	
1645	5.50614e+18	
1646	5.26182e+18	
1647	3.04851e+18	
1648	2.30001e+18	
1649	2.6492e+18	
1650	1.86593e+18	
1651	1.35233e+18	
1652	1.05803e+18	
1653	7.60013e+17	
1654	7.54605e+17	
1655	7.96361e+17	
1656	2.69486e+18	
1657	7.11761e+18	
1658	7.33025e+20	
1659	1.07382e+19	
1660	3.07775e+18	
1661	2.10286e+18	
1662	1.73914e+18	
1663	1.42543e+18	
1664	1.2698e+18	
1665	1.62031e+18	
1666	1.33447e+18	
1667	1.03156e+18	
1668	9.5851e+17	
1669	9.29224e+17	
1670	1.0287e+18	
1671	2.46995e+18	
1672	1.57978e+19	
1673	6.23785e+18	
1674	1.63456e+18	
1675	1.47071e+18	
1676	1.21296e+18	
1677	1.50334e+18	
1678	1.72147e+18	
1679	1.51633e+18	
1680	1.96959e+18	
1681	1.92559e+18	
1682	1.56967e+18	
1683	1.97892e+18	
1684	1.44108e+19	
1685	1.87354e+19	
1686	3.10742e+18	
1687	2.01542e+18	
1688	1.78171e+18	
1689	1.43097e+18	
1690	1.33075e+18	
1691	1.1176e+18	
1692	8.16214e+17	
1693	8.05202e+17	
1694	8.27576e+17	
1695	8.42884e+17	
1696	5.97402e+17	
1697	5.76138e+17	
1698	5.59821e+17	
1699	5.55094e+17	
1700	7.16365e+17	
1701	6.36654e+17	
1702	6.09452e+17	
1703	4.90347e+17	
1704	5.26339e+17	
1705	6.5689e+17	
1706	5.52633e+17	
1707	8.83314e+17	
1708	9.81992e+17	
1709	1.82306e+18	
1710	1.68624e+19	
1711	1.87362e+19	
1712	2.67519e+18	
1713	1.61926e+18	
1714	1.05255e+18	
1715	1.12015e+18	
1716	1.3526e+18	
1717	1.38619e+18	
1718	1.13864e+18	
1719	1.2848e+18	
1720	1.24078e+18	
1721	1.30362e+18	
1722	1.29379e+18	
1723	1.29097e+18	
1724	1.15696e+18	
1725	1.00564e+18	
1726	8.60688e+17	
1727	1.07653e+18	
1728	1.04899e+18	
1729	1.18026e+18	
1730	1.02624e+18	
1731	1.16485e+18	
1732	1.57552e+18	
1733	1.89381e+18	
1734	2.93519e+18	
1735	9.06879e+18	
1736	9.75467e+19	
1737	1.66115e+20	
1738	1.0927e+19	
1739	3.0631e+18	
1740	3.54726e+18	
1741	2.49912e+18	
1742	3.16624e+18	
1743	2.48008e+18	
1744	3.01936e+18	
1745	2.53318e+18	
1746	1.78571e+18	
1747	1.46476e+18	
1748	2.05113e+18	
1749	1.11365e+18	
1750	1.24361e+18	
1751	7.8478e+17	
1752	7.17102e+17	
1753	7.69294e+17	
1754	7.18921e+17	
1755	6.39376e+17	
1756	6.33531e+17	
1757	5.70325e+17	
1758	6.11223e+17	
1759	5.39594e+17	
1760	6.4133e+17	
1761	5.24322e+17	
1762	5.26212e+17	
1763	5.47756e+17	
1764	8.16042e+17	
1765	1.86064e+18	
1766	2.13459e+19	
1767	1.0488e+18	
1768	7.90069e+17	
1769	8.32161e+17	
1770	8.79187e+17	
1771	6.99373e+17	
1772	8.10552e+17	
1773	6.20014e+17	
1774	6.64933e+17	
1775	6.66944e+17	
1776	6.44897e+17	
1777	6.72447e+17	
1778	5.0654e+17	
1779	6.08569e+17	
1780	6.11e+17	
1781	5.77138e+17	
1782	4.49497e+17	
1783	5.37743e+17	
1784	1.42142e+18	
1785	2.12835e+19	
1786	4.31699e+18	
1787	8.48502e+17	
1788	5.12668e+17	
1789	2.71833e+17	
1790	3.18755e+17	
1791	3.6291e+17	
1792	4.12207e+17	
1793	4.02069e+17	
1794	4.34904e+17	
1795	4.84128e+17	
1796	8.54441e+17	
1797	7.52036e+17	
1798	6.22414e+17	
1799	6.75541e+17	
1800	4.56523e+17	
1801	4.90085e+17	
1802	3.87616e+17	
1803	2.95231e+17	
1804	2.98373e+17	
1805	3.18439e+17	
1806	6.72401e+17	
1807	1.20334e+19	
1808	5.69038e+18	
1809	9.54457e+17	
1810	3.85554e+17	
1811	3.42658e+17	
1812	2.97603e+17	
1813	2.04673e+17	
1814	2.67613e+17	
1815	1.8727e+17	
1816	1.8147e+17	
1817	2.13692e+17	
1818	2.23868e+17	
1819	2.41036e+17	
1820	4.07568e+17	
1821	4.88722e+17	
1822	1.33991e+18	
1823	1.14504e+19	
1824	1.23203e+19	
1825	1.19444e+18	
1826	4.74931e+17	
1827	2.04012e+17	
1828	2.38897e+17	
1829	1.5166e+17	
1830	1.68491e+17	
1831	8.20195e+16	
1832	8.99659e+16	
1833	8.3199e+16	
1834	7.56292e+16	
1835	9.95342e+16	
1836	1.26491e+17	
1837	1.51168e+17	
1838	1.33757e+17	
1839	1.20153e+17	
1840	3.1429e+17	
1841	6.18755e+17	
1842	4.58047e+18	
1843	3.66336e+18	
1844	5.73284e+17	
1845	3.72737e+17	
1846	3.04965e+17	
1847	2.15943e+17	
1848	2.57438e+17	
1849	2.30713e+17	
1850	6.67647e+17	
1851	1.00752e+18	
1852	2.55452e+18	
1853	3.1592e+19	
1854	3.35286e+19	
1855	5.99723e+18	
1856	9.92481e+17	
1857	8.96299e+17	
1858	5.82786e+17	
1859	6.34536e+17	
1860	7.69719e+17	
1861	1.23178e+18	
1862	4.50177e+17	
1863	3.93915e+17	
1864	2.19736e+17	
1865	1.95205e+17	
1866	1.4044e+17	
1867	1.46637e+17	
1868	2.02992e+17	
1869	4.96337e+17	
1870	1.30069e+18	
1871	3.41613e+19	
1872	3.97804e+18	
1873	1.44087e+18	
1874	7.39674e+17	
1875	2.44376e+17	
1876	2.5527e+17	
1877	1.38577e+17	
1878	1.32495e+17	
1879	1.07378e+17	
1880	9.92505e+16	
1881	1.03773e+17	
1882	1.09994e+17	
1883	1.46597e+17	
1884	2.03528e+17	
1885	2.93737e+17	
1886	2.99094e+17	
1887	7.9151e+17	
1888	5.0631e+18	
1889	6.0298e+18	
1890	5.96675e+17	
1891	2.70085e+17	
1892	1.90904e+17	
1893	2.6622e+17	
1894	2.45325e+17	
1895	5.26362e+17	
1896	1.13566e+18	
1897	3.23092e+19	
1898	6.85281e+17	
1899	4.14547e+17	
1900	3.05718e+17	
1901	2.03477e+17	
1902	1.6727e+17	
1903	1.52923e+17	
1904	1.53831e+17	
1905	1.88633e+17	
1906	1.63301e+17	
1907	1.82718e+17	
1908	2.60278e+17	
1909	2.57536e+17	
1910	3.26573e+17	
1911	7.86652e+17	
1912	4.99889e+18	
1913	3.55069e+18	
1914	4.25706e+17	
1915	2.94971e+17	
1916	2.06771e+17	
1917	1.99084e+17	
1918	2.00983e+17	
1919	2.41436e+17	
1920	3.71672e+17	
1921	3.72748e+17	
1922	4.08363e+17	
1923	5.82075e+17	
1924	1.48705e+18	
1925	1.88053e+19	
1926	7.05302e+18	
1927	1.28933e+18	
1928	7.29719e+17	
1929	3.83487e+17	
1930	2.04975e+17	
1931	2.4988e+17	
1932	2.49661e+17	
1933	4.44183e+17	
1934	2.75376e+17	
1935	3.69956e+17	
1936	1.97887e+17	
1937	1.26141e+17	
1938	1.20814e+17	
1939	1.63515e+17	
1940	9.52918e+16	
1941	1.16437e+17	
1942	1.23436e+17	
1943	1.51935e+17	
1944	1.14556e+17	
1945	1.17717e+17	
1946	1.39542e+17	
1947	1.30116e+17	
1948	2.02316e+17	
1949	2.34896e+17	
1950	2.308e+17	
1951	2.16346e+17	
1952	2.13868e+17	
1953	3.1481e+17	
1954	3.10909e+17	
1955	4.21131e+17	
1956	3.97017e+17	
1957	3.67878e+17	
1958	4.12924e+17	
1959	4.54656e+17	
1960	2.40311e+17	
1961	1.53552e+17	
1962	1.29441e+17	
1963	1.90712e+17	
1964	1.35762e+17	
1965	1.65935e+17	
1966	1.76307e+17	
1967	2.35247e+17	
1968	2.35208e+17	
1969	3.21228e+17	
1970	3.54792e+17	
1971	6.81518e+17	
1972	2.27885e+18	
1973	3.65497e+19	
1974	6.334e+18	
1975	7.5946e+17	
1976	5.58826e+17	
1977	3.32909e+17	
1978	3.12486e+17	
1979	1.85202e+17	
1980	1.5559e+17	
1981	1.28602e+17	
1982	1.27595e+17	
1983	1.13177e+17	
1984	9.08235e+16	
1985	8.98025e+16	
1986	9.20016e+16	
1987	7.55983e+16	
1988	6.56769e+16	
1989	7.89071e+16	
1990	8.43961e+16	
1991	7.45408e+16	
1992	1.00564e+17	
1993	8.63279e+16	
1994	7.87952e+16	
1995	9.99638e+16	
1996	9.44075e+16	
1997	9.48346e+16	
1998	1.21349e+17	
1999	1.49035e+17	
2000	1.44688e+17	
2001	2.12781e+17	
2002	6.22861e+17	
2003	5.49486e+18	
2004	3.52787e+17	
2005	1.53865e+17	
2006	1.00839e+17	
2007	1.02233e+17	
2008	9.72113e+16	
2009	1.91708e+17	
2010	1.91322e+17	
2011	1.6146e+17	
2012	2.86905e+17	
2013	2.55406e+18	
2014	3.46813e+18	
2015	6.29995e+17	
2016	2.68619e+17	
2017	1.98169e+17	
2018	1.23535e+17	
2019	1.31795e+17	
2020	9.33114e+16	
2021	7.1009e+16	
2022	7.887e+16	
2023	9.44258e+16	
2024	7.69141e+16	
2025	1.21667e+17	
2026	1.50955e+17	
2027	1.8144e+17	
2028	9.18174e+16	
2029	8.08598e+16	
2030	6.911e+16	
2031	5.1967e+16	
2032	8.70859e+16	
2033	6.81581e+16	
2034	1.90465e+17	
2035	9.16262e+17	
2036	1.89409e+18	
2037	1.38842e+17	
2038	1.37813e+17	
2039	7.68315e+16	
2040	7.20601e+16	
2041	7.27899e+16	
2042	1.11468e+17	
2043	8.62169e+16	
2044	1.04864e+17	
2045	9.45584e+16	
2046	1.17743e+17	
2047	1.64167e+17	
2048	2.82989e+17	
2049	1.17685e+18	
2050	3.66005e+19	
2051	6.87418e+17	
2052	1.83243e+17	
2053	8.88873e+16	
2054	7.0075e+16	
2055	1.25869e+17	
2056	7.99321e+16	
2057	7.47666e+16	
2058	7.71194e+16	
2059	1.81528e+17	
2060	4.07439e+17	
2061	3.34689e+18	
2062	1.96007e+17	
2063	6.13011e+16	
2064	5.68586e+16	
2065	5.44006e+16	
2066	5.50041e+16	
2067	3.99428e+16	
2068	3.81254e+16	
2069	4.98174e+16	
2070	4.2044e+16	
2071	3.623e+16	
2072	3.58492e+16	
2073	4.00707e+16	
2074	5.00484e+16	
2075	7.31987e+16	
2076	1.31612e+17	
2077	2.33636e+17	
2078	2.69548e+17	
2079	3.76341e+17	
2080	3.28485e+17	
2081	3.27704e+17	
2082	3.93071e+17	
2083	8.68779e+17	
2084	7.57887e+17	
2085	8.00142e+19	
2086	4.18182e+18	
2087	1.28606e+18	
2088	4.01591e+17	
2089	3.34269e+17	
2090	1.92062e+17	
2091	2.80322e+17	
2092	3.07977e+17	
2093	3.15716e+17	
2094	1.34102e+17	
2095	1.04422e+17	
2096	9.87731e+16	
2097	1.01588e+17	
2098	1.16538e+17	
2099	1.29549e+17	
2100	1.91903e+17	
2101	1.68214e+17	
2102	1.36417e+17	
2103	1.00733e+17	
2104	1.01673e+17	
2105	1.12316e+17	
2106	9.08984e+16	
2107	8.71171e+16	
2108	8.1768e+16	
2109	9.71896e+16	
2110	7.30963e+16	
2111	1.57944e+17	
2112	2.88381e+18	
2113	2.47853e+17	
2114	6.56896e+16	
2115	4.16361e+16	
2116	3.16794e+16	
2117	3.34776e+16	
2118	2.93698e+16	
2119	2.15725e+16	
2120	1.96345e+16	
2121	2.41426e+16	
2122	3.01625e+16	
2123	4.30534e+16	
2124	1.9671e+17	
2125	6.11397e+19	
2126	4.49393e+17	
2127	1.19262e+17	
2128	7.27317e+16	
2129	6.70405e+16	
2130	7.01388e+16	
2131	6.42607e+16	
2132	2.01106e+17	
2133	2.03264e+18	
2134	1.96799e+18	
2135	2.64843e+17	
2136	1.25613e+17	
2137	8.80421e+16	
2138	5.08586e+16	
2139	5.55376e+16	
2140	4.89488e+16	
2141	6.33919e+16	
2142	3.41527e+16	
2143	4.57377e+16	
2144	3.60931e+16	
2145	2.88061e+16	
2146	4.0078e+16	
2147	3.77806e+16	
2148	2.57837e+16	
2149	3.038e+16	
2150	3.23502e+16	
2151	3.10306e+16	
2152	2.84997e+16	
2153	3.21909e+16	
2154	3.00065e+16	
2155	3.01765e+16	
2156	3.00073e+16	
2157	3.84525e+16	
2158	4.3741e+16	
2159	1.01431e+17	
2160	5.66682e+17	
2161	1.21052e+18	
2162	1.322e+17	
2163	6.53287e+16	
2164	4.78234e+16	
2165	4.03164e+16	
2166	3.51372e+16	
2167	5.42243e+16	
2168	3.95862e+16	
2169	5.16319e+16	
2170	3.30822e+16	
2171	5.74464e+16	
2172	9.00668e+16	
2173	2.51116e+17	
2174	1.62298e+20	
2175	3.37132e+17	
2176	1.03258e+17	
2177	4.93414e+16	
2178	4.54691e+16	
2179	4.09911e+16	
2180	3.16355e+16	
2181	4.03396e+16	
2182	4.57376e+16	
2183	2.14257e+17	
2184	8.92552e+18	
2185	1.32947e+17	
2186	4.48269e+16	
2187	3.55933e+16	
2188	2.85272e+16	
2189	2.49523e+16	
2190	2.29218e+16	
2191	1.25651e+16	
2192	1.3068e+16	
2193	1.13646e+16	
2194	8.59472e+15	
2195	1.14119e+16	
2196	1.26361e+16	
2197	1.37063e+16	
2198	1.15907e+16	
2199	2.84217e+16	
2200	3.40316e+16	
2201	4.16881e+16	
2202	1.01475e+17	
2203	1.71738e+19	
2204	2.98696e+17	
2205	6.58657e+16	
2206	2.80816e+16	
2207	2.51862e+16	
2208	1.68327e+16	
2209	2.66074e+16	
2210	1.86271e+16	
2211	2.40525e+16	
2212	4.42498e+16	
2213	4.30822e+16	
2214	3.8843e+16	
2215	3.44934e+16	
2216	7.45818e+16	
2217	5.62351e+16	
2218	9.69823e+16	
2219	1.83808e+17	
2220	8.83456e+17	
2221	4.58607e+18	
2222	4.23041e+18	
2223	7.20904e+17	
2224	1.17866e+17	
2225	9.11582e+16	
2226	5.12085e+16	
2227	5.06509e+16	
2228	5.08622e+16	
2229	2.44224e+16	
2230	2.19088e+16	
2231	1.26094e+16	
2232	2.30431e+16	
2233	1.889e+16	
2234	1.76509e+16	
2235	1.74905e+16	
2236	2.14491e+16	
2237	2.01079e+16	
2238	2.35263e+16	
2239	2.9437e+16	
2240	2.23878e+16	
2241	2.07402e+16	
2242	1.71954e+16	
2243	1.4504e+16	
2244	1.71761e+16	
2245	1.34881e+16	
2246	1.70235e+16	
2247	1.4821e+16	
2248	1.5184e+16	
2249	1.39148e+16	
2250	1.2916e+16	
2251	9.07629e+15	
2252	1.1528e+16	
2253	1.23838e+16	
2254	1.41409e+16	
2255	2.39951e+16	
2256	4.07611e+16	
2257	1.68288e+17	
2258	1.39874e+18	
2259	7.51611e+16	
2260	5.18747e+16	
2261	3.19625e+16	
2262	3.84896e+16	
2263	3.80901e+16	
2264	3.92229e+16	
2265	4.66631e+16	
2266	4.45451e+16	
2267	5.4375e+16	
2268	4.04664e+16	
2269	5.80701e+16	
2270	5.51857e+16	
2271	5.53698e+16	
2272	5.48436e+16	
2273	5.62006e+16	
2274	4.12035e+16	
2275	2.96469e+16	
2276	3.29015e+16	
2277	3.04384e+16	
2278	2.002e+16	
2279	2.38058e+16	
2280	2.11325e+16	
2281	1.65558e+16	
2282	9.3366e+15	
2283	9.92214e+15	
2284	7.32775e+15	
2285	6.89218e+15	
2286	1.10708e+16	
2287	1.52184e+16	
2288	2.14363e+16	
2289	2.67944e+16	
2290	2.72256e+16	
2291	2.82274e+16	
2292	2.75036e+16	
2293	7.94545e+16	
2294	5.56635e+17	
2295	3.51558e+18	
2296	2.28332e+17	
2297	1.23838e+17	
2298	5.63674e+16	
2299	2.83364e+16	
2300	2.80752e+16	
2301	1.65212e+16	
2302	1.62559e+16	
2303	1.25718e+16	
2304	1.36724e+16	
2305	6.29636e+15	
2306	5.25319e+15	
2307	6.98342e+15	
2308	6.1172e+15	
2309	7.02549e+15	
2310	1.37609e+16	
2311	4.63639e+16	
2312	2.12966e+17	
2313	1.66099e+16	
2314	9.91866e+15	
2315	8.38642e+15	
2316	9.19483e+15	
2317	1.11861e+16	
2318	8.67438e+15	
2319	1.4748e+16	
2320	1.36302e+16	
2321	5.30452e+16	
2322	2.89716e+18	
2323	4.22241e+16	
2324	1.62398e+16	
2325	5.83579e+15	
2326	4.49414e+15	
2327	3.48954e+15	
2328	4.36667e+15	
2329	5.53974e+15	
2330	4.90018e+15	
2331	4.83405e+15	
2332	4.76592e+15	
2333	1.06498e+16	
2334	1.25616e+16	
2335	7.14563e+16	
2336	1.16401e+18	
2337	4.25314e+16	
2338	1.12948e+16	
2339	7.07399e+15	
2340	1.5024e+16	
2341	2.46779e+16	
2342	3.90664e+16	
2343	3.92739e+16	
2344	2.3244e+16	
2345	1.9714e+16	
2346	1.71029e+16	
2347	1.99072e+16	
2348	4.37329e+16	
2349	1.33034e+17	
2350	1.09516e+18	
2351	4.68632e+16	
2352	1.85114e+16	
2353	1.11199e+16	
2354	8.58397e+15	
2355	4.43429e+15	
2356	3.96853e+15	
2357	4.81572e+15	
2358	5.03667e+15	
2359	5.32829e+15	
2360	6.41494e+15	
2361	4.94469e+15	
2362	1.36177e+16	
2363	2.98109e+18	
2364	1.57607e+16	
2365	7.21755e+15	
2366	5.02171e+15	
2367	6.42049e+15	
2368	4.67806e+15	
2369	4.4961e+15	
2370	9.35368e+15	
2371	4.37301e+16	
2372	2.27711e+16	
2373	4.92188e+15	
2374	2.83803e+15	
2375	2.79487e+15	
2376	1.98445e+15	
2377	1.92152e+15	
2378	1.37851e+15	
2379	2.62922e+15	
2380	2.54486e+15	
2381	3.16143e+15	
2382	2.91827e+15	
2383	4.5133e+15	
2384	5.60568e+15	
2385	8.29521e+15	
2386	2.65565e+16	
2387	1.01489e+17	
2388	1.56623e+18	
2389	8.67217e+17	
2390	8.36541e+16	
2391	3.70441e+16	
2392	3.26935e+16	
2393	3.55147e+16	
2394	2.55672e+16	
2395	2.45637e+16	
2396	2.32441e+16	
2397	9.82077e+15	
2398	1.3003e+16	
2399	8.5119e+15	
2400	1.51835e+16	
2401	9.11699e+15	
2402	8.93469e+15	
2403	9.83345e+15	
2404	1.54064e+16	
2405	1.97442e+16	
2406	3.48195e+16	
2407	8.46415e+16	
2408	8.78367e+17	
2409	1.71946e+18	
2410	1.86959e+17	
2411	1.69264e+17	
2412	4.46705e+16	
2413	2.49516e+16	
2414	2.62506e+16	
2415	1.76068e+16	
2416	1.53571e+16	
2417	1.3837e+16	
2418	1.20879e+16	
2419	8.27469e+15	
2420	9.91114e+15	
2421	9.4163e+15	
2422	5.69698e+15	
2423	6.50896e+15	
2424	5.81913e+15	
2425	6.90109e+15	
2426	5.39991e+15	
2427	3.98269e+15	
2428	2.69313e+15	
2429	3.14006e+15	
2430	4.43819e+15	
2431	3.44786e+15	
2432	3.03048e+15	
2433	5.1476e+15	
2434	1.03896e+16	
2435	1.84777e+16	
2436	2.31244e+17	
2437	1.50982e+17	
2438	1.87769e+16	
2439	1.14245e+16	
2440	1.38133e+16	
2441	1.61468e+16	
2442	3.32361e+16	
2443	1.83303e+17	
2444	1.61624e+18	
2445	8.2068e+16	
2446	3.027e+16	
2447	3.22943e+16	
2448	1.86406e+16	
2449	9.42478e+15	
2450	1.10682e+16	
2451	9.0229e+15	
2452	7.41213e+15	
2453	7.6781e+15	
2454	9.58214e+15	
2455	6.51945e+15	
2456	6.07473e+15	
2457	9.73986e+15	
2458	8.61052e+15	
2459	1.43286e+16	
2460	1.79909e+16	
2461	2.1364e+16	
2462	2.0131e+16	
2463	1.43046e+16	
2464	2.02216e+16	
2465	1.17503e+16	
2466	1.31739e+16	
2467	2.09857e+16	
2468	2.23677e+16	
2469	3.23356e+16	
2470	3.62411e+16	
2471	3.4537e+16	
2472	2.83057e+16	
2473	3.30607e+16	
2474	2.75201e+16	
2475	2.80285e+16	
2476	6.97951e+16	
2477	2.51948e+17	
2478	2.64613e+18	
2479	1.12896e+17	
2480	8.47441e+16	
2481	4.35234e+16	
2482	2.30388e+16	
2483	2.63031e+16	
2484	1.96529e+16	
2485	2.26194e+16	
2486	2.69872e+16	
2487	3.30423e+16	
2488	3.98488e+16	
2489	5.18664e+16	
2490	1.08284e+17	
2491	1.65748e+18	
2492	6.92567e+17	
2493	1.06184e+17	
2494	5.37726e+16	
2495	3.78701e+16	
2496	3.38962e+16	
2497	2.12249e+16	
2498	1.38105e+16	
2499	1.08763e+16	
2500	1.23021e+16	
2501	1.09445e+16	
2502	8.32254e+15	
2503	7.46936e+15	
2504	4.71725e+15	
2505	3.55846e+15	
2506	3.87515e+15	
2507	3.83893e+15	
2508	5.66149e+15	
2509	3.65965e+15	
2510	4.70739e+15	
2511	3.96049e+15	
2512	3.3525e+15	
2513	2.75392e+15	
2514	4.66073e+15	
2515	5.88931e+15	
2516	1.24729e+16	
2517	2.59721e+17	
2518	2.83494e+16	
2519	1.53111e+16	
2520	8.21065e+15	
2521	6.13574e+15	
2522	5.14404e+15	
2523	4.10994e+15	
2524	4.1848e+15	
2525	3.41997e+15	
2526	3.46854e+15	
2527	3.91868e+15	
2528	1.00731e+16	
2529	1.86646e+16	
2530	1.23669e+16	
2531	1.40082e+16	
2532	8.98325e+15	
2533	1.37247e+16	
2534	1.30746e+16	
2535	1.32049e+16	
2536	2.19418e+16	
2537	1.4716e+16	
2538	1.30192e+16	
2539	1.39858e+16	
2540	1.24749e+16	
2541	1.41331e+16	
2542	1.96324e+16	
2543	1.53474e+16	
2544	1.62169e+16	
2545	1.50201e+16	
2546	1.3778e+16	
2547	1.18757e+16	
2548	1.35973e+16	
2549	1.88304e+16	
2550	2.05828e+16	
2551	3.40314e+16	
2552	2.53128e+17	
2553	2.06309e+18	
2554	2.00984e+17	
2555	2.85939e+16	
2556	1.68808e+16	
2557	1.1216e+16	
2558	7.94545e+15	
2559	7.69586e+15	
2560	5.28125e+15	
2561	5.13123e+15	
2562	9.09922e+15	
2563	9.90396e+15	
2564	1.311e+16	
2565	3.45799e+16	
2566	2.0216e+17	
2567	2.56825e+17	
2568	2.9638e+16	
2569	1.82023e+16	
2570	5.924e+15	
2571	7.32145e+15	
2572	1.83947e+16	
2573	4.41165e+16	
2574	2.44867e+16	
2575	1.92346e+16	
2576	2.78692e+16	
2577	2.72633e+16	
2578	5.21446e+16	
2579	3.1146e+16	
2580	1.87515e+16	
2581	1.5721e+16	
2582	2.514e+16	
2583	4.23039e+16	
2584	1.23918e+17	
2585	5.76667e+17	
2586	8.94432e+17	
2587	6.41603e+16	
2588	2.81634e+16	
2589	1.723e+16	
2590	1.2208e+16	
2591	2.32493e+16	
2592	2.94406e+16	
2593	2.24549e+16	
2594	3.22862e+16	
2595	2.40718e+16	
2596	6.22385e+16	
2597	1.12934e+18	
2598	2.1625e+17	
2599	4.81429e+16	
2600	6.63532e+16	
2601	3.9158e+16	
2602	2.78041e+16	
2603	3.044e+16	
2604	1.89553e+16	
2605	2.23776e+16	
2606	1.11499e+17	
2607	3.19371e+18	
2608	1.17933e+17	
2609	2.71092e+16	
2610	2.15988e+16	
2611	1.59378e+16	
2612	8.38295e+15	
2613	1.04911e+16	
2614	1.2218e+16	
2615	2.01056e+16	
2616	4.39529e+16	
2617	2.95969e+17	
2618	6.52644e+17	
2619	7.28437e+16	
2620	4.08044e+16	
2621	1.51968e+16	
2622	1.70911e+16	
2623	2.33205e+16	
2624	2.40829e+16	
2625	2.18806e+16	
2626	3.97373e+16	
2627	6.71707e+16	
2628	7.34494e+16	
2629	5.15394e+16	
2630	5.68371e+16	
2631	5.0002e+16	
2632	5.28319e+16	
2633	7.36378e+16	
2634	7.04014e+16	
2635	6.62652e+16	
2636	9.0628e+16	
2637	5.72292e+16	
2638	7.09628e+16	
2639	7.91e+16	
2640	5.58643e+16	
2641	5.14017e+16	
2642	3.45229e+16	
2643	2.26279e+16	
2644	1.82407e+16	
2645	8.83351e+15	
2646	1.30266e+16	
2647	1.84155e+16	
2648	2.55082e+16	
2649	2.89273e+16	
2650	3.14025e+16	
2651	3.43665e+16	
2652	4.88009e+16	
2653	3.23401e+17	
2654	1.20982e+18	
2655	2.07083e+17	
2656	1.46352e+17	
2657	8.11715e+16	
2658	6.85809e+16	
2659	5.80214e+16	
2660	5.11033e+16	
2661	8.08815e+16	
2662	9.32925e+16	
2663	1.48035e+17	
2664	6.83447e+17	
2665	1.04544e+19	
2666	7.10764e+17	
2667	5.7507e+16	
2668	3.49193e+16	
2669	2.70471e+16	
2670	1.53857e+16	
2671	2.09083e+16	
2672	2.61344e+16	
2673	1.39434e+16	
2674	8.41015e+15	
2675	1.34155e+16	
2676	1.88536e+16	
2677	1.68282e+16	
2678	1.54904e+16	
2679	1.34636e+16	
2680	9.10053e+15	
2681	1.07236e+16	
2682	1.26925e+16	
2683	2.4035e+16	
2684	4.912e+16	
2685	3.52818e+16	
2686	4.22419e+16	
2687	4.06034e+16	
2688	2.27941e+16	
2689	3.29393e+16	
2690	3.37833e+16	
2691	1.21429e+17	
2692	4.48002e+18	
2693	9.18718e+16	
2694	5.46677e+16	
2695	3.24026e+16	
2696	1.6389e+16	
2697	2.33635e+16	
2698	2.34259e+16	
2699	2.55576e+16	
2700	4.17063e+16	
2701	3.33461e+16	
2702	1.67072e+16	
2703	6.29007e+16	
2704	6.75339e+17	
2705	3.78883e+18	
2706	2.61825e+17	
2707	1.72955e+17	
2708	9.18311e+16	
2709	6.02279e+16	
2710	3.61527e+16	
2711	2.9441e+16	
2712	4.87832e+16	
2713	5.72347e+16	
2714	7.93108e+16	
2715	2.96919e+17	
2716	2.76104e+19	
2717	2.32341e+17	
2718	3.67263e+16	
2719	2.62358e+16	
2720	1.61036e+16	
2721	8.58691e+15	
2722	1.00964e+16	
2723	1.46348e+16	
2724	1.29377e+16	
2725	1.64604e+16	
2726	3.84068e+16	
2727	6.81469e+16	
2728	1.31704e+17	
2729	1.43636e+17	
2730	1.11868e+17	
2731	1.58358e+17	
2732	7.90773e+17	
2733	2.66022e+18	
2734	1.56729e+19	
2735	2.12116e+19	
2736	4.47181e+18	
2737	1.58326e+18	
2738	1.37369e+18	
2739	2.001e+18	
2740	1.06566e+18	
2741	8.03348e+17	
2742	8.53578e+17	
2743	6.31353e+17	
2744	2.11339e+18	
2745	1.21169e+19	
2746	2.51439e+19	
2747	3.70217e+18	
2748	1.44667e+18	
2749	3.48731e+17	
2750	3.91507e+17	
2751	3.08198e+17	
2752	9.46281e+16	
2753	1.14552e+17	
2754	1.14374e+17	
2755	2.71258e+17	
2756	3.41208e+17	
2757	3.18789e+17	
2758	1.74758e+17	
2759	1.79754e+17	
2760	3.01613e+17	
2761	4.62083e+17	
2762	1.6368e+17	
2763	1.56301e+17	
2764	2.4935e+17	
2765	3.59542e+17	
2766	4.06781e+17	
2767	3.7375e+17	
2768	2.9293e+17	
2769	2.19016e+17	
2770	2.00912e+17	
2771	1.4945e+17	
2772	1.504e+17	
2773	1.43968e+17	
2774	7.59656e+16	
2775	7.65413e+16	
2776	1.07683e+17	
2777	1.24965e+17	
2778	1.25328e+17	
2779	1.3416e+17	
2780	1.5891e+17	
2781	1.52396e+17	
2782	1.52557e+17	
2783	6.19903e+16	
2784	7.35607e+16	
2785	1.16429e+17	
2786	2.12488e+17	
2787	2.92164e+17	
2788	3.14864e+17	
2789	1.64052e+17	
2790	2.10874e+17	
2791	1.77941e+17	
2792	1.21564e+17	
2793	1.83709e+17	
2794	1.72789e+17	
2795	9.97469e+16	
2796	5.99213e+16	
2797	6.97974e+16	
2798	6.25023e+16	
2799	9.8653e+16	
2800	1.45961e+17	
2801	1.91196e+17	
2802	2.57946e+17	
2803	3.56348e+17	
2804	6.03544e+17	
2805	4.86905e+18	
2806	2.93425e+18	
2807	4.7909e+17	
2808	3.24535e+17	
2809	4.09001e+17	
2810	3.82765e+17	
2811	1.75474e+17	
2812	1.12812e+17	
2813	3.49643e+17	
2814	1.04719e+18	
2815	1.72335e+19	
2816	9.0713e+18	
2817	5.63336e+17	
2818	6.55747e+17	
2819	4.71983e+17	
2820	2.73698e+17	
2821	5.90152e+17	
2822	2.58785e+18	
2823	5.94439e+19	
2824	5.01781e+18	
2825	8.7741e+17	
2826	6.9931e+17	
2827	4.68163e+17	
2828	2.01885e+17	
2829	1.74569e+17	
2830	1.60019e+17	
2831	2.06912e+17	
2832	2.5032e+17	
2833	1.26504e+17	
2834	1.49937e+17	
2835	2.27698e+17	
2836	4.31873e+17	
2837	6.03356e+18	
2838	5.12497e+17	
2839	1.19325e+17	
2840	1.08001e+17	
2841	6.97143e+16	
2842	3.75601e+16	
2843	6.72245e+16	
2844	3.52865e+16	
2845	3.03671e+16	
2846	3.23636e+16	
2847	6.44973e+16	
2848	1.24249e+17	
2849	8.82369e+16	
2850	4.46928e+16	
2851	4.42676e+16	
2852	1.152e+17	
2853	2.47174e+17	
2854	1.55039e+17	
2855	1.11851e+17	
2856	1.81361e+17	
2857	1.55793e+17	
2858	2.69489e+17	
2859	2.35018e+17	
2860	2.53709e+17	
2861	4.39783e+17	
2862	2.95327e+17	
2863	2.01772e+17	
2864	3.84269e+17	
2865	4.64638e+17	
2866	9.79968e+17	
2867	2.03903e+18	
2868	3.45778e+18	
2869	1.16751e+19	
2870	4.69418e+19	
2871	1.05582e+20	
2872	5.09491e+18	
2873	2.31399e+18	
2874	2.60645e+18	
2875	4.29924e+18	
2876	3.36274e+18	
2877	2.79155e+18	
2878	6.4208e+18	
2879	5.91435e+22	
2880	6.4818e+18	
2881	1.02015e+18	
2882	5.72657e+17	
2883	5.27604e+17	
2884	3.58191e+17	
2885	2.60139e+17	
2886	1.69654e+17	
2887	2.73166e+17	
2888	3.03376e+17	
2889	2.26396e+17	
2890	2.26589e+17	
2891	4.00401e+17	
2892	1.19803e+18	
2893	7.10154e+21	
2894	8.42636e+17	
2895	2.84849e+17	
2896	9.99309e+16	
2897	1.10504e+17	
2898	1.54285e+17	
2899	2.29022e+17	
2900	1.9187e+17	
2901	1.98625e+17	
2902	6.46865e+17	
2903	4.32192e+18	
2904	2.35337e+18	
2905	2.6169e+17	
2906	1.99445e+17	
2907	3.33834e+17	
2908	3.29471e+17	
2909	2.83528e+17	
2910	3.30215e+17	
2911	3.10725e+17	
2912	2.81688e+17	
2913	3.21579e+17	
2914	3.29601e+17	
2915	7.76456e+17	
2916	1.2374e+18	
2917	1.25053e+18	
2918	1.01886e+18	
2919	9.94884e+17	
2920	9.66442e+17	
2921	1.69778e+18	
2922	1.68487e+18	
2923	3.70084e+18	
2924	9.88443e+18	
2925	3.4787e+19	
2926	5.51737e+19	
2927	2.91873e+20	
2928	4.23841e+22	
2929	1.90211e+20	
2930	5.5245e+19	
2931	1.44509e+19	
2932	5.31682e+18	
2933	7.73349e+18	
2934	1.70402e+18	
2935	9.99916e+17	
2936	5.58602e+17	
2937	4.17636e+17	
2938	6.59822e+17	
2939	4.84618e+17	
2940	3.2521e+17	
2941	7.62305e+17	
2942	9.90928e+17	
2943	2.49489e+18	
2944	2.54988e+18	
2945	1.77762e+17	
2946	9.7876e+16	
2947	4.57854e+16	
2948	4.76354e+16	
2949	4.30191e+16	
2950	3.36096e+16	
2951	2.19701e+16	
2952	1.69717e+16	
2953	9.71646e+15	
2954	1.12668e+16	
2955	8.23747e+15	
2956	8.42929e+15	
2957	9.71364e+15	
2958	9.94123e+15	
2959	1.26062e+16	
2960	2.10633e+16	
2961	2.45082e+16	
2962	1.94247e+16	
2963	2.46251e+16	
2964	3.53802e+16	
2965	4.20211e+16	
2966	5.94711e+16	
2967	7.62524e+16	
2968	6.77812e+16	
2969	6.17258e+16	
2970	8.85787e+16	
2971	1.45409e+17	
2972	1.42376e+17	
2973	1.11063e+17	
2974	4.89515e+16	
2975	4.08106e+16	
2976	4.8228e+16	
2977	3.73633e+16	
2978	3.34587e+16	
2979	4.69319e+16	
2980	3.94624e+16	
2981	4.48941e+16	
2982	3.77198e+16	
2983	3.56858e+16	
2984	5.75269e+16	
2985	5.10823e+16	
2986	5.83824e+16	
2987	1.13843e+17	
2988	1.91546e+17	
2989	8.31008e+18	
2990	2.24164e+17	
2991	5.75318e+16	
2992	3.87455e+16	
2993	3.73697e+16	
2994	5.54347e+16	
2995	5.13867e+16	
2996	3.02655e+16	
2997	4.20047e+16	
2998	6.2346e+16	
2999	7.86689e+16	
3000	6.71891e+17	
3001	8.2096e+16	
3002	1.32118e+16	
3003	6.10156e+15	
3004	4.03725e+15	
3005	2.49715e+15	
3006	1.69759e+15	
3007	1.87032e+15	
3008	7.2077e+14	
3009	3.5163e+14	
3010	3.83635e+14	
3011	4.28935e+14	
3012	6.9241e+14	
3013	1.42277e+15	
3014	1.15262e+15	
3015	5.97162e+14	
3016	8.43141e+14	
3017	2.09519e+15	
3018	1.79556e+16	
3019	6.91028e+15	
3020	2.10108e+15	
3021	1.84699e+15	
3022	4.09354e+15	
3023	4.73066e+15	
3024	2.7347e+15	
3025	2.61278e+15	
3026	3.33904e+15	
3027	4.0498e+15	
3028	4.99356e+15	
3029	5.34232e+15	
3030	6.69658e+15	
3031	5.70583e+15	
3032	1.02361e+16	
3033	1.47226e+16	
3034	3.11697e+16	
3035	3.23259e+17	
3036	7.76026e+16	
3037	4.2502e+16	
3038	4.22717e+16	
3039	4.00497e+16	
3040	3.72495e+16	
3041	3.2291e+16	
3042	3.70998e+16	
3043	3.48749e+16	
3044	3.05563e+16	
3045	3.27877e+16	
3046	2.68155e+16	
3047	2.44468e+16	
3048	2.974e+16	
3049	5.59849e+16	
3050	1.05434e+17	
3051	5.49033e+15	
3052	3.32083e+15	
3053	2.52175e+15	
3054	1.39203e+15	
3055	1.0979e+15	
3056	1.26417e+15	
3057	8.14507e+14	
3058	6.21102e+14	
3059	3.21441e+14	
3060	4.29243e+14	
3061	1.16845e+15	
3062	1.61297e+15	
3063	1.74823e+19	
3064	1.01446e+15	
3065	2.16924e+14	
3066	6.53335e+13	
3067	6.92417e+13	
3068	9.72052e+13	
3069	7.37504e+13	
3070	9.42717e+13	
3071	1.60233e+14	
3072	1.39295e+18	
3073	1.37693e+14	
3074	3.46006e+13	
3075	5.83587e+13	
3076	3.65586e+13	
3077	4.16748e+13	
3078	8.1565e+13	
3079	1.47973e+14	
3080	1.6116e+14	
3081	1.76559e+14	
3082	1.94627e+14	
3083	2.20038e+14	
3084	1.5845e+14	
3085	2.28119e+14	
3086	2.29579e+14	
3087	3.22236e+14	
3088	8.09496e+14	
3089	2.72808e+15	
3090	1.44951e+17	
3091	1.03021e+16	
3092	2.76659e+15	
3093	9.96202e+14	
3094	3.15039e+14	
3095	2.43084e+14	
3096	1.74094e+14	
3097	1.16572e+14	
3098	7.66789e+13	
3099	8.67384e+13	
3100	1.00872e+14	
3101	9.52542e+13	
3102	1.00416e+14	
3103	1.03092e+14	
3104	8.64014e+13	
3105	7.80518e+13	
3106	4.34589e+13	
3107	1.81764e+13	
3108	1.31836e+13	
3109	8.27159e+12	
3110	4.94492e+12	
3111	4.09336e+12	
3112	3.31204e+12	
3113	2.86756e+12	
3114	4.65811e+12	
3115	5.78999e+12	
3116	7.59527e+12	
3117	1.00631e+13	
3118	9.52681e+12	
3119	1.49436e+13	
3120	1.12305e+13	
3121	2.55287e+12	
3122	5.35235e+12	
3123	3.41667e+13	
3124	9.26614e+15	
3125	9.18076e+13	
3126	3.74043e+13	
3127	1.28874e+13	
3128	3.53323e+12	
3129	1.23444e+12	
3130	8.77162e+11	
3131	5.77219e+11	
3132	5.25331e+11	
3133	4.27895e+11	
3134	3.24663e+11	
3135	4.0549e+11	
3136	6.02419e+11	
3137	7.82802e+11	
3138	1.40927e+12	
3139	9.62149e+12	
3140	7.3592e+11	
3141	2.74051e+11	
3142	1.42983e+11	
3143	9.60276e+10	
3144	8.12431e+10	
3145	1.20012e+11	
3146	1.26927e+11	
3147	1.24571e+11	
3148	9.51678e+10	
3149	8.26199e+10	
3150	9.00583e+10	
3151	8.44258e+10	
3152	7.93449e+10	
3153	8.35856e+10	
3154	7.64982e+10	
3155	8.92801e+10	
3156	1.51198e+11	
3157	2.01426e+11	
3158	2.787e+11	
3159	5.34182e+11	
3160	7.71823e+11	
3161	1.30549e+12	
3162	2.30227e+12	
3163	1.76287e+12	
3164	2.0234e+12	
3165	1.22803e+12	
3166	1.25321e+12	
3167	1.24797e+12	
3168	1.14223e+12	
3169	1.14439e+12	
3170	3.73881e+12	
3171	3.20358e+14	
3172	5.1991e+12	
3173	1.41777e+12	
3174	5.81663e+11	
3175	5.81943e+11	
3176	1.67736e+12	
3177	5.34764e+12	
3178	4.20731e+13	
3179	1.93219e+13	
3180	3.49603e+12	
3181	2.22366e+12	
3182	2.14604e+12	
3183	2.94563e+12	
3184	2.5025e+12	
3185	1.78182e+12	
3186	1.69606e+12	
3187	1.35918e+12	
3188	1.3267e+12	
3189	1.07909e+12	
3190	1.2129e+12	
3191	1.73824e+12	
3192	1.56729e+12	
3193	1.4384e+12	
3194	1.3698e+12	
3195	1.50515e+12	
3196	2.87194e+12	
3197	6.79859e+12	
3198	1.14639e+13	
3199	3.06045e+14	
3200	3.17847e+13	
3201	1.02101e+13	
3202	4.43358e+12	
3203	1.26172e+12	
3204	5.76715e+11	
3205	2.76525e+11	
3206	3.52264e+11	
3207	3.45005e+11	
3208	3.14905e+11	
3209	2.07546e+11	
3210	1.31556e+11	
3211	1.0604e+11	
3212	1.32718e+11	
3213	1.30111e+11	
3214	1.50396e+11	
3215	1.36765e+11	
3216	1.42745e+11	
3217	2.44485e+11	
3218	3.61697e+11	
3219	1.00969e+12	
3220	3.86242e+13	
3221	4.85692e+11	
3222	1.85237e+11	
3223	2.10646e+11	
3224	1.98359e+11	
3225	1.41973e+11	
3226	1.77405e+11	
3227	1.39688e+11	
3228	1.01832e+11	
3229	7.07142e+10	
3230	6.05981e+10	
3231	6.48814e+10	
3232	8.3671e+10	
3233	7.91181e+10	
3234	7.81638e+10	
3235	6.42121e+10	
3236	5.48341e+10	
3237	6.87666e+10	
3238	7.34794e+10	
3239	5.19825e+10	
3240	4.78479e+10	
3241	5.47002e+11	
3242	1.7371e+11	
3243	3.19326e+10	
3244	2.59782e+10	
3245	1.79268e+10	
3246	2.03862e+10	
3247	1.88618e+10	
3248	1.57912e+10	
3249	1.42857e+10	
3250	1.58215e+10	
3251	1.36153e+10	
3252	2.51358e+10	
3253	1.07799e+11	
3254	3.47587e+13	
3255	2.00955e+11	
3256	4.69879e+10	
3257	2.20629e+10	
3258	8.25807e+09	
3259	6.27475e+09	
3260	2.69174e+09	
3261	2.18801e+09	
3262	2.06641e+09	
3263	2.27377e+09	
3264	3.09852e+09	
3265	2.65776e+09	
3266	2.28199e+09	
3267	2.42251e+09	
3268	1.68051e+09	
3269	4.51323e+09	
3270	2.08522e+12	
3271	7.21255e+09	
3272	1.53978e+09	
3273	1.02722e+09	
3274	1.07661e+09	
3275	9.2846e+08	
3276	7.13004e+08	
3277	5.9174e+08	
3278	6.06209e+08	
3279	4.48375e+08	
3280	3.12043e+08	
3281	2.16393e+08	
3282	2.4772e+08	
3283	2.38045e+08	
3284	2.93833e+08	
3285	2.16284e+08	
3286	1.56634e+08	
3287	2.77302e+08	
3288	8.39305e+08	
3289	1.70857e+09	
3290	1.13986e+10	
3291	3.26064e+09	
3292	3.44281e+08	
3293	1.32762e+08	
3294	7.41664e+07	
3295	3.30001e+07	
3296	1.53599e+07	
3297	1.09951e+07	
3298	1.12683e+07	
3299	1.79863e+07	
3300	2.82821e+07	
3301	3.09486e+07	
3302	3.76773e+07	
3303	4.37692e+07	
3304	4.07186e+07	
3305	3.57971e+07	
3306	2.69572e+07	
3307	1.65972e+07	
3308	8.61444e+06	
3309	8.49975e+06	
3310	8.68421e+06	
3311	9.28886e+06	
3312	9.87335e+06	
3313	8.88904e+06	
3314	9.48564e+06	
3315	7.81599e+06	
3316	5.57629e+06	
3317	6.85644e+06	
3318	8.87307e+06	
3319	1.06008e+07	
3320	7.89849e+06	
3321	4.43358e+06	
3322	3.88842e+06	
3323	5.60159e+06	
3324	6.91296e+06	
3325	8.95417e+06	
3326	8.25845e+06	
3327	6.47009e+06	
3328	9.9184e+06	
3329	8.37389e+07	
3330	4.58054e+07	
3331	4.04001e+06	
3332	2.57165e+06	
3333	1.86221e+06	
3334	1.46646e+06	
3335	1.88303e+06	
3336	2.97313e+06	
3337	5.23024e+06	
3338	3.68362e+07	
3339	6.15574e+07	
3340	3.22057e+06	
3341	1.04151e+06	
3342	660314	
3343	661003	
3344	654463	
3345	600368	
3346	557626	
3347	541832	
3348	611007	
3349	857727	
3350	1.0383e+06	
3351	1.09712e+06	
3352	2.03964e+06	
3353	1.96397e+08	
3354	3.87802e+06	
3355	1.27813e+06	
3356	621204	
3357	575167	
3358	426961	
3359	288507	
3360	211552	
3361	209766	
3362	214653	
3363	302608	
3364	722195	
3365	8.98245e+08	
3366	259695	
3367	76408.3	
3368	45302.7	
3369	23001.1	
3370	16414.8	
3371	11555.9	
3372	13634	
3373	16678.3	
3374	27962.9	
3375	36225.3	
3376	25875	
3377	19037.7	
3378	13986.9	
3379	15259.4	
3380	13091.1	
3381	11224	
3382	16021.3	
3383	38676.6	
3384	270397	
3385	137792	
3386	18614.1	
3387	8813.83	
3388	6995.35	
3389	4906.33	
3390	3785.92	
3391	2989.09	
3392	2570.99	
3393	3278.18	
3394	2414.03	
3395	1925.48	
3396	1854.58	
3397	1713	
3398	1801.03	
3399	2607.23	
3400	3485.59	
3401	10716.2	
3402	17291.7	
3403	2038.05	
3404	1101.24	
3405	1022.07	
3406	762.871	
3407	384.29	
3408	246.229	
3409	227.919	
3410	386.697	
3411	574.355	
3412	912.641	
3413	1104.01	
3414	5515.71	
3415	2.1602e+09	
3416	7267.06	
3417	1933.92	
3418	627.482	
3419	451.561	
3420	496.893	
3421	524.885	
3422	496.306	
3423	400.272	
3424	300.118	
3425	267.631	
3426	180.587	
3427	187.301	
3428	149.649	
3429	145.323	
3430	136.431	
3431	161.188	
3432	235.595	
3433	595.145	
3434	3531.57	
3435	288.745	
3436	154.815	
3437	124.577	
3438	118.419	
3439	103.412	
3440	105.715	
3441	91.0145	
3442	63.221	
3443	37.5729	
3444	21.6012	
3445	16.6462	
3446	16.402	
3447	17.8903	
3448	13.869	
3449	13.5353	
3450	11.159	
3451	8.95762	
3452	6.35742	
3453	5.75556	
3454	6.42128	
3455	7.57189	
3456	7.85978	
3457	14.16	
3458	34.2966	
3459	67.9881	
3460	142.352	
3461	1558.15	
3462	381.289	
3463	58.3652	
3464	13.1177	
3465	7.18069	
3466	3.41643	
3467	2.81528	
3468	1.8247	
3469	1.61923	
3470	2.23932	
3471	2.17553	
3472	1.88781	
3473	1.67413	
3474	2.37226	
3475	3.67102	
3476	1.86407	
3477	1.3408	
3478	1.21633	
3479	1.13246	
3480	1.14668	
3481	1.10869	
3482	0.612804	
3483	0.429255	
3484	0.347507	
3485	0.325678	
3486	0.223066	
3487	0.283001	
3488	0.516308	
3489	1.48907	
3490	4.94016	
3491	122.936	
3492	19.4816	
3493	3.31208	
3494	1.26165	
3495	0.847456	
3496	0.667812	
3497	0.629003	
3498	0.502564	
3499	0.424255	
3500	0.289649	
3501	0.38936	
3502	0.351954	
3503	0.356584	
3504	0.228877	
3505	0.302379	
3506	0.262988	
3507	0.329118	
3508	0.230009	
3509	0.204045	
3510	0.170826	
3511	0.410154	
3512	6.23649	
3513	0.742072	
3514	0.160211	
3515	0.106075	
3516	0.0540217	
3517	0.0347101	
3518	0.042112	
3519	0.0372795	
3520	0.0343417	
3521	0.0211079	
3522	0.0127717	
3523	0.0082694	
# iterates cost: 11.9355
