# Reading DATA...
# Reading Matrix Successfully!
CGN
0	3.84816e+30
1	7.95919e+29	
2	2.99818e+29	
3	1.45515e+29	
4	8.45878e+28	
5	5.36033e+28	
6	3.69728e+28	
7	2.66738e+28	
8	2.00665e+28	
9	1.55213e+28	
10	1.25027e+28	
11	1.02249e+28	
12	8.44866e+27	
13	7.10385e+27	
14	5.99832e+27	
15	5.1309e+27	
16	4.38383e+27	
17	3.80601e+27	
18	3.34246e+27	
19	2.97615e+27	
20	2.64543e+27	
21	2.34708e+27	
22	2.09368e+27	
23	1.87169e+27	
24	1.68873e+27	
25	1.53399e+27	
26	1.40262e+27	
27	1.28555e+27	
28	1.17623e+27	
29	1.08444e+27	
30	1.00159e+27	
31	9.26274e+26	
32	8.58357e+26	
33	7.9788e+26	
34	7.43741e+26	
35	6.9399e+26	
36	6.48099e+26	
37	6.09858e+26	
38	5.73034e+26	
39	5.38695e+26	
40	5.05677e+26	
41	4.74944e+26	
42	4.46461e+26	
43	4.20377e+26	
44	3.96852e+26	
45	3.75589e+26	
46	3.54391e+26	
47	3.35732e+26	
48	3.18935e+26	
49	3.03169e+26	
50	2.89044e+26	
51	2.74673e+26	
52	2.61531e+26	
53	2.49377e+26	
54	2.38119e+26	
55	2.27292e+26	
56	2.16786e+26	
57	2.07007e+26	
58	1.98093e+26	
59	1.89742e+26	
60	1.81917e+26	
61	1.74667e+26	
62	1.67699e+26	
63	1.61446e+26	
64	1.55381e+26	
65	1.49652e+26	
66	1.4429e+26	
67	1.39479e+26	
68	1.35023e+26	
69	1.30653e+26	
70	1.26292e+26	
71	1.21787e+26	
72	1.17348e+26	
73	1.12882e+26	
74	1.08805e+26	
75	1.05008e+26	
76	1.01563e+26	
77	9.84343e+25	
78	9.52749e+25	
79	9.22485e+25	
80	8.93297e+25	
81	8.64173e+25	
82	8.35909e+25	
83	8.09807e+25	
84	7.84225e+25	
85	7.6089e+25	
86	7.3927e+25	
87	7.19076e+25	
88	6.99134e+25	
89	6.79936e+25	
90	6.61223e+25	
91	6.42638e+25	
92	6.24044e+25	
93	6.06831e+25	
94	5.90204e+25	
95	5.74282e+25	
96	5.58906e+25	
97	5.43897e+25	
98	5.29388e+25	
99	5.15858e+25	
100	5.02708e+25	
101	4.90034e+25	
102	4.77313e+25	
103	4.64996e+25	
104	4.53073e+25	
105	4.42387e+25	
106	4.32415e+25	
107	4.2249e+25	
108	4.13493e+25	
109	4.05116e+25	
110	3.97203e+25	
111	3.89693e+25	
112	3.82098e+25	
113	3.74468e+25	
114	3.66811e+25	
115	3.58964e+25	
116	3.51674e+25	
117	3.45175e+25	
118	3.38501e+25	
119	3.32208e+25	
120	3.25842e+25	
121	3.19545e+25	
122	3.12939e+25	
123	3.06238e+25	
124	2.99829e+25	
125	2.93481e+25	
126	2.87432e+25	
127	2.81376e+25	
128	2.75468e+25	
129	2.70107e+25	
130	2.64824e+25	
131	2.59467e+25	
132	2.54177e+25	
133	2.49305e+25	
134	2.44629e+25	
135	2.40183e+25	
136	2.35659e+25	
137	2.31101e+25	
138	2.26808e+25	
139	2.22437e+25	
140	2.18313e+25	
141	2.14513e+25	
142	2.10789e+25	
143	2.0714e+25	
144	2.03536e+25	
145	1.99841e+25	
146	1.96498e+25	
147	1.93192e+25	
148	1.89973e+25	
149	1.86652e+25	
150	1.83274e+25	
151	1.79999e+25	
152	1.76827e+25	
153	1.74016e+25	
154	1.71083e+25	
155	1.68136e+25	
156	1.65371e+25	
157	1.62616e+25	
158	1.59953e+25	
159	1.57277e+25	
160	1.54613e+25	
161	1.52051e+25	
162	1.49575e+25	
163	1.47221e+25	
164	1.44799e+25	
165	1.4267e+25	
166	1.40548e+25	
167	1.38527e+25	
168	1.36501e+25	
169	1.34525e+25	
170	1.32521e+25	
171	1.30599e+25	
172	1.28613e+25	
173	1.26778e+25	
174	1.24954e+25	
175	1.23237e+25	
176	1.21622e+25	
177	1.20087e+25	
178	1.18483e+25	
179	1.16718e+25	
180	1.15106e+25	
181	1.13443e+25	
182	1.11768e+25	
183	1.10019e+25	
184	1.08345e+25	
185	1.06824e+25	
186	1.05327e+25	
187	1.03844e+25	
188	1.02437e+25	
189	1.01024e+25	
190	9.95293e+24	
191	9.7962e+24	
192	9.64894e+24	
193	9.50469e+24	
194	9.36338e+24	
195	9.24076e+24	
196	9.11388e+24	
197	8.99133e+24	
198	8.87363e+24	
199	8.75494e+24	
200	8.63625e+24	
201	8.52295e+24	
202	8.41758e+24	
203	8.30959e+24	
204	8.20447e+24	
205	8.09856e+24	
206	7.99484e+24	
207	7.89334e+24	
208	7.79646e+24	
209	7.69961e+24	
210	7.60246e+24	
211	7.50427e+24	
212	7.40442e+24	
213	7.30294e+24	
214	7.20853e+24	
215	7.11556e+24	
216	7.02367e+24	
217	6.93869e+24	
218	6.85465e+24	
219	6.77383e+24	
220	6.69283e+24	
221	6.62079e+24	
222	6.54736e+24	
223	6.47219e+24	
224	6.39542e+24	
225	6.32673e+24	
226	6.25838e+24	
227	6.19019e+24	
228	6.12318e+24	
229	6.0586e+24	
230	5.99455e+24	
231	5.92886e+24	
232	5.86405e+24	
233	5.79616e+24	
234	5.73698e+24	
235	5.67652e+24	
236	5.61738e+24	
237	5.5591e+24	
238	5.50425e+24	
239	5.44925e+24	
240	5.39947e+24	
241	5.34621e+24	
242	5.29232e+24	
243	5.23984e+24	
244	5.18986e+24	
245	5.1391e+24	
246	5.08593e+24	
247	5.03453e+24	
248	4.98061e+24	
249	4.93319e+24	
250	4.88376e+24	
251	4.83901e+24	
252	4.79124e+24	
253	4.74517e+24	
254	4.69929e+24	
255	4.65451e+24	
256	4.61309e+24	
257	4.57111e+24	
258	4.52927e+24	
259	4.48189e+24	
260	4.4398e+24	
261	4.39934e+24	
262	4.35957e+24	
263	4.31991e+24	
264	4.28265e+24	
265	4.2441e+24	
266	4.20854e+24	
267	4.17181e+24	
268	4.13127e+24	
269	4.09281e+24	
270	4.05669e+24	
271	4.02336e+24	
272	3.99087e+24	
273	3.95899e+24	
274	3.92723e+24	
275	3.89718e+24	
276	3.86976e+24	
277	3.84208e+24	
278	3.81111e+24	
279	3.77968e+24	
280	3.74757e+24	
281	3.71785e+24	
282	3.688e+24	
283	3.65748e+24	
284	3.62727e+24	
285	3.59987e+24	
286	3.56827e+24	
287	3.53806e+24	
288	3.50982e+24	
289	3.4826e+24	
290	3.45654e+24	
291	3.43084e+24	
292	3.40693e+24	
293	3.38329e+24	
294	3.35964e+24	
295	3.33676e+24	
296	3.31246e+24	
297	3.28694e+24	
298	3.26248e+24	
299	3.23715e+24	
300	3.21347e+24	
301	3.1894e+24	
302	3.16465e+24	
303	3.14218e+24	
304	3.11957e+24	
305	3.09833e+24	
306	3.07896e+24	
307	3.05994e+24	
308	3.04203e+24	
309	3.02476e+24	
310	3.00667e+24	
311	2.98763e+24	
312	2.96745e+24	
313	2.94731e+24	
314	2.92692e+24	
315	2.9068e+24	
316	2.88734e+24	
317	2.8684e+24	
318	2.85013e+24	
319	2.83005e+24	
320	2.81037e+24	
321	2.79011e+24	
322	2.77093e+24	
323	2.75122e+24	
324	2.73149e+24	
325	2.70969e+24	
326	2.68888e+24	
327	2.669e+24	
328	2.65074e+24	
329	2.63219e+24	
330	2.61363e+24	
331	2.59707e+24	
332	2.58071e+24	
333	2.56424e+24	
334	2.54576e+24	
335	2.52842e+24	
336	2.50934e+24	
337	2.49136e+24	
338	2.47291e+24	
339	2.45544e+24	
340	2.43939e+24	
341	2.42445e+24	
342	2.409e+24	
343	2.3934e+24	
344	2.37786e+24	
345	2.36223e+24	
346	2.34787e+24	
347	2.33389e+24	
348	2.31892e+24	
349	2.30343e+24	
350	2.29049e+24	
351	2.27739e+24	
352	2.26359e+24	
353	2.24943e+24	
354	2.23493e+24	
355	2.22026e+24	
356	2.20512e+24	
357	2.18887e+24	
358	2.17322e+24	
359	2.15766e+24	
360	2.14301e+24	
361	2.1289e+24	
362	2.11567e+24	
363	2.10221e+24	
364	2.08848e+24	
365	2.07578e+24	
366	2.06331e+24	
367	2.05074e+24	
368	2.03706e+24	
369	2.02338e+24	
370	2.01008e+24	
371	1.99651e+24	
372	1.98421e+24	
373	1.97128e+24	
374	1.9591e+24	
375	1.94541e+24	
376	1.93146e+24	
377	1.91886e+24	
378	1.90587e+24	
379	1.89327e+24	
380	1.87999e+24	
381	1.86751e+24	
382	1.85544e+24	
383	1.84379e+24	
384	1.83224e+24	
385	1.82124e+24	
386	1.80991e+24	
387	1.79977e+24	
388	1.78931e+24	
389	1.77953e+24	
390	1.76906e+24	
391	1.75841e+24	
392	1.74858e+24	
393	1.73765e+24	
394	1.72841e+24	
395	1.71814e+24	
396	1.70878e+24	
397	1.69913e+24	
398	1.68871e+24	
399	1.6779e+24	
400	1.668e+24	
401	1.65839e+24	
402	1.64914e+24	
403	1.63974e+24	
404	1.63091e+24	
405	1.62107e+24	
406	1.61204e+24	
407	1.60358e+24	
408	1.59433e+24	
409	1.58515e+24	
410	1.5754e+24	
411	1.56543e+24	
412	1.5566e+24	
413	1.54818e+24	
414	1.53886e+24	
415	1.5297e+24	
416	1.5204e+24	
417	1.51202e+24	
418	1.50412e+24	
419	1.49609e+24	
420	1.48798e+24	
421	1.48015e+24	
422	1.47235e+24	
423	1.46401e+24	
424	1.45574e+24	
425	1.44753e+24	
426	1.43881e+24	
427	1.4311e+24	
428	1.42448e+24	
429	1.41665e+24	
430	1.40896e+24	
431	1.40065e+24	
432	1.39271e+24	
433	1.38498e+24	
434	1.37775e+24	
435	1.37054e+24	
436	1.36347e+24	
437	1.35667e+24	
438	1.35005e+24	
439	1.34288e+24	
440	1.33573e+24	
441	1.32826e+24	
442	1.32175e+24	
443	1.31452e+24	
444	1.30637e+24	
445	1.29846e+24	
446	1.29183e+24	
447	1.28586e+24	
448	1.28018e+24	
449	1.27385e+24	
450	1.26755e+24	
451	1.26176e+24	
452	1.25589e+24	
453	1.24963e+24	
454	1.2432e+24	
455	1.23735e+24	
456	1.23124e+24	
457	1.22521e+24	
458	1.21944e+24	
459	1.21453e+24	
460	1.20855e+24	
461	1.20236e+24	
462	1.19735e+24	
463	1.19199e+24	
464	1.18708e+24	
465	1.18164e+24	
466	1.17697e+24	
467	1.17223e+24	
468	1.16772e+24	
469	1.16308e+24	
470	1.15775e+24	
471	1.15265e+24	
472	1.14838e+24	
473	1.14394e+24	
474	1.13898e+24	
475	1.13379e+24	
476	1.12862e+24	
477	1.12357e+24	
478	1.11895e+24	
479	1.11402e+24	
480	1.10891e+24	
481	1.10333e+24	
482	1.09806e+24	
483	1.0927e+24	
484	1.08802e+24	
485	1.08353e+24	
486	1.07834e+24	
487	1.07312e+24	
488	1.0686e+24	
489	1.064e+24	
490	1.05945e+24	
491	1.05465e+24	
492	1.05006e+24	
493	1.04548e+24	
494	1.04056e+24	
495	1.0366e+24	
496	1.03222e+24	
497	1.02758e+24	
498	1.02278e+24	
499	1.01777e+24	
500	1.01277e+24	
501	1.00796e+24	
502	1.00365e+24	
503	9.99755e+23	
504	9.95173e+23	
505	9.90687e+23	
506	9.86041e+23	
507	9.8152e+23	
508	9.77408e+23	
509	9.72547e+23	
510	9.67912e+23	
511	9.63013e+23	
512	9.58256e+23	
513	9.54425e+23	
514	9.49734e+23	
515	9.44822e+23	
516	9.39928e+23	
517	9.34398e+23	
518	9.29859e+23	
519	9.25577e+23	
520	9.21099e+23	
521	9.16218e+23	
522	9.1154e+23	
523	9.06792e+23	
524	9.02522e+23	
525	8.98493e+23	
526	8.94464e+23	
527	8.89864e+23	
528	8.85171e+23	
529	8.80579e+23	
530	8.76404e+23	
531	8.72457e+23	
532	8.68433e+23	
533	8.65132e+23	
534	8.61657e+23	
535	8.5812e+23	
536	8.54612e+23	
537	8.50865e+23	
538	8.47149e+23	
539	8.43976e+23	
540	8.40808e+23	
541	8.3764e+23	
542	8.3386e+23	
543	8.31368e+23	
544	8.28249e+23	
545	8.24615e+23	
546	8.21194e+23	
547	8.18151e+23	
548	8.14669e+23	
549	8.10939e+23	
550	8.07288e+23	
551	8.03898e+23	
552	7.99953e+23	
553	7.96394e+23	
554	7.93095e+23	
555	7.8881e+23	
556	7.85648e+23	
557	7.82116e+23	
558	7.78298e+23	
559	7.74554e+23	
560	7.71527e+23	
561	7.68029e+23	
562	7.6433e+23	
563	7.60405e+23	
564	7.56973e+23	
565	7.53316e+23	
566	7.49533e+23	
567	7.4593e+23	
568	7.42673e+23	
569	7.39395e+23	
570	7.3605e+23	
571	7.33032e+23	
572	7.29592e+23	
573	7.26434e+23	
574	7.23038e+23	
575	7.1974e+23	
576	7.16675e+23	
577	7.14206e+23	
578	7.10922e+23	
579	7.08093e+23	
580	7.05596e+23	
581	7.02358e+23	
582	6.99125e+23	
583	6.96124e+23	
584	6.92853e+23	
585	6.89395e+23	
586	6.86305e+23	
587	6.83563e+23	
588	6.80489e+23	
589	6.77255e+23	
590	6.74713e+23	
591	6.72008e+23	
592	6.68837e+23	
593	6.65786e+23	
594	6.63191e+23	
595	6.60164e+23	
596	6.57327e+23	
597	6.54443e+23	
598	6.51844e+23	
599	6.49253e+23	
600	6.46651e+23	
601	6.44438e+23	
602	6.41677e+23	
603	6.38923e+23	
604	6.36226e+23	
605	6.3318e+23	
606	6.30029e+23	
607	6.27449e+23	
608	6.24263e+23	
609	6.21314e+23	
610	6.18599e+23	
611	6.15952e+23	
612	6.12944e+23	
613	6.10247e+23	
614	6.07538e+23	
615	6.04599e+23	
616	6.01408e+23	
617	5.98947e+23	
618	5.96198e+23	
619	5.93164e+23	
620	5.90601e+23	
621	5.88156e+23	
622	5.85519e+23	
623	5.82476e+23	
624	5.79818e+23	
625	5.77313e+23	
626	5.74766e+23	
627	5.72384e+23	
628	5.69965e+23	
629	5.67354e+23	
630	5.65224e+23	
631	5.62763e+23	
632	5.60206e+23	
633	5.58023e+23	
634	5.55779e+23	
635	5.53471e+23	
636	5.51056e+23	
637	5.49109e+23	
638	5.46679e+23	
639	5.44047e+23	
640	5.41732e+23	
641	5.39336e+23	
642	5.36637e+23	
643	5.34613e+23	
644	5.32701e+23	
645	5.30672e+23	
646	5.28636e+23	
647	5.26752e+23	
648	5.2482e+23	
649	5.22811e+23	
650	5.20965e+23	
651	5.19327e+23	
652	5.17245e+23	
653	5.15204e+23	
654	5.13526e+23	
655	5.11668e+23	
656	5.09825e+23	
657	5.08104e+23	
658	5.06429e+23	
659	5.04573e+23	
660	5.02651e+23	
661	5.0073e+23	
662	4.9907e+23	
663	4.97191e+23	
664	4.95454e+23	
665	4.93741e+23	
666	4.92031e+23	
667	4.90251e+23	
668	4.88644e+23	
669	4.86914e+23	
670	4.85032e+23	
671	4.83239e+23	
672	4.815e+23	
673	4.79572e+23	
674	4.77691e+23	
675	4.76129e+23	
676	4.74553e+23	
677	4.72906e+23	
678	4.71274e+23	
679	4.69512e+23	
680	4.67507e+23	
681	4.6609e+23	
682	4.64212e+23	
683	4.62449e+23	
684	4.61108e+23	
685	4.59399e+23	
686	4.57827e+23	
687	4.56455e+23	
688	4.54845e+23	
689	4.53183e+23	
690	4.51341e+23	
691	4.49818e+23	
692	4.48049e+23	
693	4.46447e+23	
694	4.45095e+23	
695	4.43355e+23	
696	4.41889e+23	
697	4.40289e+23	
698	4.38793e+23	
699	4.36802e+23	
700	4.34993e+23	
701	4.3351e+23	
702	4.3171e+23	
703	4.30021e+23	
704	4.28639e+23	
705	4.26937e+23	
706	4.25313e+23	
707	4.23977e+23	
708	4.22399e+23	
709	4.21024e+23	
710	4.19565e+23	
711	4.18116e+23	
712	4.16443e+23	
713	4.14903e+23	
714	4.13447e+23	
715	4.11913e+23	
716	4.10493e+23	
717	4.09301e+23	
718	4.07857e+23	
719	4.06678e+23	
720	4.05213e+23	
721	4.03693e+23	
722	4.02487e+23	
723	4.00886e+23	
724	3.99645e+23	
725	3.98224e+23	
726	3.96678e+23	
727	3.95257e+23	
728	3.93963e+23	
729	3.92379e+23	
730	3.91099e+23	
731	3.89532e+23	
732	3.88067e+23	
733	3.86707e+23	
734	3.85431e+23	
735	3.84231e+23	
736	3.82709e+23	
737	3.81489e+23	
738	3.80322e+23	
739	3.79014e+23	
740	3.77824e+23	
741	3.76602e+23	
742	3.75334e+23	
743	3.74219e+23	
744	3.72845e+23	
745	3.71842e+23	
746	3.70479e+23	
747	3.69069e+23	
748	3.67855e+23	
749	3.6659e+23	
750	3.65207e+23	
751	3.64097e+23	
752	3.62902e+23	
753	3.61782e+23	
754	3.60732e+23	
755	3.59511e+23	
756	3.58339e+23	
757	3.57282e+23	
758	3.561e+23	
759	3.55042e+23	
760	3.53916e+23	
761	3.52739e+23	
762	3.51721e+23	
763	3.50576e+23	
764	3.4968e+23	
765	3.48501e+23	
766	3.47536e+23	
767	3.46483e+23	
768	3.45359e+23	
769	3.4445e+23	
770	3.43391e+23	
771	3.42526e+23	
772	3.41559e+23	
773	3.40528e+23	
774	3.39546e+23	
775	3.38613e+23	
776	3.37443e+23	
777	3.36539e+23	
778	3.35212e+23	
779	3.33942e+23	
780	3.32943e+23	
781	3.31959e+23	
782	3.30758e+23	
783	3.29825e+23	
784	3.28642e+23	
785	3.27585e+23	
786	3.26599e+23	
787	3.25539e+23	
788	3.24535e+23	
789	3.23341e+23	
790	3.22312e+23	
791	3.21495e+23	
792	3.20515e+23	
793	3.19582e+23	
794	3.18732e+23	
795	3.17678e+23	
796	3.16781e+23	
797	3.1572e+23	
798	3.14552e+23	
799	3.13509e+23	
800	3.12463e+23	
801	3.11336e+23	
802	3.10438e+23	
803	3.09477e+23	
804	3.08576e+23	
805	3.07599e+23	
806	3.0666e+23	
807	3.05724e+23	
808	3.04752e+23	
809	3.03823e+23	
810	3.02918e+23	
811	3.01882e+23	
812	3.01062e+23	
813	3.00187e+23	
814	2.99338e+23	
815	2.98407e+23	
816	2.97424e+23	
817	2.96565e+23	
818	2.95449e+23	
819	2.94633e+23	
820	2.93613e+23	
821	2.92565e+23	
822	2.9149e+23	
823	2.9057e+23	
824	2.8952e+23	
825	2.88684e+23	
826	2.87636e+23	
827	2.86796e+23	
828	2.85791e+23	
829	2.84702e+23	
830	2.83758e+23	
831	2.82834e+23	
832	2.81824e+23	
833	2.81056e+23	
834	2.8012e+23	
835	2.79194e+23	
836	2.7834e+23	
837	2.77355e+23	
838	2.76506e+23	
839	2.75237e+23	
840	2.74165e+23	
841	2.73318e+23	
842	2.72216e+23	
843	2.7131e+23	
844	2.70355e+23	
845	2.69349e+23	
846	2.68599e+23	
847	2.676e+23	
848	2.66891e+23	
849	2.66094e+23	
850	2.65185e+23	
851	2.64293e+23	
852	2.63503e+23	
853	2.62513e+23	
854	2.61692e+23	
855	2.60878e+23	
856	2.59984e+23	
857	2.59292e+23	
858	2.58397e+23	
859	2.57665e+23	
860	2.57019e+23	
861	2.56319e+23	
862	2.55622e+23	
863	2.54753e+23	
864	2.53852e+23	
865	2.53146e+23	
866	2.52236e+23	
867	2.51628e+23	
868	2.50836e+23	
869	2.50088e+23	
870	2.49444e+23	
871	2.48762e+23	
872	2.4801e+23	
873	2.47228e+23	
874	2.46365e+23	
875	2.45636e+23	
876	2.44858e+23	
877	2.44096e+23	
878	2.43457e+23	
879	2.42651e+23	
880	2.41861e+23	
881	2.41143e+23	
882	2.40466e+23	
883	2.39654e+23	
884	2.38951e+23	
885	2.37923e+23	
886	2.37156e+23	
887	2.36302e+23	
888	2.35579e+23	
889	2.34813e+23	
890	2.3402e+23	
891	2.33222e+23	
892	2.32575e+23	
893	2.31829e+23	
894	2.31048e+23	
895	2.30285e+23	
896	2.29573e+23	
897	2.2886e+23	
898	2.2816e+23	
899	2.27405e+23	
900	2.26762e+23	
901	2.2606e+23	
902	2.25243e+23	
903	2.24688e+23	
904	2.23884e+23	
905	2.23178e+23	
906	2.22483e+23	
907	2.21869e+23	
908	2.21201e+23	
909	2.20542e+23	
910	2.19792e+23	
911	2.19147e+23	
912	2.18371e+23	
913	2.1773e+23	
914	2.17033e+23	
915	2.1636e+23	
916	2.1553e+23	
917	2.14852e+23	
918	2.14149e+23	
919	2.13421e+23	
920	2.12702e+23	
921	2.12005e+23	
922	2.11295e+23	
923	2.1058e+23	
924	2.1002e+23	
925	2.09402e+23	
926	2.08768e+23	
927	2.07944e+23	
928	2.07168e+23	
929	2.06481e+23	
930	2.05827e+23	
931	2.05087e+23	
932	2.04498e+23	
933	2.03765e+23	
934	2.03285e+23	
935	2.02625e+23	
936	2.01961e+23	
937	2.01287e+23	
938	2.0065e+23	
939	2.0006e+23	
940	1.99196e+23	
941	1.98494e+23	
942	1.97776e+23	
943	1.97238e+23	
944	1.96485e+23	
945	1.95742e+23	
946	1.95059e+23	
947	1.94339e+23	
948	1.93773e+23	
949	1.93106e+23	
950	1.9239e+23	
951	1.91773e+23	
952	1.91003e+23	
953	1.90438e+23	
954	1.8981e+23	
955	1.89214e+23	
956	1.88607e+23	
957	1.8798e+23	
958	1.87313e+23	
959	1.86655e+23	
960	1.86103e+23	
961	1.85449e+23	
962	1.84812e+23	
963	1.84201e+23	
964	1.83588e+23	
965	1.82915e+23	
966	1.82298e+23	
967	1.81711e+23	
968	1.81221e+23	
969	1.80608e+23	
970	1.8002e+23	
971	1.79381e+23	
972	1.78831e+23	
973	1.78307e+23	
974	1.7771e+23	
975	1.77164e+23	
976	1.76589e+23	
977	1.75989e+23	
978	1.75331e+23	
979	1.74737e+23	
980	1.7414e+23	
981	1.73548e+23	
982	1.72887e+23	
983	1.72409e+23	
984	1.71766e+23	
985	1.71313e+23	
986	1.70823e+23	
987	1.70344e+23	
988	1.69867e+23	
989	1.69358e+23	
990	1.68947e+23	
991	1.68497e+23	
992	1.68013e+23	
993	1.67585e+23	
994	1.67102e+23	
995	1.66593e+23	
996	1.66054e+23	
997	1.65603e+23	
998	1.65189e+23	
999	1.64603e+23	
1000	1.6417e+23	
1001	1.6354e+23	
1002	1.63075e+23	
1003	1.62518e+23	
1004	1.62098e+23	
1005	1.61616e+23	
1006	1.61213e+23	
1007	1.60692e+23	
1008	1.60256e+23	
1009	1.59848e+23	
1010	1.59479e+23	
1011	1.59038e+23	
1012	1.58498e+23	
1013	1.58001e+23	
1014	1.57454e+23	
1015	1.56926e+23	
1016	1.56426e+23	
1017	1.55974e+23	
1018	1.5548e+23	
1019	1.55017e+23	
1020	1.54481e+23	
1021	1.53964e+23	
1022	1.53439e+23	
1023	1.52984e+23	
1024	1.52428e+23	
1025	1.51934e+23	
1026	1.51394e+23	
1027	1.50939e+23	
1028	1.5047e+23	
1029	1.5008e+23	
1030	1.49564e+23	
1031	1.49146e+23	
1032	1.48645e+23	
1033	1.48197e+23	
1034	1.47606e+23	
1035	1.47104e+23	
1036	1.46512e+23	
1037	1.46006e+23	
1038	1.45536e+23	
1039	1.45012e+23	
1040	1.44511e+23	
1041	1.43948e+23	
1042	1.43503e+23	
1043	1.43009e+23	
1044	1.42519e+23	
1045	1.4201e+23	
1046	1.41584e+23	
1047	1.41149e+23	
1048	1.40681e+23	
1049	1.4021e+23	
1050	1.39805e+23	
1051	1.39345e+23	
1052	1.38982e+23	
1053	1.38534e+23	
1054	1.38163e+23	
1055	1.37692e+23	
1056	1.3712e+23	
1057	1.36739e+23	
1058	1.36243e+23	
1059	1.35882e+23	
1060	1.35386e+23	
1061	1.3502e+23	
1062	1.34537e+23	
1063	1.34191e+23	
1064	1.33719e+23	
1065	1.33331e+23	
1066	1.32947e+23	
1067	1.32487e+23	
1068	1.32048e+23	
1069	1.31668e+23	
1070	1.31232e+23	
1071	1.30868e+23	
1072	1.30375e+23	
1073	1.30044e+23	
1074	1.29622e+23	
1075	1.29288e+23	
1076	1.28923e+23	
1077	1.28581e+23	
1078	1.2824e+23	
1079	1.27895e+23	
1080	1.27621e+23	
1081	1.2718e+23	
1082	1.26897e+23	
1083	1.26546e+23	
1084	1.26199e+23	
1085	1.2583e+23	
1086	1.25428e+23	
1087	1.25058e+23	
1088	1.24691e+23	
1089	1.2437e+23	
1090	1.23977e+23	
1091	1.23574e+23	
1092	1.2327e+23	
1093	1.22898e+23	
1094	1.22621e+23	
1095	1.22303e+23	
1096	1.21982e+23	
1097	1.21719e+23	
1098	1.21413e+23	
1099	1.21101e+23	
1100	1.20758e+23	
1101	1.20481e+23	
1102	1.20116e+23	
1103	1.1974e+23	
1104	1.19432e+23	
1105	1.1913e+23	
1106	1.18876e+23	
1107	1.18524e+23	
1108	1.18257e+23	
1109	1.17917e+23	
1110	1.17604e+23	
1111	1.17261e+23	
1112	1.16963e+23	
1113	1.16643e+23	
1114	1.16346e+23	
1115	1.16017e+23	
1116	1.15734e+23	
1117	1.15464e+23	
1118	1.15181e+23	
1119	1.14904e+23	
1120	1.14584e+23	
1121	1.14341e+23	
1122	1.13952e+23	
1123	1.13624e+23	
1124	1.13285e+23	
1125	1.12975e+23	
1126	1.12663e+23	
1127	1.12326e+23	
1128	1.12045e+23	
1129	1.11718e+23	
1130	1.11419e+23	
1131	1.11105e+23	
1132	1.10782e+23	
1133	1.10518e+23	
1134	1.10197e+23	
1135	1.0996e+23	
1136	1.09652e+23	
1137	1.0943e+23	
1138	1.09124e+23	
1139	1.08859e+23	
1140	1.08492e+23	
1141	1.08188e+23	
1142	1.07894e+23	
1143	1.07585e+23	
1144	1.07303e+23	
1145	1.07036e+23	
1146	1.06788e+23	
1147	1.06528e+23	
1148	1.06253e+23	
1149	1.06015e+23	
1150	1.05602e+23	
1151	1.05307e+23	
1152	1.04887e+23	
1153	1.04642e+23	
1154	1.04317e+23	
1155	1.04109e+23	
1156	1.03828e+23	
1157	1.03599e+23	
1158	1.03329e+23	
1159	1.03019e+23	
1160	1.02721e+23	
1161	1.02452e+23	
1162	1.0218e+23	
1163	1.01941e+23	
1164	1.01695e+23	
1165	1.01451e+23	
1166	1.01251e+23	
1167	1.01025e+23	
1168	1.0084e+23	
1169	1.00601e+23	
1170	1.00412e+23	
1171	1.00208e+23	
1172	1.0002e+23	
1173	9.97915e+22	
1174	9.95935e+22	
1175	9.93511e+22	
1176	9.91258e+22	
1177	9.89016e+22	
1178	9.87032e+22	
1179	9.8482e+22	
1180	9.82832e+22	
1181	9.81078e+22	
1182	9.7906e+22	
1183	9.77176e+22	
1184	9.75248e+22	
1185	9.73668e+22	
1186	9.70991e+22	
1187	9.69068e+22	
1188	9.6688e+22	
1189	9.65043e+22	
1190	9.63177e+22	
1191	9.61357e+22	
1192	9.59797e+22	
1193	9.57784e+22	
1194	9.56328e+22	
1195	9.54174e+22	
1196	9.52592e+22	
1197	9.5058e+22	
1198	9.48526e+22	
1199	9.46817e+22	
1200	9.45339e+22	
1201	9.43648e+22	
1202	9.4193e+22	
1203	9.40525e+22	
1204	9.39122e+22	
1205	9.3728e+22	
1206	9.35787e+22	
1207	9.33733e+22	
1208	9.32245e+22	
1209	9.30119e+22	
1210	9.28493e+22	
1211	9.26355e+22	
1212	9.24525e+22	
1213	9.23073e+22	
1214	9.21354e+22	
1215	9.19609e+22	
1216	9.1737e+22	
1217	9.14913e+22	
1218	9.12648e+22	
1219	9.10926e+22	
1220	9.09253e+22	
1221	9.07497e+22	
1222	9.05806e+22	
1223	9.04285e+22	
1224	9.02169e+22	
1225	9.00699e+22	
1226	8.98821e+22	
1227	8.96702e+22	
1228	8.94869e+22	
1229	8.92982e+22	
1230	8.91177e+22	
1231	8.89262e+22	
1232	8.8788e+22	
1233	8.85739e+22	
1234	8.83861e+22	
1235	8.81956e+22	
1236	8.80383e+22	
1237	8.78368e+22	
1238	8.76539e+22	
1239	8.74806e+22	
1240	8.73096e+22	
1241	8.7123e+22	
1242	8.69895e+22	
1243	8.68495e+22	
1244	8.67083e+22	
1245	8.65287e+22	
1246	8.64036e+22	
1247	8.62301e+22	
1248	8.60686e+22	
1249	8.591e+22	
1250	8.57335e+22	
1251	8.5601e+22	
1252	8.54278e+22	
1253	8.525e+22	
1254	8.50518e+22	
1255	8.48873e+22	
1256	8.47079e+22	
1257	8.45265e+22	
1258	8.43458e+22	
1259	8.41388e+22	
1260	8.39023e+22	
1261	8.37084e+22	
1262	8.35408e+22	
1263	8.33737e+22	
1264	8.31746e+22	
1265	8.30339e+22	
1266	8.28361e+22	
1267	8.26781e+22	
1268	8.24789e+22	
1269	8.23656e+22	
1270	8.21413e+22	
1271	8.19944e+22	
1272	8.18425e+22	
1273	8.16811e+22	
1274	8.14839e+22	
1275	8.13211e+22	
1276	8.11556e+22	
1277	8.09362e+22	
1278	8.07857e+22	
1279	8.05868e+22	
1280	8.04039e+22	
1281	8.02367e+22	
1282	7.99953e+22	
1283	7.98144e+22	
1284	7.96278e+22	
1285	7.9443e+22	
1286	7.92708e+22	
1287	7.91037e+22	
1288	7.89474e+22	
1289	7.87211e+22	
1290	7.85889e+22	
1291	7.83855e+22	
1292	7.82618e+22	
1293	7.80693e+22	
1294	7.79072e+22	
1295	7.76996e+22	
1296	7.75558e+22	
1297	7.73915e+22	
1298	7.72571e+22	
1299	7.70337e+22	
1300	7.68872e+22	
1301	7.66825e+22	
1302	7.65493e+22	
1303	7.63422e+22	
1304	7.61988e+22	
1305	7.60642e+22	
1306	7.59201e+22	
1307	7.57561e+22	
1308	7.56303e+22	
1309	7.54824e+22	
1310	7.53308e+22	
1311	7.51939e+22	
1312	7.50459e+22	
1313	7.48416e+22	
1314	7.47114e+22	
1315	7.45458e+22	
1316	7.44407e+22	
1317	7.42772e+22	
1318	7.41417e+22	
1319	7.39785e+22	
1320	7.384e+22	
1321	7.36737e+22	
1322	7.34487e+22	
1323	7.3319e+22	
1324	7.31356e+22	
1325	7.29954e+22	
1326	7.27843e+22	
1327	7.26447e+22	
1328	7.24937e+22	
1329	7.2361e+22	
1330	7.22315e+22	
1331	7.20778e+22	
1332	7.19296e+22	
1333	7.17908e+22	
1334	7.16352e+22	
1335	7.14983e+22	
1336	7.13464e+22	
1337	7.1194e+22	
1338	7.0981e+22	
1339	7.08299e+22	
1340	7.06371e+22	
1341	7.04348e+22	
1342	7.02894e+22	
1343	7.00866e+22	
1344	6.99564e+22	
1345	6.97725e+22	
1346	6.96366e+22	
1347	6.94537e+22	
1348	6.93063e+22	
1349	6.91563e+22	
1350	6.89985e+22	
1351	6.88659e+22	
1352	6.86862e+22	
1353	6.85286e+22	
1354	6.83315e+22	
1355	6.81936e+22	
1356	6.80009e+22	
1357	6.78642e+22	
1358	6.76874e+22	
1359	6.75292e+22	
1360	6.7381e+22	
1361	6.72299e+22	
1362	6.71113e+22	
1363	6.69637e+22	
1364	6.68109e+22	
1365	6.65989e+22	
1366	6.64371e+22	
1367	6.62968e+22	
1368	6.61156e+22	
1369	6.59502e+22	
1370	6.58074e+22	
1371	6.56359e+22	
1372	6.54997e+22	
1373	6.53343e+22	
1374	6.51831e+22	
1375	6.50222e+22	
1376	6.48862e+22	
1377	6.47351e+22	
1378	6.4597e+22	
1379	6.44437e+22	
1380	6.43101e+22	
1381	6.41829e+22	
1382	6.40425e+22	
1383	6.39109e+22	
1384	6.3764e+22	
1385	6.3665e+22	
1386	6.35462e+22	
1387	6.34152e+22	
1388	6.32761e+22	
1389	6.31329e+22	
1390	6.29899e+22	
1391	6.28738e+22	
1392	6.27206e+22	
1393	6.26151e+22	
1394	6.24832e+22	
1395	6.23619e+22	
1396	6.22029e+22	
1397	6.20618e+22	
1398	6.19013e+22	
1399	6.1761e+22	
1400	6.16198e+22	
1401	6.14938e+22	
1402	6.13864e+22	
1403	6.12552e+22	
1404	6.11339e+22	
1405	6.09816e+22	
1406	6.08744e+22	
1407	6.07202e+22	
1408	6.05546e+22	
1409	6.04305e+22	
1410	6.02763e+22	
1411	6.01649e+22	
1412	6.00124e+22	
1413	5.99219e+22	
1414	5.97358e+22	
1415	5.96311e+22	
1416	5.94904e+22	
1417	5.9365e+22	
1418	5.92185e+22	
1419	5.90815e+22	
1420	5.89723e+22	
1421	5.88169e+22	
1422	5.87301e+22	
1423	5.86007e+22	
1424	5.84749e+22	
1425	5.83499e+22	
1426	5.81978e+22	
1427	5.80991e+22	
1428	5.79754e+22	
1429	5.7858e+22	
1430	5.77375e+22	
1431	5.76347e+22	
1432	5.7494e+22	
1433	5.73652e+22	
1434	5.72687e+22	
1435	5.71676e+22	
1436	5.70605e+22	
1437	5.69671e+22	
1438	5.6859e+22	
1439	5.67807e+22	
1440	5.66585e+22	
1441	5.65556e+22	
1442	5.64356e+22	
1443	5.63271e+22	
1444	5.62103e+22	
1445	5.61059e+22	
1446	5.60142e+22	
1447	5.58913e+22	
1448	5.57912e+22	
1449	5.56787e+22	
1450	5.5587e+22	
1451	5.5487e+22	
1452	5.53766e+22	
1453	5.53e+22	
1454	5.51968e+22	
1455	5.5093e+22	
1456	5.49862e+22	
1457	5.48935e+22	
1458	5.48143e+22	
1459	5.47114e+22	
1460	5.46354e+22	
1461	5.45204e+22	
1462	5.44418e+22	
1463	5.4328e+22	
1464	5.42434e+22	
1465	5.41396e+22	
1466	5.40278e+22	
1467	5.39491e+22	
1468	5.38554e+22	
1469	5.37819e+22	
1470	5.36746e+22	
1471	5.35992e+22	
1472	5.35268e+22	
1473	5.34237e+22	
1474	5.33156e+22	
1475	5.32039e+22	
1476	5.312e+22	
1477	5.30217e+22	
1478	5.2901e+22	
1479	5.27922e+22	
1480	5.26808e+22	
1481	5.2582e+22	
1482	5.24566e+22	
1483	5.23608e+22	
1484	5.22433e+22	
1485	5.21299e+22	
1486	5.20331e+22	
1487	5.19395e+22	
1488	5.18526e+22	
1489	5.1768e+22	
1490	5.1699e+22	
1491	5.15763e+22	
1492	5.15113e+22	
1493	5.14116e+22	
1494	5.13277e+22	
1495	5.12403e+22	
1496	5.11222e+22	
1497	5.10312e+22	
1498	5.09112e+22	
1499	5.08331e+22	
1500	5.07445e+22	
1501	5.06567e+22	
1502	5.05638e+22	
1503	5.04697e+22	
1504	5.03949e+22	
1505	5.0286e+22	
1506	5.0202e+22	
1507	5.00924e+22	
1508	4.99982e+22	
1509	4.99017e+22	
1510	4.98235e+22	
1511	4.97215e+22	
1512	4.96385e+22	
1513	4.95493e+22	
1514	4.94464e+22	
1515	4.93724e+22	
1516	4.92686e+22	
1517	4.91781e+22	
1518	4.91056e+22	
1519	4.90268e+22	
1520	4.89233e+22	
1521	4.88345e+22	
1522	4.87565e+22	
1523	4.86798e+22	
1524	4.86024e+22	
1525	4.85254e+22	
1526	4.8452e+22	
1527	4.83735e+22	
1528	4.82827e+22	
1529	4.82107e+22	
1530	4.81221e+22	
1531	4.80299e+22	
1532	4.79134e+22	
1533	4.78276e+22	
1534	4.77224e+22	
1535	4.76348e+22	
1536	4.7535e+22	
1537	4.7449e+22	
1538	4.73459e+22	
1539	4.72341e+22	
1540	4.71493e+22	
1541	4.70485e+22	
1542	4.69701e+22	
1543	4.68587e+22	
1544	4.67881e+22	
1545	4.67124e+22	
1546	4.66202e+22	
1547	4.65498e+22	
1548	4.64565e+22	
1549	4.63703e+22	
1550	4.6273e+22	
1551	4.61718e+22	
1552	4.61029e+22	
1553	4.60107e+22	
1554	4.59183e+22	
1555	4.58458e+22	
1556	4.57615e+22	
1557	4.56953e+22	
1558	4.56145e+22	
1559	4.55431e+22	
1560	4.54696e+22	
1561	4.53898e+22	
1562	4.5304e+22	
1563	4.52237e+22	
1564	4.5131e+22	
1565	4.50775e+22	
1566	4.50123e+22	
1567	4.49454e+22	
1568	4.4862e+22	
1569	4.47818e+22	
1570	4.47232e+22	
1571	4.46443e+22	
1572	4.45713e+22	
1573	4.45071e+22	
1574	4.4452e+22	
1575	4.44036e+22	
1576	4.43435e+22	
1577	4.42949e+22	
1578	4.42315e+22	
1579	4.41568e+22	
1580	4.40958e+22	
1581	4.40171e+22	
1582	4.39639e+22	
1583	4.39015e+22	
1584	4.38402e+22	
1585	4.37791e+22	
1586	4.37148e+22	
1587	4.36399e+22	
1588	4.357e+22	
1589	4.34993e+22	
1590	4.34302e+22	
1591	4.33688e+22	
1592	4.32936e+22	
1593	4.32488e+22	
1594	4.31841e+22	
1595	4.31139e+22	
1596	4.30589e+22	
1597	4.29782e+22	
1598	4.29046e+22	
1599	4.28488e+22	
1600	4.27825e+22	
1601	4.27181e+22	
1602	4.26527e+22	
1603	4.25903e+22	
1604	4.25262e+22	
1605	4.2464e+22	
1606	4.23876e+22	
1607	4.2324e+22	
1608	4.22479e+22	
1609	4.21864e+22	
1610	4.21206e+22	
1611	4.20511e+22	
1612	4.19891e+22	
1613	4.19087e+22	
1614	4.18477e+22	
1615	4.17812e+22	
1616	4.16923e+22	
1617	4.16284e+22	
1618	4.15533e+22	
1619	4.14927e+22	
1620	4.13996e+22	
1621	4.1338e+22	
1622	4.12676e+22	
1623	4.12012e+22	
1624	4.11303e+22	
1625	4.10745e+22	
1626	4.10086e+22	
1627	4.09319e+22	
1628	4.08704e+22	
1629	4.08083e+22	
1630	4.07501e+22	
1631	4.06949e+22	
1632	4.06502e+22	
1633	4.05822e+22	
1634	4.05096e+22	
1635	4.045e+22	
1636	4.03846e+22	
1637	4.03091e+22	
1638	4.02331e+22	
1639	4.01671e+22	
1640	4.01089e+22	
1641	4.00475e+22	
1642	3.99913e+22	
1643	3.99335e+22	
1644	3.98744e+22	
1645	3.98056e+22	
1646	3.97219e+22	
1647	3.96601e+22	
1648	3.95855e+22	
1649	3.95416e+22	
1650	3.94835e+22	
1651	3.94264e+22	
1652	3.93644e+22	
1653	3.92994e+22	
1654	3.92216e+22	
1655	3.91538e+22	
1656	3.90763e+22	
1657	3.90029e+22	
1658	3.89434e+22	
1659	3.88668e+22	
1660	3.87906e+22	
1661	3.8738e+22	
1662	3.86853e+22	
1663	3.86164e+22	
1664	3.85616e+22	
1665	3.84846e+22	
1666	3.8422e+22	
1667	3.83624e+22	
1668	3.83077e+22	
1669	3.82461e+22	
1670	3.81789e+22	
1671	3.8118e+22	
1672	3.80514e+22	
1673	3.80002e+22	
1674	3.79391e+22	
1675	3.78795e+22	
1676	3.782e+22	
1677	3.77422e+22	
1678	3.76804e+22	
1679	3.7626e+22	
1680	3.75624e+22	
1681	3.75122e+22	
1682	3.74535e+22	
1683	3.73963e+22	
1684	3.7336e+22	
1685	3.72547e+22	
1686	3.72088e+22	
1687	3.71663e+22	
1688	3.70991e+22	
1689	3.70453e+22	
1690	3.69853e+22	
1691	3.69297e+22	
1692	3.68711e+22	
1693	3.68011e+22	
1694	3.67491e+22	
1695	3.66738e+22	
1696	3.66308e+22	
1697	3.65852e+22	
1698	3.65177e+22	
1699	3.6465e+22	
1700	3.64067e+22	
1701	3.63501e+22	
1702	3.63123e+22	
1703	3.62356e+22	
1704	3.61848e+22	
1705	3.61424e+22	
1706	3.60883e+22	
1707	3.60462e+22	
1708	3.60006e+22	
1709	3.59499e+22	
1710	3.58983e+22	
1711	3.58484e+22	
1712	3.57907e+22	
1713	3.57402e+22	
1714	3.56792e+22	
1715	3.5639e+22	
1716	3.55966e+22	
1717	3.55486e+22	
1718	3.5488e+22	
1719	3.5422e+22	
1720	3.53771e+22	
1721	3.53295e+22	
1722	3.52642e+22	
1723	3.52166e+22	
1724	3.51617e+22	
1725	3.50967e+22	
1726	3.50549e+22	
1727	3.49923e+22	
1728	3.49535e+22	
1729	3.4895e+22	
1730	3.48374e+22	
1731	3.47939e+22	
1732	3.47388e+22	
1733	3.46829e+22	
1734	3.4644e+22	
1735	3.45977e+22	
1736	3.45588e+22	
1737	3.45049e+22	
1738	3.446e+22	
1739	3.44254e+22	
1740	3.4365e+22	
1741	3.43267e+22	
1742	3.42853e+22	
1743	3.4224e+22	
1744	3.41814e+22	
1745	3.41487e+22	
1746	3.40982e+22	
1747	3.40658e+22	
1748	3.4027e+22	
1749	3.39828e+22	
1750	3.39397e+22	
1751	3.38786e+22	
1752	3.38375e+22	
1753	3.38056e+22	
1754	3.3762e+22	
1755	3.37199e+22	
1756	3.36843e+22	
1757	3.36398e+22	
1758	3.36009e+22	
1759	3.35362e+22	
1760	3.34847e+22	
1761	3.34252e+22	
1762	3.33774e+22	
1763	3.33377e+22	
1764	3.32944e+22	
1765	3.32403e+22	
1766	3.31939e+22	
1767	3.31427e+22	
1768	3.30925e+22	
1769	3.30564e+22	
1770	3.30007e+22	
1771	3.2968e+22	
1772	3.29124e+22	
1773	3.2853e+22	
1774	3.28002e+22	
1775	3.27444e+22	
1776	3.26938e+22	
1777	3.26526e+22	
1778	3.25904e+22	
1779	3.25371e+22	
1780	3.24874e+22	
1781	3.24503e+22	
1782	3.23979e+22	
1783	3.23349e+22	
1784	3.22871e+22	
1785	3.22169e+22	
1786	3.21674e+22	
1787	3.21286e+22	
1788	3.20729e+22	
1789	3.20349e+22	
1790	3.19892e+22	
1791	3.19245e+22	
1792	3.18864e+22	
1793	3.18266e+22	
1794	3.17708e+22	
1795	3.17247e+22	
1796	3.16612e+22	
1797	3.15917e+22	
1798	3.15398e+22	
1799	3.14875e+22	
1800	3.14414e+22	
1801	3.13869e+22	
1802	3.13311e+22	
1803	3.12887e+22	
1804	3.12271e+22	
1805	3.11846e+22	
1806	3.11281e+22	
1807	3.10642e+22	
1808	3.10032e+22	
1809	3.09429e+22	
1810	3.0886e+22	
1811	3.08386e+22	
1812	3.07925e+22	
1813	3.07509e+22	
1814	3.07101e+22	
1815	3.06593e+22	
1816	3.05964e+22	
1817	3.05478e+22	
1818	3.04836e+22	
1819	3.04064e+22	
1820	3.03702e+22	
1821	3.0307e+22	
1822	3.02649e+22	
1823	3.02327e+22	
1824	3.01818e+22	
1825	3.01089e+22	
1826	3.00568e+22	
1827	3.00125e+22	
1828	2.99677e+22	
1829	2.99155e+22	
1830	2.9879e+22	
1831	2.98291e+22	
1832	2.97839e+22	
1833	2.97425e+22	
1834	2.96828e+22	
1835	2.96454e+22	
1836	2.95955e+22	
1837	2.95397e+22	
1838	2.95003e+22	
1839	2.94457e+22	
1840	2.93842e+22	
1841	2.93487e+22	
1842	2.92904e+22	
1843	2.92483e+22	
1844	2.92023e+22	
1845	2.91547e+22	
1846	2.91198e+22	
1847	2.90583e+22	
1848	2.90187e+22	
1849	2.89666e+22	
1850	2.89116e+22	
1851	2.88691e+22	
1852	2.88215e+22	
1853	2.87773e+22	
1854	2.8742e+22	
1855	2.86891e+22	
1856	2.86453e+22	
1857	2.85923e+22	
1858	2.85315e+22	
1859	2.84975e+22	
1860	2.84478e+22	
1861	2.83943e+22	
1862	2.83534e+22	
1863	2.83014e+22	
1864	2.82467e+22	
1865	2.82013e+22	
1866	2.81438e+22	
1867	2.8093e+22	
1868	2.80424e+22	
1869	2.79877e+22	
1870	2.795e+22	
1871	2.79023e+22	
1872	2.7862e+22	
1873	2.78125e+22	
1874	2.77429e+22	
1875	2.76882e+22	
1876	2.76472e+22	
1877	2.76051e+22	
1878	2.75752e+22	
1879	2.753e+22	
1880	2.74926e+22	
1881	2.74541e+22	
1882	2.7406e+22	
1883	2.73667e+22	
1884	2.73233e+22	
1885	2.72832e+22	
1886	2.72512e+22	
1887	2.7204e+22	
1888	2.71669e+22	
1889	2.71219e+22	
1890	2.70822e+22	
1891	2.70474e+22	
1892	2.70099e+22	
1893	2.69629e+22	
1894	2.69269e+22	
1895	2.68969e+22	
1896	2.68645e+22	
1897	2.68377e+22	
1898	2.68e+22	
1899	2.67645e+22	
1900	2.67287e+22	
1901	2.66883e+22	
1902	2.6661e+22	
1903	2.66284e+22	
1904	2.6588e+22	
1905	2.65566e+22	
1906	2.65297e+22	
1907	2.64857e+22	
1908	2.64627e+22	
1909	2.64394e+22	
1910	2.64037e+22	
1911	2.63685e+22	
1912	2.63404e+22	
1913	2.63117e+22	
1914	2.62847e+22	
1915	2.62553e+22	
1916	2.62219e+22	
1917	2.61983e+22	
1918	2.61692e+22	
1919	2.61386e+22	
1920	2.61147e+22	
1921	2.60763e+22	
1922	2.6035e+22	
1923	2.6007e+22	
1924	2.59824e+22	
1925	2.59509e+22	
1926	2.5916e+22	
1927	2.58915e+22	
1928	2.58665e+22	
1929	2.58314e+22	
1930	2.57946e+22	
1931	2.57662e+22	
1932	2.57262e+22	
1933	2.56829e+22	
1934	2.56483e+22	
1935	2.56209e+22	
1936	2.5593e+22	
1937	2.55652e+22	
1938	2.5535e+22	
1939	2.55078e+22	
1940	2.54658e+22	
1941	2.54309e+22	
1942	2.53996e+22	
1943	2.53665e+22	
1944	2.5323e+22	
1945	2.5301e+22	
1946	2.52638e+22	
1947	2.52315e+22	
1948	2.52102e+22	
1949	2.51806e+22	
1950	2.51433e+22	
1951	2.51249e+22	
1952	2.50869e+22	
1953	2.50507e+22	
1954	2.50192e+22	
1955	2.49807e+22	
1956	2.49539e+22	
1957	2.49205e+22	
1958	2.48893e+22	
1959	2.4857e+22	
1960	2.48324e+22	
1961	2.48047e+22	
1962	2.4771e+22	
1963	2.47465e+22	
1964	2.47098e+22	
1965	2.46782e+22	
1966	2.46558e+22	
1967	2.46238e+22	
1968	2.45852e+22	
1969	2.45594e+22	
1970	2.45238e+22	
1971	2.4484e+22	
1972	2.44509e+22	
1973	2.44184e+22	
1974	2.43906e+22	
1975	2.43649e+22	
1976	2.43255e+22	
1977	2.42904e+22	
1978	2.42556e+22	
1979	2.42135e+22	
1980	2.41802e+22	
1981	2.41417e+22	
1982	2.40973e+22	
1983	2.40693e+22	
1984	2.40431e+22	
1985	2.40087e+22	
1986	2.39828e+22	
1987	2.39569e+22	
1988	2.39098e+22	
1989	2.38717e+22	
1990	2.38446e+22	
1991	2.38067e+22	
1992	2.37757e+22	
1993	2.37537e+22	
1994	2.37285e+22	
1995	2.36817e+22	
1996	2.36564e+22	
1997	2.36263e+22	
1998	2.3593e+22	
1999	2.35566e+22	
2000	2.35316e+22	
2001	2.3502e+22	
2002	2.34728e+22	
2003	2.34479e+22	
2004	2.34195e+22	
2005	2.33853e+22	
2006	2.33304e+22	
2007	2.32943e+22	
2008	2.32628e+22	
2009	2.32309e+22	
2010	2.32045e+22	
2011	2.3179e+22	
2012	2.31423e+22	
2013	2.31123e+22	
2014	2.30771e+22	
2015	2.30523e+22	
2016	2.30193e+22	
2017	2.29836e+22	
2018	2.29549e+22	
2019	2.29261e+22	
2020	2.28966e+22	
2021	2.28819e+22	
2022	2.28623e+22	
2023	2.28277e+22	
2024	2.27963e+22	
2025	2.27797e+22	
2026	2.27538e+22	
2027	2.27045e+22	
2028	2.26792e+22	
2029	2.26515e+22	
2030	2.26175e+22	
2031	2.25906e+22	
2032	2.25698e+22	
2033	2.25412e+22	
2034	2.25153e+22	
2035	2.24969e+22	
2036	2.24534e+22	
2037	2.24228e+22	
2038	2.24049e+22	
2039	2.23822e+22	
2040	2.23451e+22	
2041	2.23256e+22	
2042	2.23026e+22	
2043	2.22805e+22	
2044	2.22638e+22	
2045	2.22431e+22	
2046	2.2204e+22	
2047	2.21725e+22	
2048	2.2154e+22	
2049	2.21279e+22	
2050	2.20993e+22	
2051	2.20837e+22	
2052	2.20589e+22	
2053	2.20304e+22	
2054	2.20033e+22	
2055	2.19813e+22	
2056	2.1953e+22	
2057	2.19333e+22	
2058	2.19128e+22	
2059	2.1889e+22	
2060	2.18633e+22	
2061	2.18354e+22	
2062	2.18129e+22	
2063	2.17893e+22	
2064	2.17493e+22	
2065	2.17254e+22	
2066	2.17058e+22	
2067	2.16688e+22	
2068	2.16444e+22	
2069	2.16205e+22	
2070	2.15903e+22	
2071	2.15636e+22	
2072	2.15397e+22	
2073	2.15086e+22	
2074	2.14898e+22	
2075	2.14686e+22	
2076	2.14405e+22	
2077	2.14063e+22	
2078	2.13853e+22	
2079	2.13562e+22	
2080	2.13301e+22	
2081	2.13129e+22	
2082	2.12903e+22	
2083	2.1254e+22	
2084	2.1229e+22	
2085	2.12144e+22	
2086	2.11804e+22	
2087	2.11568e+22	
2088	2.11346e+22	
2089	2.11087e+22	
2090	2.10699e+22	
2091	2.10445e+22	
2092	2.1011e+22	
2093	2.09797e+22	
2094	2.09503e+22	
2095	2.0927e+22	
2096	2.09053e+22	
2097	2.08809e+22	
2098	2.08563e+22	
2099	2.08391e+22	
2100	2.08151e+22	
2101	2.07775e+22	
2102	2.07493e+22	
2103	2.07306e+22	
2104	2.07079e+22	
2105	2.06817e+22	
2106	2.06616e+22	
2107	2.06387e+22	
2108	2.06119e+22	
2109	2.05914e+22	
2110	2.05608e+22	
2111	2.05092e+22	
2112	2.04823e+22	
2113	2.04479e+22	
2114	2.04063e+22	
2115	2.03801e+22	
2116	2.03546e+22	
2117	2.03192e+22	
2118	2.02827e+22	
2119	2.02476e+22	
2120	2.02032e+22	
2121	2.0173e+22	
2122	2.01538e+22	
2123	2.01206e+22	
2124	2.00849e+22	
2125	2.0057e+22	
2126	2.0023e+22	
2127	1.99949e+22	
2128	1.99731e+22	
2129	1.99454e+22	
2130	1.99077e+22	
2131	1.98759e+22	
2132	1.98484e+22	
2133	1.98132e+22	
2134	1.97866e+22	
2135	1.97659e+22	
2136	1.97296e+22	
2137	1.96877e+22	
2138	1.96625e+22	
2139	1.96312e+22	
2140	1.95948e+22	
2141	1.95731e+22	
2142	1.95421e+22	
2143	1.9503e+22	
2144	1.94832e+22	
2145	1.94676e+22	
2146	1.94448e+22	
2147	1.94122e+22	
2148	1.93873e+22	
2149	1.93508e+22	
2150	1.93219e+22	
2151	1.93045e+22	
2152	1.92858e+22	
2153	1.92623e+22	
2154	1.92412e+22	
2155	1.92249e+22	
2156	1.91898e+22	
2157	1.91651e+22	
2158	1.91454e+22	
2159	1.91254e+22	
2160	1.91035e+22	
2161	1.90819e+22	
2162	1.90582e+22	
2163	1.90366e+22	
2164	1.90193e+22	
2165	1.89946e+22	
2166	1.89591e+22	
2167	1.89343e+22	
2168	1.89131e+22	
2169	1.88931e+22	
2170	1.8872e+22	
2171	1.88536e+22	
2172	1.8834e+22	
2173	1.88124e+22	
2174	1.87869e+22	
2175	1.8766e+22	
2176	1.87451e+22	
2177	1.87181e+22	
2178	1.87025e+22	
2179	1.86826e+22	
2180	1.86478e+22	
2181	1.86271e+22	
2182	1.86128e+22	
2183	1.85846e+22	
2184	1.85518e+22	
2185	1.85301e+22	
2186	1.85127e+22	
2187	1.84949e+22	
2188	1.84747e+22	
2189	1.84537e+22	
2190	1.84266e+22	
2191	1.84087e+22	
2192	1.8393e+22	
2193	1.8374e+22	
2194	1.83512e+22	
2195	1.83312e+22	
2196	1.83053e+22	
2197	1.82779e+22	
2198	1.82538e+22	
2199	1.82333e+22	
2200	1.82136e+22	
2201	1.81904e+22	
2202	1.81696e+22	
2203	1.81443e+22	
2204	1.81224e+22	
2205	1.80993e+22	
2206	1.80794e+22	
2207	1.80597e+22	
2208	1.80372e+22	
2209	1.80227e+22	
2210	1.79985e+22	
2211	1.79808e+22	
2212	1.7965e+22	
2213	1.79391e+22	
2214	1.7906e+22	
2215	1.78761e+22	
2216	1.78556e+22	
2217	1.78305e+22	
2218	1.78078e+22	
2219	1.7794e+22	
2220	1.77734e+22	
2221	1.77468e+22	
2222	1.77274e+22	
2223	1.7706e+22	
2224	1.76729e+22	
2225	1.76452e+22	
2226	1.76193e+22	
2227	1.75835e+22	
2228	1.75571e+22	
2229	1.754e+22	
2230	1.75169e+22	
2231	1.74887e+22	
2232	1.74667e+22	
2233	1.74388e+22	
2234	1.74154e+22	
2235	1.73944e+22	
2236	1.73726e+22	
2237	1.73527e+22	
2238	1.73252e+22	
2239	1.7303e+22	
2240	1.72806e+22	
2241	1.72553e+22	
2242	1.72347e+22	
2243	1.72158e+22	
2244	1.71936e+22	
2245	1.7165e+22	
2246	1.71361e+22	
2247	1.7109e+22	
2248	1.70867e+22	
2249	1.70632e+22	
2250	1.70383e+22	
2251	1.70075e+22	
2252	1.69898e+22	
2253	1.6958e+22	
2254	1.69299e+22	
2255	1.69075e+22	
2256	1.68855e+22	
2257	1.68651e+22	
2258	1.68231e+22	
2259	1.68014e+22	
2260	1.67824e+22	
2261	1.67629e+22	
2262	1.67383e+22	
2263	1.67045e+22	
2264	1.66841e+22	
2265	1.66641e+22	
2266	1.6646e+22	
2267	1.66272e+22	
2268	1.66091e+22	
2269	1.658e+22	
2270	1.65484e+22	
2271	1.65228e+22	
2272	1.65053e+22	
2273	1.64842e+22	
2274	1.64663e+22	
2275	1.64503e+22	
2276	1.64314e+22	
2277	1.64066e+22	
2278	1.63894e+22	
2279	1.63623e+22	
2280	1.63404e+22	
2281	1.63143e+22	
2282	1.62911e+22	
2283	1.62571e+22	
2284	1.62382e+22	
2285	1.62197e+22	
2286	1.61978e+22	
2287	1.61673e+22	
2288	1.61411e+22	
2289	1.61153e+22	
2290	1.60941e+22	
2291	1.60763e+22	
2292	1.60522e+22	
2293	1.60352e+22	
2294	1.60153e+22	
2295	1.60001e+22	
2296	1.59767e+22	
2297	1.59546e+22	
2298	1.59333e+22	
2299	1.59104e+22	
2300	1.58849e+22	
2301	1.58612e+22	
2302	1.58401e+22	
2303	1.58214e+22	
2304	1.57966e+22	
2305	1.57715e+22	
2306	1.57327e+22	
2307	1.57041e+22	
2308	1.56791e+22	
2309	1.56522e+22	
2310	1.56241e+22	
2311	1.55909e+22	
2312	1.55747e+22	
2313	1.55601e+22	
2314	1.55427e+22	
2315	1.55243e+22	
2316	1.54991e+22	
2317	1.54767e+22	
2318	1.54526e+22	
2319	1.54298e+22	
2320	1.541e+22	
2321	1.5388e+22	
2322	1.53704e+22	
2323	1.53427e+22	
2324	1.53189e+22	
2325	1.5299e+22	
2326	1.52824e+22	
2327	1.52591e+22	
2328	1.5236e+22	
2329	1.52096e+22	
2330	1.51796e+22	
2331	1.51608e+22	
2332	1.51473e+22	
2333	1.5128e+22	
2334	1.50987e+22	
2335	1.50682e+22	
2336	1.50484e+22	
2337	1.50316e+22	
2338	1.50104e+22	
2339	1.49934e+22	
2340	1.49775e+22	
2341	1.49616e+22	
2342	1.49379e+22	
2343	1.49187e+22	
2344	1.49037e+22	
2345	1.48887e+22	
2346	1.48621e+22	
2347	1.48415e+22	
2348	1.48272e+22	
2349	1.48168e+22	
2350	1.4801e+22	
2351	1.4781e+22	
2352	1.47527e+22	
2353	1.47257e+22	
2354	1.47068e+22	
2355	1.46883e+22	
2356	1.46706e+22	
2357	1.46574e+22	
2358	1.46419e+22	
2359	1.46231e+22	
2360	1.45994e+22	
2361	1.45706e+22	
2362	1.45495e+22	
2363	1.45279e+22	
2364	1.45063e+22	
2365	1.4488e+22	
2366	1.44671e+22	
2367	1.44542e+22	
2368	1.44364e+22	
2369	1.44152e+22	
2370	1.43906e+22	
2371	1.43696e+22	
2372	1.43507e+22	
2373	1.43305e+22	
2374	1.43129e+22	
2375	1.42962e+22	
2376	1.42789e+22	
2377	1.42595e+22	
2378	1.42426e+22	
2379	1.42231e+22	
2380	1.41993e+22	
2381	1.41811e+22	
2382	1.41667e+22	
2383	1.41443e+22	
2384	1.41179e+22	
2385	1.4093e+22	
2386	1.40746e+22	
2387	1.40627e+22	
2388	1.40443e+22	
2389	1.40259e+22	
2390	1.40035e+22	
2391	1.39866e+22	
2392	1.39678e+22	
2393	1.39474e+22	
2394	1.39291e+22	
2395	1.39075e+22	
2396	1.38906e+22	
2397	1.38721e+22	
2398	1.38549e+22	
2399	1.38431e+22	
2400	1.38276e+22	
2401	1.38132e+22	
2402	1.37949e+22	
2403	1.37794e+22	
2404	1.37615e+22	
2405	1.37488e+22	
2406	1.3738e+22	
2407	1.37223e+22	
2408	1.37004e+22	
2409	1.36812e+22	
2410	1.36668e+22	
2411	1.36579e+22	
2412	1.36466e+22	
2413	1.36327e+22	
2414	1.36082e+22	
2415	1.35934e+22	
2416	1.35835e+22	
2417	1.35685e+22	
2418	1.35526e+22	
2419	1.35327e+22	
2420	1.35194e+22	
2421	1.35075e+22	
2422	1.34958e+22	
2423	1.34866e+22	
2424	1.34771e+22	
2425	1.34654e+22	
2426	1.34496e+22	
2427	1.34296e+22	
2428	1.34184e+22	
2429	1.34083e+22	
2430	1.33988e+22	
2431	1.33831e+22	
2432	1.33707e+22	
2433	1.3354e+22	
2434	1.33416e+22	
2435	1.33288e+22	
2436	1.33118e+22	
2437	1.32968e+22	
2438	1.32818e+22	
2439	1.32744e+22	
2440	1.3262e+22	
2441	1.32469e+22	
2442	1.32294e+22	
2443	1.32142e+22	
2444	1.31994e+22	
2445	1.31772e+22	
2446	1.31573e+22	
2447	1.3146e+22	
2448	1.31318e+22	
2449	1.31136e+22	
2450	1.30939e+22	
2451	1.30848e+22	
2452	1.30713e+22	
2453	1.30585e+22	
2454	1.30468e+22	
2455	1.30306e+22	
2456	1.30149e+22	
2457	1.29985e+22	
2458	1.29852e+22	
2459	1.29712e+22	
2460	1.29583e+22	
2461	1.29408e+22	
2462	1.29286e+22	
2463	1.2917e+22	
2464	1.29047e+22	
2465	1.28865e+22	
2466	1.28697e+22	
2467	1.28552e+22	
2468	1.28423e+22	
2469	1.28263e+22	
2470	1.28182e+22	
2471	1.28101e+22	
2472	1.27999e+22	
2473	1.27769e+22	
2474	1.2758e+22	
2475	1.27468e+22	
2476	1.27342e+22	
2477	1.2722e+22	
2478	1.27019e+22	
2479	1.26868e+22	
2480	1.2678e+22	
2481	1.26672e+22	
2482	1.26494e+22	
2483	1.26285e+22	
2484	1.26148e+22	
2485	1.26028e+22	
2486	1.25877e+22	
2487	1.25759e+22	
2488	1.25664e+22	
2489	1.25569e+22	
2490	1.25431e+22	
2491	1.2521e+22	
2492	1.25039e+22	
2493	1.24938e+22	
2494	1.24794e+22	
2495	1.24649e+22	
2496	1.24491e+22	
2497	1.24339e+22	
2498	1.24163e+22	
2499	1.24027e+22	
2500	1.23892e+22	
2501	1.23742e+22	
2502	1.23552e+22	
2503	1.23416e+22	
2504	1.233e+22	
2505	1.2319e+22	
2506	1.23063e+22	
2507	1.22928e+22	
2508	1.22795e+22	
2509	1.22663e+22	
2510	1.22491e+22	
2511	1.22366e+22	
2512	1.22262e+22	
2513	1.22146e+22	
2514	1.22011e+22	
2515	1.21865e+22	
2516	1.2175e+22	
2517	1.21659e+22	
2518	1.21453e+22	
2519	1.21258e+22	
2520	1.2107e+22	
2521	1.20966e+22	
2522	1.20822e+22	
2523	1.20713e+22	
2524	1.20578e+22	
2525	1.20484e+22	
2526	1.20376e+22	
2527	1.20271e+22	
2528	1.20136e+22	
2529	1.20029e+22	
2530	1.19939e+22	
2531	1.19869e+22	
2532	1.19765e+22	
2533	1.19593e+22	
2534	1.19444e+22	
2535	1.19341e+22	
2536	1.19248e+22	
2537	1.19106e+22	
2538	1.18954e+22	
2539	1.18782e+22	
2540	1.18695e+22	
2541	1.18611e+22	
2542	1.18511e+22	
2543	1.18353e+22	
2544	1.18233e+22	
2545	1.18112e+22	
2546	1.17986e+22	
2547	1.178e+22	
2548	1.17663e+22	
2549	1.17533e+22	
2550	1.17435e+22	
2551	1.17309e+22	
2552	1.17202e+22	
2553	1.17063e+22	
2554	1.16977e+22	
2555	1.16865e+22	
2556	1.1663e+22	
2557	1.16451e+22	
2558	1.1634e+22	
2559	1.16242e+22	
2560	1.16149e+22	
2561	1.15968e+22	
2562	1.15821e+22	
2563	1.15707e+22	
2564	1.15582e+22	
2565	1.15412e+22	
2566	1.15257e+22	
2567	1.15151e+22	
2568	1.15018e+22	
2569	1.14864e+22	
2570	1.14716e+22	
2571	1.146e+22	
2572	1.14458e+22	
2573	1.143e+22	
2574	1.14169e+22	
2575	1.14042e+22	
2576	1.13973e+22	
2577	1.13868e+22	
2578	1.13771e+22	
2579	1.13617e+22	
2580	1.13499e+22	
2581	1.13315e+22	
2582	1.1314e+22	
2583	1.13023e+22	
2584	1.12912e+22	
2585	1.12762e+22	
2586	1.12604e+22	
2587	1.12499e+22	
2588	1.124e+22	
2589	1.12301e+22	
2590	1.12101e+22	
2591	1.11959e+22	
2592	1.11835e+22	
2593	1.11738e+22	
2594	1.11671e+22	
2595	1.11579e+22	
2596	1.11496e+22	
2597	1.11377e+22	
2598	1.11177e+22	
2599	1.10957e+22	
2600	1.10829e+22	
2601	1.10731e+22	
2602	1.10611e+22	
2603	1.10434e+22	
2604	1.1032e+22	
2605	1.1022e+22	
2606	1.10126e+22	
2607	1.09965e+22	
2608	1.09861e+22	
2609	1.0974e+22	
2610	1.09595e+22	
2611	1.09453e+22	
2612	1.09306e+22	
2613	1.09224e+22	
2614	1.09143e+22	
2615	1.09013e+22	
2616	1.08853e+22	
2617	1.08732e+22	
2618	1.08638e+22	
2619	1.08525e+22	
2620	1.08398e+22	
2621	1.08126e+22	
2622	1.07967e+22	
2623	1.07876e+22	
2624	1.07793e+22	
2625	1.07682e+22	
2626	1.07568e+22	
2627	1.07432e+22	
2628	1.07307e+22	
2629	1.07203e+22	
2630	1.07118e+22	
2631	1.06995e+22	
2632	1.06884e+22	
2633	1.06771e+22	
2634	1.06639e+22	
2635	1.06522e+22	
2636	1.06365e+22	
2637	1.06256e+22	
2638	1.06138e+22	
2639	1.05987e+22	
2640	1.05855e+22	
2641	1.0574e+22	
2642	1.05673e+22	
2643	1.05559e+22	
2644	1.05444e+22	
2645	1.05276e+22	
2646	1.05159e+22	
2647	1.05008e+22	
2648	1.04914e+22	
2649	1.04843e+22	
2650	1.04774e+22	
2651	1.04649e+22	
2652	1.04482e+22	
2653	1.04338e+22	
2654	1.04256e+22	
2655	1.0415e+22	
2656	1.0401e+22	
2657	1.03861e+22	
2658	1.03791e+22	
2659	1.03734e+22	
2660	1.03612e+22	
2661	1.03512e+22	
2662	1.03388e+22	
2663	1.03296e+22	
2664	1.03201e+22	
2665	1.03075e+22	
2666	1.03005e+22	
2667	1.02937e+22	
2668	1.02854e+22	
2669	1.02687e+22	
2670	1.025e+22	
2671	1.02429e+22	
2672	1.02319e+22	
2673	1.02191e+22	
2674	1.02065e+22	
2675	1.01972e+22	
2676	1.01906e+22	
2677	1.01828e+22	
2678	1.01697e+22	
2679	1.01581e+22	
2680	1.01466e+22	
2681	1.01337e+22	
2682	1.01225e+22	
2683	1.01168e+22	
2684	1.01077e+22	
2685	1.0097e+22	
2686	1.00783e+22	
2687	1.00687e+22	
2688	1.00582e+22	
2689	1.00505e+22	
2690	1.00348e+22	
2691	1.00255e+22	
2692	1.00182e+22	
2693	1.00088e+22	
2694	9.99711e+21	
2695	9.98534e+21	
2696	9.97793e+21	
2697	9.96902e+21	
2698	9.95745e+21	
2699	9.94382e+21	
2700	9.93601e+21	
2701	9.92881e+21	
2702	9.91517e+21	
2703	9.90114e+21	
2704	9.88797e+21	
2705	9.88185e+21	
2706	9.87412e+21	
2707	9.86318e+21	
2708	9.84733e+21	
2709	9.83449e+21	
2710	9.82349e+21	
2711	9.81572e+21	
2712	9.80743e+21	
2713	9.80191e+21	
2714	9.79378e+21	
2715	9.78414e+21	
2716	9.77212e+21	
2717	9.761e+21	
2718	9.75245e+21	
2719	9.74406e+21	
2720	9.73368e+21	
2721	9.72368e+21	
2722	9.714e+21	
2723	9.70552e+21	
2724	9.69261e+21	
2725	9.68237e+21	
2726	9.6709e+21	
2727	9.66468e+21	
2728	9.65547e+21	
2729	9.64663e+21	
2730	9.63727e+21	
2731	9.62948e+21	
2732	9.62071e+21	
2733	9.60471e+21	
2734	9.5907e+21	
2735	9.57989e+21	
2736	9.56843e+21	
2737	9.55752e+21	
2738	9.54884e+21	
2739	9.54368e+21	
2740	9.53663e+21	
2741	9.52583e+21	
2742	9.51159e+21	
2743	9.50234e+21	
2744	9.49385e+21	
2745	9.48467e+21	
2746	9.47428e+21	
2747	9.46667e+21	
2748	9.46041e+21	
2749	9.45089e+21	
2750	9.44327e+21	
2751	9.43601e+21	
2752	9.42896e+21	
2753	9.42199e+21	
2754	9.40982e+21	
2755	9.39891e+21	
2756	9.38809e+21	
2757	9.38096e+21	
2758	9.3733e+21	
2759	9.3633e+21	
2760	9.35484e+21	
2761	9.34405e+21	
2762	9.33394e+21	
2763	9.3251e+21	
2764	9.31714e+21	
2765	9.30855e+21	
2766	9.29469e+21	
2767	9.28178e+21	
2768	9.27147e+21	
2769	9.26668e+21	
2770	9.25768e+21	
2771	9.24587e+21	
2772	9.22928e+21	
2773	9.22032e+21	
2774	9.21281e+21	
2775	9.20308e+21	
2776	9.19362e+21	
2777	9.18171e+21	
2778	9.17367e+21	
2779	9.16349e+21	
2780	9.15579e+21	
2781	9.14766e+21	
2782	9.13561e+21	
2783	9.12382e+21	
2784	9.11171e+21	
2785	9.10515e+21	
2786	9.09782e+21	
2787	9.09025e+21	
2788	9.08035e+21	
2789	9.07112e+21	
2790	9.06028e+21	
2791	9.04923e+21	
2792	9.03739e+21	
2793	9.02778e+21	
2794	9.01963e+21	
2795	9.01265e+21	
2796	9.00461e+21	
2797	8.9935e+21	
2798	8.97835e+21	
2799	8.9692e+21	
2800	8.95732e+21	
2801	8.94995e+21	
2802	8.94197e+21	
2803	8.93188e+21	
2804	8.9237e+21	
2805	8.91495e+21	
2806	8.90495e+21	
2807	8.89614e+21	
2808	8.88642e+21	
2809	8.87765e+21	
2810	8.86989e+21	
2811	8.86292e+21	
2812	8.8541e+21	
2813	8.84642e+21	
2814	8.83839e+21	
2815	8.82882e+21	
2816	8.8187e+21	
2817	8.80623e+21	
2818	8.79193e+21	
2819	8.78286e+21	
2820	8.77763e+21	
2821	8.77149e+21	
2822	8.75963e+21	
2823	8.74595e+21	
2824	8.7317e+21	
2825	8.72534e+21	
2826	8.71523e+21	
2827	8.70476e+21	
2828	8.69512e+21	
2829	8.68771e+21	
2830	8.68208e+21	
2831	8.67312e+21	
2832	8.66489e+21	
2833	8.65523e+21	
2834	8.64316e+21	
2835	8.6314e+21	
2836	8.62026e+21	
2837	8.61535e+21	
2838	8.60999e+21	
2839	8.60458e+21	
2840	8.59894e+21	
2841	8.59208e+21	
2842	8.58454e+21	
2843	8.57307e+21	
2844	8.55932e+21	
2845	8.55064e+21	
2846	8.54246e+21	
2847	8.53376e+21	
2848	8.52438e+21	
2849	8.51752e+21	
2850	8.51059e+21	
2851	8.50541e+21	
2852	8.49976e+21	
2853	8.49194e+21	
2854	8.48166e+21	
2855	8.47576e+21	
2856	8.47064e+21	
2857	8.46589e+21	
2858	8.4594e+21	
2859	8.45316e+21	
2860	8.44738e+21	
2861	8.44063e+21	
2862	8.43465e+21	
2863	8.42618e+21	
2864	8.4192e+21	
2865	8.41241e+21	
2866	8.40653e+21	
2867	8.40138e+21	
2868	8.3938e+21	
2869	8.38516e+21	
2870	8.37801e+21	
2871	8.37439e+21	
2872	8.36945e+21	
2873	8.36247e+21	
2874	8.35067e+21	
2875	8.34134e+21	
2876	8.33481e+21	
2877	8.3291e+21	
2878	8.32469e+21	
2879	8.31963e+21	
2880	8.31343e+21	
2881	8.30732e+21	
2882	8.29996e+21	
2883	8.29461e+21	
2884	8.28849e+21	
2885	8.28378e+21	
2886	8.27779e+21	
2887	8.27095e+21	
2888	8.26514e+21	
2889	8.26029e+21	
2890	8.25451e+21	
2891	8.24601e+21	
2892	8.23939e+21	
2893	8.23447e+21	
2894	8.23009e+21	
2895	8.2236e+21	
2896	8.2179e+21	
2897	8.21177e+21	
2898	8.20491e+21	
2899	8.19546e+21	
2900	8.18392e+21	
2901	8.17598e+21	
2902	8.17151e+21	
2903	8.16748e+21	
2904	8.16227e+21	
2905	8.15505e+21	
2906	8.14917e+21	
2907	8.14159e+21	
2908	8.13577e+21	
2909	8.12614e+21	
2910	8.1188e+21	
2911	8.11233e+21	
2912	8.10793e+21	
2913	8.10258e+21	
2914	8.0977e+21	
2915	8.09144e+21	
2916	8.0841e+21	
2917	8.07841e+21	
2918	8.07305e+21	
2919	8.06723e+21	
2920	8.06026e+21	
2921	8.05481e+21	
2922	8.05079e+21	
2923	8.04575e+21	
2924	8.03914e+21	
2925	8.02884e+21	
2926	8.01825e+21	
2927	8.01175e+21	
2928	8.00507e+21	
2929	8.0009e+21	
2930	7.99421e+21	
2931	7.9878e+21	
2932	7.98013e+21	
2933	7.97462e+21	
2934	7.96716e+21	
2935	7.95781e+21	
2936	7.95079e+21	
2937	7.94253e+21	
2938	7.9381e+21	
2939	7.93545e+21	
2940	7.93275e+21	
2941	7.9288e+21	
2942	7.92134e+21	
2943	7.91313e+21	
2944	7.90509e+21	
2945	7.89992e+21	
2946	7.89347e+21	
2947	7.88712e+21	
2948	7.87781e+21	
2949	7.8702e+21	
2950	7.86171e+21	
2951	7.85544e+21	
2952	7.84789e+21	
2953	7.83953e+21	
2954	7.83238e+21	
2955	7.82577e+21	
2956	7.82059e+21	
2957	7.81379e+21	
2958	7.80762e+21	
2959	7.79721e+21	
2960	7.78905e+21	
2961	7.77949e+21	
2962	7.77131e+21	
2963	7.76249e+21	
2964	7.75427e+21	
2965	7.74976e+21	
2966	7.74484e+21	
2967	7.73912e+21	
2968	7.72948e+21	
2969	7.71648e+21	
2970	7.70791e+21	
2971	7.70157e+21	
2972	7.69716e+21	
2973	7.69242e+21	
2974	7.68837e+21	
2975	7.68302e+21	
2976	7.67649e+21	
2977	7.66895e+21	
2978	7.66098e+21	
2979	7.65316e+21	
2980	7.64534e+21	
2981	7.63918e+21	
2982	7.63274e+21	
2983	7.62681e+21	
2984	7.62044e+21	
2985	7.61489e+21	
2986	7.60814e+21	
2987	7.60261e+21	
2988	7.59506e+21	
2989	7.58624e+21	
2990	7.57851e+21	
2991	7.57431e+21	
2992	7.57006e+21	
2993	7.56587e+21	
2994	7.56031e+21	
2995	7.55204e+21	
2996	7.54459e+21	
2997	7.53644e+21	
2998	7.5319e+21	
2999	7.52705e+21	
3000	7.52285e+21	
3001	7.51606e+21	
3002	7.51133e+21	
3003	7.50785e+21	
3004	7.50297e+21	
3005	7.49652e+21	
3006	7.48644e+21	
3007	7.47858e+21	
3008	7.47124e+21	
3009	7.46582e+21	
3010	7.46119e+21	
3011	7.45596e+21	
3012	7.45066e+21	
3013	7.44138e+21	
3014	7.43221e+21	
3015	7.42577e+21	
3016	7.41775e+21	
3017	7.41202e+21	
3018	7.4067e+21	
3019	7.40271e+21	
3020	7.39729e+21	
3021	7.39107e+21	
3022	7.3837e+21	
3023	7.37806e+21	
3024	7.37422e+21	
3025	7.37016e+21	
3026	7.36642e+21	
3027	7.3619e+21	
3028	7.35726e+21	
3029	7.35168e+21	
3030	7.34599e+21	
3031	7.3384e+21	
3032	7.33366e+21	
3033	7.32988e+21	
3034	7.32606e+21	
3035	7.32224e+21	
3036	7.31652e+21	
3037	7.31147e+21	
3038	7.30725e+21	
3039	7.30094e+21	
3040	7.29669e+21	
3041	7.29036e+21	
3042	7.28489e+21	
3043	7.28042e+21	
3044	7.27719e+21	
3045	7.27261e+21	
3046	7.26717e+21	
3047	7.25769e+21	
3048	7.24895e+21	
3049	7.24365e+21	
3050	7.2393e+21	
3051	7.23586e+21	
3052	7.23133e+21	
3053	7.22741e+21	
3054	7.22261e+21	
3055	7.21726e+21	
3056	7.2126e+21	
3057	7.20712e+21	
3058	7.1991e+21	
3059	7.19242e+21	
3060	7.18659e+21	
3061	7.18194e+21	
3062	7.17692e+21	
3063	7.17007e+21	
3064	7.16064e+21	
3065	7.15263e+21	
3066	7.1447e+21	
3067	7.13683e+21	
3068	7.1267e+21	
3069	7.12005e+21	
3070	7.11568e+21	
3071	7.11138e+21	
3072	7.10674e+21	
3073	7.09889e+21	
3074	7.08955e+21	
3075	7.07389e+21	
3076	7.06568e+21	
3077	7.05988e+21	
3078	7.05591e+21	
3079	7.05031e+21	
3080	7.04447e+21	
3081	7.03557e+21	
3082	7.02687e+21	
3083	7.02024e+21	
3084	7.0141e+21	
3085	7.00837e+21	
3086	6.99967e+21	
3087	6.99216e+21	
3088	6.9851e+21	
3089	6.97897e+21	
3090	6.97286e+21	
3091	6.96291e+21	
3092	6.95619e+21	
3093	6.94967e+21	
3094	6.94577e+21	
3095	6.94182e+21	
3096	6.93725e+21	
3097	6.93103e+21	
3098	6.925e+21	
3099	6.91653e+21	
3100	6.91156e+21	
3101	6.90513e+21	
3102	6.89961e+21	
3103	6.89607e+21	
3104	6.89162e+21	
3105	6.88673e+21	
3106	6.87916e+21	
3107	6.87021e+21	
3108	6.85697e+21	
3109	6.84751e+21	
3110	6.84336e+21	
3111	6.83943e+21	
3112	6.83656e+21	
3113	6.83135e+21	
3114	6.82452e+21	
3115	6.81905e+21	
3116	6.81432e+21	
3117	6.80792e+21	
3118	6.79962e+21	
3119	6.79067e+21	
3120	6.78303e+21	
3121	6.77638e+21	
3122	6.77249e+21	
3123	6.76864e+21	
3124	6.76193e+21	
3125	6.75434e+21	
3126	6.74811e+21	
3127	6.74166e+21	
3128	6.73708e+21	
3129	6.73104e+21	
3130	6.72665e+21	
3131	6.72225e+21	
3132	6.71669e+21	
3133	6.71054e+21	
3134	6.70336e+21	
3135	6.694e+21	
3136	6.68662e+21	
3137	6.68014e+21	
3138	6.67661e+21	
3139	6.67198e+21	
3140	6.66589e+21	
3141	6.66034e+21	
3142	6.65506e+21	
3143	6.64932e+21	
3144	6.6439e+21	
3145	6.63576e+21	
3146	6.62804e+21	
3147	6.62136e+21	
3148	6.61683e+21	
3149	6.61407e+21	
3150	6.60929e+21	
3151	6.60343e+21	
3152	6.59635e+21	
3153	6.58801e+21	
3154	6.58252e+21	
3155	6.57854e+21	
3156	6.57494e+21	
3157	6.56921e+21	
3158	6.56324e+21	
3159	6.55816e+21	
3160	6.55174e+21	
3161	6.54704e+21	
3162	6.54154e+21	
3163	6.53652e+21	
3164	6.53145e+21	
3165	6.52662e+21	
3166	6.52123e+21	
3167	6.5158e+21	
3168	6.50792e+21	
3169	6.49914e+21	
3170	6.49219e+21	
3171	6.48624e+21	
3172	6.48089e+21	
3173	6.47669e+21	
3174	6.47291e+21	
3175	6.46686e+21	
3176	6.46119e+21	
3177	6.45439e+21	
3178	6.44956e+21	
3179	6.44261e+21	
3180	6.43618e+21	
3181	6.43074e+21	
3182	6.42642e+21	
3183	6.4229e+21	
3184	6.418e+21	
3185	6.41033e+21	
3186	6.40404e+21	
3187	6.3974e+21	
3188	6.39256e+21	
3189	6.38828e+21	
3190	6.38343e+21	
3191	6.37922e+21	
3192	6.37296e+21	
3193	6.36663e+21	
3194	6.36096e+21	
3195	6.35472e+21	
3196	6.3459e+21	
3197	6.33676e+21	
3198	6.32811e+21	
3199	6.31904e+21	
3200	6.31447e+21	
3201	6.31113e+21	
3202	6.30662e+21	
3203	6.3012e+21	
3204	6.2938e+21	
3205	6.28634e+21	
3206	6.2765e+21	
3207	6.27155e+21	
3208	6.26658e+21	
3209	6.26126e+21	
3210	6.25796e+21	
3211	6.25307e+21	
3212	6.24865e+21	
3213	6.24096e+21	
3214	6.234e+21	
3215	6.22823e+21	
3216	6.2238e+21	
3217	6.21959e+21	
3218	6.21483e+21	
3219	6.20917e+21	
3220	6.20156e+21	
3221	6.19483e+21	
3222	6.18983e+21	
3223	6.18396e+21	
3224	6.17767e+21	
3225	6.1738e+21	
3226	6.17027e+21	
3227	6.16681e+21	
3228	6.16154e+21	
3229	6.15572e+21	
3230	6.14896e+21	
3231	6.13918e+21	
3232	6.13312e+21	
3233	6.12855e+21	
3234	6.12452e+21	
3235	6.12018e+21	
3236	6.11581e+21	
3237	6.11002e+21	
3238	6.10436e+21	
3239	6.09557e+21	
3240	6.08979e+21	
3241	6.08398e+21	
3242	6.08055e+21	
3243	6.07688e+21	
3244	6.07305e+21	
3245	6.0701e+21	
3246	6.06502e+21	
3247	6.05665e+21	
3248	6.05149e+21	
3249	6.04607e+21	
3250	6.04162e+21	
3251	6.03735e+21	
3252	6.03002e+21	
3253	6.02403e+21	
3254	6.01752e+21	
3255	6.01313e+21	
3256	6.00931e+21	
3257	6.00437e+21	
3258	5.99907e+21	
3259	5.99557e+21	
3260	5.99283e+21	
3261	5.9906e+21	
3262	5.98845e+21	
3263	5.98535e+21	
3264	5.98037e+21	
3265	5.97338e+21	
3266	5.96505e+21	
3267	5.95873e+21	
3268	5.95319e+21	
3269	5.94686e+21	
3270	5.94291e+21	
3271	5.93812e+21	
3272	5.93337e+21	
3273	5.92668e+21	
3274	5.92117e+21	
3275	5.91563e+21	
3276	5.90948e+21	
3277	5.90326e+21	
3278	5.89932e+21	
3279	5.89453e+21	
3280	5.88946e+21	
3281	5.88461e+21	
3282	5.88069e+21	
3283	5.8778e+21	
3284	5.87356e+21	
3285	5.86909e+21	
3286	5.86273e+21	
3287	5.85601e+21	
3288	5.85246e+21	
3289	5.85006e+21	
3290	5.84593e+21	
3291	5.84227e+21	
3292	5.83766e+21	
3293	5.83176e+21	
3294	5.82496e+21	
3295	5.8197e+21	
3296	5.81498e+21	
3297	5.81128e+21	
3298	5.80852e+21	
3299	5.80471e+21	
3300	5.79932e+21	
3301	5.79304e+21	
3302	5.78795e+21	
3303	5.78339e+21	
3304	5.77957e+21	
3305	5.77556e+21	
3306	5.77116e+21	
3307	5.76595e+21	
3308	5.76163e+21	
3309	5.7562e+21	
3310	5.7526e+21	
3311	5.74986e+21	
3312	5.7464e+21	
3313	5.74177e+21	
3314	5.73739e+21	
3315	5.73068e+21	
3316	5.72544e+21	
3317	5.71855e+21	
3318	5.71025e+21	
3319	5.70548e+21	
3320	5.70025e+21	
3321	5.69826e+21	
3322	5.6958e+21	
3323	5.69294e+21	
3324	5.6895e+21	
3325	5.68505e+21	
3326	5.67951e+21	
3327	5.67231e+21	
3328	5.6635e+21	
3329	5.65584e+21	
3330	5.64893e+21	
3331	5.64189e+21	
3332	5.63685e+21	
3333	5.63214e+21	
3334	5.62703e+21	
3335	5.62178e+21	
3336	5.6165e+21	
3337	5.61223e+21	
3338	5.60746e+21	
3339	5.60197e+21	
3340	5.59618e+21	
3341	5.5909e+21	
3342	5.58564e+21	
3343	5.58133e+21	
3344	5.57741e+21	
3345	5.57138e+21	
3346	5.56641e+21	
3347	5.55994e+21	
3348	5.55678e+21	
3349	5.55102e+21	
3350	5.54739e+21	
3351	5.54298e+21	
3352	5.53688e+21	
3353	5.5312e+21	
3354	5.52653e+21	
3355	5.52081e+21	
3356	5.5157e+21	
3357	5.51195e+21	
3358	5.50882e+21	
3359	5.50509e+21	
3360	5.50021e+21	
3361	5.49444e+21	
3362	5.48866e+21	
3363	5.48445e+21	
3364	5.4816e+21	
3365	5.47951e+21	
3366	5.47665e+21	
3367	5.47254e+21	
3368	5.46837e+21	
3369	5.4618e+21	
3370	5.45893e+21	
3371	5.45574e+21	
3372	5.45183e+21	
3373	5.44777e+21	
3374	5.44127e+21	
3375	5.43324e+21	
3376	5.42706e+21	
3377	5.42109e+21	
3378	5.41417e+21	
3379	5.40913e+21	
3380	5.40244e+21	
3381	5.39829e+21	
3382	5.39274e+21	
3383	5.38875e+21	
3384	5.38503e+21	
3385	5.38045e+21	
3386	5.37582e+21	
3387	5.371e+21	
3388	5.36596e+21	
3389	5.36132e+21	
3390	5.35371e+21	
3391	5.34928e+21	
3392	5.34473e+21	
3393	5.34094e+21	
3394	5.33662e+21	
3395	5.33271e+21	
3396	5.32844e+21	
3397	5.32316e+21	
3398	5.31829e+21	
3399	5.31397e+21	
3400	5.30869e+21	
3401	5.30485e+21	
3402	5.30001e+21	
3403	5.29264e+21	
3404	5.28748e+21	
3405	5.28328e+21	
3406	5.2798e+21	
3407	5.27578e+21	
3408	5.27177e+21	
3409	5.2675e+21	
3410	5.26152e+21	
3411	5.25619e+21	
3412	5.24864e+21	
3413	5.24203e+21	
3414	5.23511e+21	
3415	5.23143e+21	
3416	5.22788e+21	
3417	5.22595e+21	
3418	5.22223e+21	
3419	5.21702e+21	
3420	5.21363e+21	
3421	5.20737e+21	
3422	5.20043e+21	
3423	5.19329e+21	
3424	5.18677e+21	
3425	5.18301e+21	
3426	5.17871e+21	
3427	5.17586e+21	
3428	5.17323e+21	
3429	5.17042e+21	
3430	5.16702e+21	
3431	5.16321e+21	
3432	5.15833e+21	
3433	5.15126e+21	
3434	5.14423e+21	
3435	5.13852e+21	
3436	5.13134e+21	
3437	5.12473e+21	
3438	5.11898e+21	
3439	5.11332e+21	
3440	5.1089e+21	
3441	5.10193e+21	
3442	5.09545e+21	
3443	5.09027e+21	
3444	5.08456e+21	
3445	5.08043e+21	
3446	5.07478e+21	
3447	5.07086e+21	
3448	5.06685e+21	
3449	5.06097e+21	
3450	5.05631e+21	
3451	5.04973e+21	
3452	5.04031e+21	
3453	5.036e+21	
3454	5.03285e+21	
3455	5.0288e+21	
3456	5.02342e+21	
3457	5.01438e+21	
3458	5.00733e+21	
3459	4.99803e+21	
3460	4.99199e+21	
3461	4.98881e+21	
3462	4.98546e+21	
3463	4.98223e+21	
3464	4.97752e+21	
3465	4.97222e+21	
3466	4.96801e+21	
3467	4.9632e+21	
3468	4.95727e+21	
3469	4.95334e+21	
3470	4.94884e+21	
3471	4.9427e+21	
3472	4.93559e+21	
3473	4.92977e+21	
3474	4.9243e+21	
3475	4.91837e+21	
3476	4.9143e+21	
3477	4.91099e+21	
3478	4.90761e+21	
3479	4.90354e+21	
3480	4.8981e+21	
3481	4.88941e+21	
3482	4.88225e+21	
3483	4.87682e+21	
3484	4.87044e+21	
3485	4.86446e+21	
3486	4.85851e+21	
3487	4.85408e+21	
3488	4.8494e+21	
3489	4.84518e+21	
3490	4.84101e+21	
3491	4.83792e+21	
3492	4.83397e+21	
3493	4.82888e+21	
3494	4.82335e+21	
3495	4.81821e+21	
3496	4.81265e+21	
3497	4.80793e+21	
3498	4.80399e+21	
3499	4.79993e+21	
3500	4.79465e+21	
3501	4.78966e+21	
3502	4.78591e+21	
3503	4.78035e+21	
3504	4.77552e+21	
3505	4.77107e+21	
3506	4.76678e+21	
3507	4.7604e+21	
3508	4.75242e+21	
3509	4.74296e+21	
3510	4.73991e+21	
3511	4.7365e+21	
3512	4.73357e+21	
3513	4.7309e+21	
3514	4.72753e+21	
3515	4.72291e+21	
3516	4.71683e+21	
3517	4.70861e+21	
3518	4.70208e+21	
3519	4.69396e+21	
3520	4.68553e+21	
3521	4.67948e+21	
3522	4.67452e+21	
3523	4.66961e+21	
3524	4.66561e+21	
3525	4.6619e+21	
3526	4.65896e+21	
3527	4.65519e+21	
3528	4.65152e+21	
3529	4.64786e+21	
3530	4.64226e+21	
3531	4.63493e+21	
3532	4.63112e+21	
3533	4.62771e+21	
3534	4.62487e+21	
3535	4.62304e+21	
3536	4.61927e+21	
3537	4.61599e+21	
3538	4.61168e+21	
3539	4.60761e+21	
3540	4.60539e+21	
3541	4.60131e+21	
3542	4.59758e+21	
3543	4.59423e+21	
3544	4.58972e+21	
3545	4.58576e+21	
3546	4.58135e+21	
3547	4.57825e+21	
3548	4.57616e+21	
3549	4.57242e+21	
3550	4.57017e+21	
3551	4.56515e+21	
3552	4.55962e+21	
3553	4.55492e+21	
3554	4.54929e+21	
3555	4.54542e+21	
3556	4.54188e+21	
3557	4.53906e+21	
3558	4.53578e+21	
3559	4.53208e+21	
3560	4.52843e+21	
3561	4.52377e+21	
3562	4.52033e+21	
3563	4.5173e+21	
3564	4.51376e+21	
3565	4.51053e+21	
3566	4.50757e+21	
3567	4.50374e+21	
3568	4.50097e+21	
3569	4.49782e+21	
3570	4.49507e+21	
3571	4.49314e+21	
3572	4.4908e+21	
3573	4.48719e+21	
3574	4.48316e+21	
3575	4.47964e+21	
3576	4.47635e+21	
3577	4.47406e+21	
3578	4.47151e+21	
3579	4.46819e+21	
3580	4.46554e+21	
3581	4.46062e+21	
3582	4.45544e+21	
3583	4.4526e+21	
3584	4.44932e+21	
3585	4.44655e+21	
3586	4.4434e+21	
3587	4.43878e+21	
3588	4.43249e+21	
3589	4.42759e+21	
3590	4.42408e+21	
3591	4.42154e+21	
3592	4.41805e+21	
3593	4.415e+21	
3594	4.41237e+21	
3595	4.40935e+21	
3596	4.40697e+21	
3597	4.40494e+21	
3598	4.40238e+21	
3599	4.40006e+21	
3600	4.39693e+21	
3601	4.39357e+21	
3602	4.3889e+21	
3603	4.38279e+21	
3604	4.37759e+21	
3605	4.37479e+21	
3606	4.37135e+21	
3607	4.36922e+21	
3608	4.36679e+21	
3609	4.36463e+21	
3610	4.36146e+21	
3611	4.35875e+21	
3612	4.35615e+21	
3613	4.35337e+21	
3614	4.34969e+21	
3615	4.34679e+21	
3616	4.34357e+21	
3617	4.34022e+21	
3618	4.33743e+21	
3619	4.33516e+21	
3620	4.3331e+21	
3621	4.33119e+21	
3622	4.32906e+21	
3623	4.32587e+21	
3624	4.32231e+21	
3625	4.31625e+21	
3626	4.31178e+21	
3627	4.30911e+21	
3628	4.30659e+21	
3629	4.30395e+21	
3630	4.30136e+21	
3631	4.29857e+21	
3632	4.29558e+21	
3633	4.29288e+21	
3634	4.29017e+21	
3635	4.28652e+21	
3636	4.28045e+21	
3637	4.27386e+21	
3638	4.26981e+21	
3639	4.26531e+21	
3640	4.26146e+21	
3641	4.25927e+21	
3642	4.257e+21	
3643	4.25472e+21	
3644	4.25222e+21	
3645	4.24902e+21	
3646	4.24584e+21	
3647	4.24158e+21	
3648	4.23888e+21	
3649	4.2353e+21	
3650	4.23148e+21	
3651	4.22839e+21	
3652	4.22507e+21	
3653	4.22242e+21	
3654	4.21931e+21	
3655	4.21729e+21	
3656	4.21563e+21	
3657	4.2133e+21	
3658	4.21006e+21	
3659	4.204e+21	
3660	4.19904e+21	
3661	4.19527e+21	
3662	4.19238e+21	
3663	4.18977e+21	
3664	4.18794e+21	
3665	4.18558e+21	
3666	4.18346e+21	
3667	4.18092e+21	
3668	4.17557e+21	
3669	4.16916e+21	
3670	4.16632e+21	
3671	4.16323e+21	
3672	4.16095e+21	
3673	4.15939e+21	
3674	4.15688e+21	
3675	4.15446e+21	
3676	4.15188e+21	
3677	4.1493e+21	
3678	4.14682e+21	
3679	4.14373e+21	
3680	4.14017e+21	
3681	4.13701e+21	
3682	4.13237e+21	
3683	4.12795e+21	
3684	4.12391e+21	
3685	4.12204e+21	
3686	4.11936e+21	
3687	4.11723e+21	
3688	4.11542e+21	
3689	4.11321e+21	
3690	4.10977e+21	
3691	4.10452e+21	
3692	4.10015e+21	
3693	4.09576e+21	
3694	4.09151e+21	
3695	4.08944e+21	
3696	4.0872e+21	
3697	4.0846e+21	
3698	4.08162e+21	
3699	4.0787e+21	
3700	4.07656e+21	
3701	4.07504e+21	
3702	4.07287e+21	
3703	4.07054e+21	
3704	4.0681e+21	
3705	4.06476e+21	
3706	4.0615e+21	
3707	4.05847e+21	
3708	4.05505e+21	
3709	4.05225e+21	
3710	4.04998e+21	
3711	4.04731e+21	
3712	4.04471e+21	
3713	4.04193e+21	
3714	4.039e+21	
3715	4.03699e+21	
3716	4.03337e+21	
3717	4.03061e+21	
3718	4.02803e+21	
3719	4.02479e+21	
3720	4.02147e+21	
3721	4.01836e+21	
3722	4.01542e+21	
3723	4.01295e+21	
3724	4.0098e+21	
3725	4.00725e+21	
3726	4.00356e+21	
3727	4.0004e+21	
3728	3.99706e+21	
3729	3.9946e+21	
3730	3.99154e+21	
3731	3.9881e+21	
3732	3.98606e+21	
3733	3.98299e+21	
3734	3.98036e+21	
3735	3.97631e+21	
3736	3.97295e+21	
3737	3.97018e+21	
3738	3.96814e+21	
3739	3.96602e+21	
3740	3.96288e+21	
3741	3.95851e+21	
3742	3.95411e+21	
3743	3.94882e+21	
3744	3.94452e+21	
3745	3.94101e+21	
3746	3.93726e+21	
3747	3.9349e+21	
3748	3.93242e+21	
3749	3.93069e+21	
3750	3.92859e+21	
3751	3.9268e+21	
3752	3.92371e+21	
3753	3.92019e+21	
3754	3.91652e+21	
3755	3.91206e+21	
3756	3.9064e+21	
3757	3.90156e+21	
3758	3.89785e+21	
3759	3.89308e+21	
3760	3.89041e+21	
3761	3.88855e+21	
3762	3.88663e+21	
3763	3.88424e+21	
3764	3.88027e+21	
3765	3.87645e+21	
3766	3.87265e+21	
3767	3.86881e+21	
3768	3.86611e+21	
3769	3.86153e+21	
3770	3.85796e+21	
3771	3.85347e+21	
3772	3.84916e+21	
3773	3.84614e+21	
3774	3.84136e+21	
3775	3.83827e+21	
3776	3.83328e+21	
3777	3.82707e+21	
3778	3.82276e+21	
3779	3.82046e+21	
3780	3.81821e+21	
3781	3.81626e+21	
3782	3.81414e+21	
3783	3.81192e+21	
3784	3.80802e+21	
3785	3.80401e+21	
3786	3.7973e+21	
3787	3.79196e+21	
3788	3.78773e+21	
3789	3.78376e+21	
3790	3.78072e+21	
3791	3.77837e+21	
3792	3.77599e+21	
3793	3.77418e+21	
3794	3.77298e+21	
3795	3.77129e+21	
3796	3.76942e+21	
3797	3.76694e+21	
3798	3.76295e+21	
3799	3.75825e+21	
3800	3.75457e+21	
3801	3.74862e+21	
3802	3.74524e+21	
3803	3.74313e+21	
3804	3.74159e+21	
3805	3.73991e+21	
3806	3.73786e+21	
3807	3.73549e+21	
3808	3.73197e+21	
3809	3.7274e+21	
3810	3.72509e+21	
3811	3.72146e+21	
3812	3.71808e+21	
3813	3.71435e+21	
3814	3.70962e+21	
3815	3.70503e+21	
3816	3.70132e+21	
3817	3.69876e+21	
3818	3.69605e+21	
3819	3.69214e+21	
3820	3.68693e+21	
3821	3.68056e+21	
3822	3.67525e+21	
3823	3.6713e+21	
3824	3.66974e+21	
3825	3.66821e+21	
3826	3.66631e+21	
3827	3.66452e+21	
3828	3.66221e+21	
3829	3.6587e+21	
3830	3.65084e+21	
3831	3.64769e+21	
3832	3.64372e+21	
3833	3.6409e+21	
3834	3.63912e+21	
3835	3.63672e+21	
3836	3.63495e+21	
3837	3.633e+21	
3838	3.63087e+21	
3839	3.62872e+21	
3840	3.62592e+21	
3841	3.62195e+21	
3842	3.61716e+21	
3843	3.61098e+21	
3844	3.6062e+21	
3845	3.60089e+21	
3846	3.59821e+21	
3847	3.59612e+21	
3848	3.59401e+21	
3849	3.59268e+21	
3850	3.5903e+21	
3851	3.58707e+21	
3852	3.58371e+21	
3853	3.58009e+21	
3854	3.57664e+21	
3855	3.57465e+21	
3856	3.57243e+21	
3857	3.57065e+21	
3858	3.56841e+21	
3859	3.56637e+21	
3860	3.56457e+21	
3861	3.56219e+21	
3862	3.55999e+21	
3863	3.55805e+21	
3864	3.5551e+21	
3865	3.55217e+21	
3866	3.54843e+21	
3867	3.54586e+21	
3868	3.54405e+21	
3869	3.54217e+21	
3870	3.5403e+21	
3871	3.53827e+21	
3872	3.5353e+21	
3873	3.5311e+21	
3874	3.52716e+21	
3875	3.52339e+21	
3876	3.51874e+21	
3877	3.51445e+21	
3878	3.51163e+21	
3879	3.509e+21	
3880	3.50672e+21	
3881	3.50456e+21	
3882	3.50163e+21	
3883	3.49968e+21	
3884	3.49778e+21	
3885	3.49488e+21	
3886	3.4925e+21	
3887	3.48882e+21	
3888	3.48423e+21	
3889	3.4806e+21	
3890	3.47537e+21	
3891	3.47246e+21	
3892	3.47036e+21	
3893	3.46858e+21	
3894	3.46655e+21	
3895	3.4646e+21	
3896	3.46197e+21	
3897	3.45946e+21	
3898	3.4557e+21	
3899	3.45227e+21	
3900	3.44878e+21	
3901	3.44371e+21	
3902	3.43913e+21	
3903	3.43597e+21	
3904	3.43241e+21	
3905	3.43003e+21	
3906	3.4285e+21	
3907	3.42684e+21	
3908	3.42572e+21	
3909	3.4243e+21	
3910	3.42235e+21	
3911	3.42012e+21	
3912	3.41621e+21	
3913	3.41049e+21	
3914	3.40617e+21	
3915	3.40102e+21	
3916	3.39612e+21	
3917	3.39386e+21	
3918	3.39179e+21	
3919	3.39027e+21	
3920	3.38899e+21	
3921	3.38802e+21	
3922	3.3866e+21	
3923	3.38534e+21	
3924	3.3836e+21	
3925	3.38093e+21	
3926	3.3781e+21	
3927	3.37504e+21	
3928	3.3717e+21	
3929	3.36768e+21	
3930	3.36451e+21	
3931	3.36223e+21	
3932	3.35992e+21	
3933	3.35809e+21	
3934	3.35645e+21	
3935	3.35527e+21	
3936	3.35411e+21	
3937	3.35224e+21	
3938	3.34993e+21	
3939	3.34585e+21	
3940	3.34214e+21	
3941	3.33925e+21	
3942	3.33621e+21	
3943	3.3342e+21	
3944	3.33121e+21	
3945	3.32756e+21	
3946	3.32495e+21	
3947	3.32177e+21	
3948	3.31884e+21	
3949	3.31662e+21	
3950	3.31488e+21	
3951	3.31233e+21	
3952	3.3097e+21	
3953	3.30719e+21	
3954	3.30363e+21	
3955	3.30109e+21	
3956	3.29916e+21	
3957	3.29705e+21	
3958	3.29503e+21	
3959	3.29355e+21	
3960	3.29182e+21	
3961	3.28992e+21	
3962	3.28757e+21	
3963	3.28512e+21	
3964	3.2828e+21	
3965	3.28105e+21	
3966	3.27907e+21	
3967	3.27739e+21	
3968	3.27428e+21	
3969	3.27172e+21	
3970	3.26987e+21	
3971	3.26794e+21	
3972	3.2652e+21	
3973	3.26303e+21	
3974	3.26008e+21	
3975	3.25583e+21	
3976	3.25162e+21	
3977	3.24734e+21	
3978	3.24423e+21	
3979	3.24205e+21	
3980	3.24081e+21	
3981	3.23945e+21	
3982	3.23777e+21	
3983	3.23642e+21	
3984	3.23476e+21	
3985	3.23265e+21	
3986	3.23106e+21	
3987	3.22859e+21	
3988	3.22553e+21	
3989	3.22167e+21	
3990	3.21836e+21	
3991	3.21442e+21	
3992	3.21209e+21	
3993	3.20953e+21	
3994	3.20689e+21	
3995	3.20563e+21	
3996	3.20396e+21	
3997	3.20251e+21	
3998	3.20099e+21	
3999	3.19788e+21	
4000	3.19477e+21	
4001	3.19195e+21	
4002	3.18966e+21	
4003	3.18653e+21	
4004	3.18433e+21	
4005	3.1822e+21	
4006	3.17957e+21	
4007	3.17784e+21	
4008	3.17615e+21	
4009	3.17393e+21	
4010	3.17169e+21	
4011	3.16963e+21	
4012	3.16753e+21	
4013	3.16439e+21	
4014	3.16248e+21	
4015	3.16065e+21	
4016	3.15942e+21	
4017	3.15727e+21	
4018	3.15512e+21	
4019	3.15326e+21	
4020	3.15189e+21	
4021	3.14993e+21	
4022	3.14856e+21	
4023	3.1467e+21	
4024	3.14401e+21	
4025	3.14119e+21	
4026	3.13912e+21	
4027	3.13711e+21	
4028	3.13511e+21	
4029	3.13329e+21	
4030	3.13185e+21	
4031	3.13014e+21	
4032	3.12874e+21	
4033	3.12724e+21	
4034	3.12446e+21	
4035	3.1222e+21	
4036	3.12012e+21	
4037	3.11772e+21	
4038	3.11506e+21	
4039	3.11317e+21	
4040	3.11037e+21	
4041	3.10835e+21	
4042	3.10677e+21	
4043	3.10544e+21	
4044	3.10422e+21	
4045	3.10316e+21	
4046	3.10209e+21	
4047	3.09951e+21	
4048	3.09663e+21	
4049	3.09336e+21	
4050	3.08864e+21	
4051	3.08502e+21	
4052	3.08156e+21	
4053	3.07901e+21	
4054	3.07675e+21	
4055	3.0751e+21	
4056	3.07244e+21	
4057	3.07065e+21	
4058	3.06914e+21	
4059	3.06725e+21	
4060	3.06546e+21	
4061	3.0632e+21	
4062	3.0591e+21	
4063	3.05555e+21	
4064	3.05246e+21	
4065	3.04907e+21	
4066	3.04674e+21	
4067	3.04545e+21	
4068	3.04426e+21	
4069	3.04308e+21	
4070	3.04196e+21	
4071	3.04059e+21	
4072	3.03778e+21	
4073	3.03446e+21	
4074	3.03129e+21	
4075	3.02798e+21	
4076	3.02487e+21	
4077	3.02272e+21	
4078	3.02124e+21	
4079	3.02023e+21	
4080	3.01831e+21	
4081	3.01723e+21	
4082	3.01632e+21	
4083	3.01457e+21	
4084	3.01298e+21	
4085	3.01128e+21	
4086	3.00912e+21	
4087	3.00674e+21	
4088	3.00457e+21	
4089	3.00289e+21	
4090	2.99869e+21	
4091	2.9961e+21	
4092	2.99264e+21	
4093	2.98884e+21	
4094	2.98652e+21	
4095	2.98512e+21	
4096	2.98336e+21	
4097	2.9814e+21	
4098	2.97945e+21	
4099	2.97752e+21	
4100	2.97596e+21	
4101	2.97457e+21	
4102	2.97281e+21	
4103	2.97036e+21	
4104	2.96682e+21	
4105	2.96315e+21	
4106	2.9603e+21	
4107	2.95809e+21	
4108	2.9567e+21	
4109	2.95521e+21	
4110	2.95407e+21	
4111	2.95251e+21	
4112	2.95129e+21	
4113	2.94892e+21	
4114	2.9472e+21	
4115	2.94513e+21	
4116	2.94332e+21	
4117	2.94123e+21	
4118	2.93984e+21	
4119	2.93803e+21	
4120	2.9363e+21	
4121	2.93477e+21	
4122	2.93272e+21	
4123	2.93026e+21	
4124	2.92769e+21	
4125	2.92505e+21	
4126	2.92208e+21	
4127	2.91882e+21	
4128	2.91732e+21	
4129	2.91615e+21	
4130	2.91492e+21	
4131	2.91386e+21	
4132	2.91221e+21	
4133	2.91005e+21	
4134	2.90631e+21	
4135	2.90389e+21	
4136	2.90119e+21	
4137	2.89854e+21	
4138	2.89676e+21	
4139	2.89579e+21	
4140	2.89439e+21	
4141	2.8935e+21	
4142	2.89272e+21	
4143	2.89224e+21	
4144	2.89119e+21	
4145	2.88984e+21	
4146	2.88872e+21	
4147	2.88701e+21	
4148	2.88505e+21	
4149	2.88293e+21	
4150	2.88027e+21	
4151	2.8775e+21	
4152	2.87555e+21	
4153	2.87413e+21	
4154	2.87236e+21	
4155	2.87083e+21	
4156	2.86979e+21	
4157	2.86868e+21	
4158	2.86739e+21	
4159	2.86552e+21	
4160	2.86385e+21	
4161	2.86233e+21	
4162	2.86037e+21	
4163	2.85872e+21	
4164	2.85668e+21	
4165	2.8544e+21	
4166	2.85281e+21	
4167	2.85176e+21	
4168	2.84986e+21	
4169	2.84731e+21	
4170	2.84557e+21	
4171	2.84436e+21	
4172	2.84275e+21	
4173	2.84167e+21	
4174	2.84035e+21	
4175	2.8387e+21	
4176	2.8366e+21	
4177	2.83439e+21	
4178	2.8314e+21	
4179	2.82917e+21	
4180	2.82708e+21	
4181	2.825e+21	
4182	2.82205e+21	
4183	2.81993e+21	
4184	2.81776e+21	
4185	2.81634e+21	
4186	2.81554e+21	
4187	2.81433e+21	
4188	2.81323e+21	
4189	2.81168e+21	
4190	2.81008e+21	
4191	2.80759e+21	
4192	2.80409e+21	
4193	2.8017e+21	
4194	2.79858e+21	
4195	2.79594e+21	
4196	2.79334e+21	
4197	2.79181e+21	
4198	2.79029e+21	
4199	2.78886e+21	
4200	2.78797e+21	
4201	2.78665e+21	
4202	2.78531e+21	
4203	2.78423e+21	
4204	2.78329e+21	
4205	2.7819e+21	
4206	2.77931e+21	
4207	2.77656e+21	
4208	2.77487e+21	
4209	2.77199e+21	
4210	2.76975e+21	
4211	2.7679e+21	
4212	2.76576e+21	
4213	2.76386e+21	
4214	2.76202e+21	
4215	2.76006e+21	
4216	2.75858e+21	
4217	2.75702e+21	
4218	2.75586e+21	
4219	2.75437e+21	
4220	2.75221e+21	
4221	2.75012e+21	
4222	2.74802e+21	
4223	2.74569e+21	
4224	2.74393e+21	
4225	2.74161e+21	
4226	2.73937e+21	
4227	2.73787e+21	
4228	2.73653e+21	
4229	2.73485e+21	
4230	2.73278e+21	
4231	2.73115e+21	
4232	2.72909e+21	
4233	2.72689e+21	
4234	2.72598e+21	
4235	2.72382e+21	
4236	2.72156e+21	
4237	2.72029e+21	
4238	2.71783e+21	
4239	2.71551e+21	
4240	2.71367e+21	
4241	2.71234e+21	
4242	2.71077e+21	
4243	2.70975e+21	
4244	2.70889e+21	
4245	2.70742e+21	
4246	2.70663e+21	
4247	2.70552e+21	
4248	2.70386e+21	
4249	2.70169e+21	
4250	2.70002e+21	
4251	2.69829e+21	
4252	2.69639e+21	
4253	2.69442e+21	
4254	2.69222e+21	
4255	2.69046e+21	
4256	2.68921e+21	
4257	2.6883e+21	
4258	2.68733e+21	
4259	2.68594e+21	
4260	2.68475e+21	
4261	2.68348e+21	
4262	2.68167e+21	
4263	2.67966e+21	
4264	2.6784e+21	
4265	2.67688e+21	
4266	2.6749e+21	
4267	2.67274e+21	
4268	2.67068e+21	
4269	2.66827e+21	
4270	2.66599e+21	
4271	2.66403e+21	
4272	2.66184e+21	
4273	2.65987e+21	
4274	2.65852e+21	
4275	2.65732e+21	
4276	2.65612e+21	
4277	2.65443e+21	
4278	2.6524e+21	
4279	2.64909e+21	
4280	2.64636e+21	
4281	2.64305e+21	
4282	2.64029e+21	
4283	2.63744e+21	
4284	2.63555e+21	
4285	2.63361e+21	
4286	2.63165e+21	
4287	2.62988e+21	
4288	2.62832e+21	
4289	2.62739e+21	
4290	2.62612e+21	
4291	2.62462e+21	
4292	2.62271e+21	
4293	2.62099e+21	
4294	2.61782e+21	
4295	2.61538e+21	
4296	2.61329e+21	
4297	2.61095e+21	
4298	2.60916e+21	
4299	2.60795e+21	
4300	2.6064e+21	
4301	2.60475e+21	
4302	2.60302e+21	
4303	2.6009e+21	
4304	2.59809e+21	
4305	2.59611e+21	
4306	2.59377e+21	
4307	2.59226e+21	
4308	2.59067e+21	
4309	2.58862e+21	
4310	2.58555e+21	
4311	2.58024e+21	
4312	2.57552e+21	
4313	2.57191e+21	
4314	2.56892e+21	
4315	2.56626e+21	
4316	2.56397e+21	
4317	2.56245e+21	
4318	2.56112e+21	
4319	2.55951e+21	
4320	2.55843e+21	
4321	2.5574e+21	
4322	2.55626e+21	
4323	2.55507e+21	
4324	2.5534e+21	
4325	2.55144e+21	
4326	2.54959e+21	
4327	2.54803e+21	
4328	2.54596e+21	
4329	2.54393e+21	
4330	2.54204e+21	
4331	2.54005e+21	
4332	2.53687e+21	
4333	2.53517e+21	
4334	2.53254e+21	
4335	2.5302e+21	
4336	2.52776e+21	
4337	2.52633e+21	
4338	2.52532e+21	
4339	2.52389e+21	
4340	2.52304e+21	
4341	2.52184e+21	
4342	2.52039e+21	
4343	2.51873e+21	
4344	2.51697e+21	
4345	2.51583e+21	
4346	2.51354e+21	
4347	2.51202e+21	
4348	2.51024e+21	
4349	2.50892e+21	
4350	2.50775e+21	
4351	2.5067e+21	
4352	2.50544e+21	
4353	2.5038e+21	
4354	2.50269e+21	
4355	2.50153e+21	
4356	2.50058e+21	
4357	2.49953e+21	
4358	2.49837e+21	
4359	2.4966e+21	
4360	2.49428e+21	
4361	2.49185e+21	
4362	2.48916e+21	
4363	2.48768e+21	
4364	2.48633e+21	
4365	2.48527e+21	
4366	2.48399e+21	
4367	2.4824e+21	
4368	2.48094e+21	
4369	2.4797e+21	
4370	2.47852e+21	
4371	2.47672e+21	
4372	2.47502e+21	
4373	2.47233e+21	
4374	2.46993e+21	
4375	2.4684e+21	
4376	2.46683e+21	
4377	2.46532e+21	
4378	2.46322e+21	
4379	2.46191e+21	
4380	2.46008e+21	
4381	2.45914e+21	
4382	2.45782e+21	
4383	2.45601e+21	
4384	2.45483e+21	
4385	2.45327e+21	
4386	2.45164e+21	
4387	2.4501e+21	
4388	2.44898e+21	
4389	2.44655e+21	
4390	2.44453e+21	
4391	2.4425e+21	
4392	2.43988e+21	
4393	2.43861e+21	
4394	2.4378e+21	
4395	2.43677e+21	
4396	2.43571e+21	
4397	2.43476e+21	
4398	2.43383e+21	
4399	2.43243e+21	
4400	2.43087e+21	
4401	2.42879e+21	
4402	2.42694e+21	
4403	2.42529e+21	
4404	2.42349e+21	
4405	2.42242e+21	
4406	2.4212e+21	
4407	2.41994e+21	
4408	2.41866e+21	
4409	2.41736e+21	
4410	2.41588e+21	
4411	2.4145e+21	
4412	2.41352e+21	
4413	2.41258e+21	
4414	2.41048e+21	
4415	2.40866e+21	
4416	2.40621e+21	
4417	2.40461e+21	
4418	2.40288e+21	
4419	2.39988e+21	
4420	2.39832e+21	
4421	2.39656e+21	
4422	2.3954e+21	
4423	2.39439e+21	
4424	2.3936e+21	
4425	2.39266e+21	
4426	2.39206e+21	
4427	2.3916e+21	
4428	2.39064e+21	
4429	2.38977e+21	
4430	2.38866e+21	
4431	2.3874e+21	
4432	2.38419e+21	
4433	2.38223e+21	
4434	2.38083e+21	
4435	2.37966e+21	
4436	2.37842e+21	
4437	2.3772e+21	
4438	2.37586e+21	
4439	2.37436e+21	
4440	2.37266e+21	
4441	2.37136e+21	
4442	2.36985e+21	
4443	2.36802e+21	
4444	2.36636e+21	
4445	2.36455e+21	
4446	2.36301e+21	
4447	2.36133e+21	
4448	2.35921e+21	
4449	2.35746e+21	
4450	2.35571e+21	
4451	2.35448e+21	
4452	2.35322e+21	
4453	2.3521e+21	
4454	2.3516e+21	
4455	2.35104e+21	
4456	2.35025e+21	
4457	2.3493e+21	
4458	2.34791e+21	
4459	2.34607e+21	
4460	2.34441e+21	
4461	2.34308e+21	
4462	2.34182e+21	
4463	2.34051e+21	
4464	2.33957e+21	
4465	2.33885e+21	
4466	2.33764e+21	
4467	2.33676e+21	
4468	2.33598e+21	
4469	2.33513e+21	
4470	2.3341e+21	
4471	2.33256e+21	
4472	2.33144e+21	
4473	2.33024e+21	
4474	2.32911e+21	
4475	2.32764e+21	
4476	2.32618e+21	
4477	2.32406e+21	
4478	2.32199e+21	
4479	2.32087e+21	
4480	2.31958e+21	
4481	2.31812e+21	
4482	2.3167e+21	
4483	2.31609e+21	
4484	2.31541e+21	
4485	2.31492e+21	
4486	2.31445e+21	
4487	2.31346e+21	
4488	2.31262e+21	
4489	2.31153e+21	
4490	2.31011e+21	
4491	2.30833e+21	
4492	2.30618e+21	
4493	2.30376e+21	
4494	2.30172e+21	
4495	2.29994e+21	
4496	2.29845e+21	
4497	2.29762e+21	
4498	2.29681e+21	
4499	2.29598e+21	
4500	2.29512e+21	
4501	2.29438e+21	
4502	2.29362e+21	
4503	2.29284e+21	
4504	2.29212e+21	
4505	2.29119e+21	
4506	2.29022e+21	
4507	2.28898e+21	
4508	2.2878e+21	
4509	2.28674e+21	
4510	2.28514e+21	
4511	2.28321e+21	
4512	2.28048e+21	
4513	2.27839e+21	
4514	2.27696e+21	
4515	2.27572e+21	
4516	2.27498e+21	
4517	2.27409e+21	
4518	2.27328e+21	
4519	2.27237e+21	
4520	2.27162e+21	
4521	2.27011e+21	
4522	2.26897e+21	
4523	2.26763e+21	
4524	2.26588e+21	
4525	2.26411e+21	
4526	2.26273e+21	
4527	2.26153e+21	
4528	2.26044e+21	
4529	2.25941e+21	
4530	2.25885e+21	
4531	2.25828e+21	
4532	2.25771e+21	
4533	2.25695e+21	
4534	2.25617e+21	
4535	2.25504e+21	
4536	2.25367e+21	
4537	2.25239e+21	
4538	2.25093e+21	
4539	2.24977e+21	
4540	2.24852e+21	
4541	2.24696e+21	
4542	2.24585e+21	
4543	2.24455e+21	
4544	2.24329e+21	
4545	2.24232e+21	
4546	2.24153e+21	
4547	2.24069e+21	
4548	2.23968e+21	
4549	2.23842e+21	
4550	2.23691e+21	
4551	2.23455e+21	
4552	2.23187e+21	
4553	2.23045e+21	
4554	2.22862e+21	
4555	2.22659e+21	
4556	2.22481e+21	
4557	2.22379e+21	
4558	2.22294e+21	
4559	2.22205e+21	
4560	2.22122e+21	
4561	2.22038e+21	
4562	2.21939e+21	
4563	2.21842e+21	
4564	2.21768e+21	
4565	2.21672e+21	
4566	2.21589e+21	
4567	2.21503e+21	
4568	2.21339e+21	
4569	2.21147e+21	
4570	2.20993e+21	
4571	2.20847e+21	
4572	2.20712e+21	
4573	2.20545e+21	
4574	2.20397e+21	
4575	2.20298e+21	
4576	2.20218e+21	
4577	2.2014e+21	
4578	2.20069e+21	
4579	2.19997e+21	
4580	2.19921e+21	
4581	2.19842e+21	
4582	2.19714e+21	
4583	2.19584e+21	
4584	2.19469e+21	
4585	2.19341e+21	
4586	2.19217e+21	
4587	2.19086e+21	
4588	2.18995e+21	
4589	2.18916e+21	
4590	2.18828e+21	
4591	2.18709e+21	
4592	2.18582e+21	
4593	2.1841e+21	
4594	2.18267e+21	
4595	2.18141e+21	
4596	2.18059e+21	
4597	2.17984e+21	
4598	2.17864e+21	
4599	2.17754e+21	
4600	2.17602e+21	
4601	2.17469e+21	
4602	2.1732e+21	
4603	2.17219e+21	
4604	2.17136e+21	
4605	2.17072e+21	
4606	2.16988e+21	
4607	2.16922e+21	
4608	2.16841e+21	
4609	2.16723e+21	
4610	2.1659e+21	
4611	2.16433e+21	
4612	2.16254e+21	
4613	2.16075e+21	
4614	2.15936e+21	
4615	2.15826e+21	
4616	2.15648e+21	
4617	2.155e+21	
4618	2.15342e+21	
4619	2.15231e+21	
4620	2.15157e+21	
4621	2.15036e+21	
4622	2.14899e+21	
4623	2.14784e+21	
4624	2.14683e+21	
4625	2.14542e+21	
4626	2.14389e+21	
4627	2.14254e+21	
4628	2.14111e+21	
4629	2.13985e+21	
4630	2.13908e+21	
4631	2.13785e+21	
4632	2.13707e+21	
4633	2.1364e+21	
4634	2.13551e+21	
4635	2.13453e+21	
4636	2.13366e+21	
4637	2.13308e+21	
4638	2.13241e+21	
4639	2.13178e+21	
4640	2.1311e+21	
4641	2.13009e+21	
4642	2.12908e+21	
4643	2.12826e+21	
4644	2.12731e+21	
4645	2.12649e+21	
4646	2.12502e+21	
4647	2.1239e+21	
4648	2.12276e+21	
4649	2.12126e+21	
4650	2.12022e+21	
4651	2.1194e+21	
4652	2.11874e+21	
4653	2.11799e+21	
4654	2.11683e+21	
4655	2.11584e+21	
4656	2.11483e+21	
4657	2.11368e+21	
4658	2.11237e+21	
4659	2.11141e+21	
4660	2.11054e+21	
4661	2.10948e+21	
4662	2.10825e+21	
4663	2.10751e+21	
4664	2.10666e+21	
4665	2.10606e+21	
4666	2.10528e+21	
4667	2.10465e+21	
4668	2.10399e+21	
4669	2.10316e+21	
4670	2.10264e+21	
4671	2.10219e+21	
4672	2.10154e+21	
4673	2.1007e+21	
4674	2.09954e+21	
4675	2.09816e+21	
4676	2.0968e+21	
4677	2.09564e+21	
4678	2.09435e+21	
4679	2.09267e+21	
4680	2.09115e+21	
4681	2.08979e+21	
4682	2.08799e+21	
4683	2.08674e+21	
4684	2.08544e+21	
4685	2.08471e+21	
4686	2.08384e+21	
4687	2.08287e+21	
4688	2.08168e+21	
4689	2.08095e+21	
4690	2.08003e+21	
4691	2.07907e+21	
4692	2.07813e+21	
4693	2.07711e+21	
4694	2.07625e+21	
4695	2.07522e+21	
4696	2.07407e+21	
4697	2.07299e+21	
4698	2.0719e+21	
4699	2.07085e+21	
4700	2.06933e+21	
4701	2.06819e+21	
4702	2.06721e+21	
4703	2.06623e+21	
4704	2.06471e+21	
4705	2.06248e+21	
4706	2.0611e+21	
4707	2.06027e+21	
4708	2.05921e+21	
4709	2.05839e+21	
4710	2.05758e+21	
4711	2.05633e+21	
4712	2.05529e+21	
4713	2.05452e+21	
4714	2.05365e+21	
4715	2.05265e+21	
4716	2.05168e+21	
4717	2.05057e+21	
4718	2.04963e+21	
4719	2.04819e+21	
4720	2.04711e+21	
4721	2.04585e+21	
4722	2.04481e+21	
4723	2.04347e+21	
4724	2.04203e+21	
4725	2.04095e+21	
4726	2.04012e+21	
4727	2.03923e+21	
4728	2.03816e+21	
4729	2.03669e+21	
4730	2.0353e+21	
4731	2.03411e+21	
4732	2.03245e+21	
4733	2.03139e+21	
4734	2.03028e+21	
4735	2.02936e+21	
4736	2.0281e+21	
4737	2.02722e+21	
4738	2.02623e+21	
4739	2.02559e+21	
4740	2.0248e+21	
4741	2.02391e+21	
4742	2.02251e+21	
4743	2.02119e+21	
4744	2.01973e+21	
4745	2.01776e+21	
4746	2.016e+21	
4747	2.01461e+21	
4748	2.01312e+21	
4749	2.0111e+21	
4750	2.00975e+21	
4751	2.00855e+21	
4752	2.0078e+21	
4753	2.00699e+21	
4754	2.00607e+21	
4755	2.00524e+21	
4756	2.00456e+21	
4757	2.00392e+21	
4758	2.003e+21	
4759	2.0022e+21	
4760	2.0008e+21	
4761	1.99872e+21	
4762	1.99663e+21	
4763	1.99486e+21	
4764	1.9931e+21	
4765	1.99202e+21	
4766	1.9911e+21	
4767	1.99033e+21	
4768	1.98926e+21	
4769	1.98843e+21	
4770	1.98775e+21	
4771	1.98702e+21	
4772	1.98616e+21	
4773	1.98481e+21	
4774	1.98369e+21	
4775	1.98284e+21	
4776	1.98156e+21	
4777	1.9802e+21	
4778	1.97883e+21	
4779	1.97729e+21	
4780	1.97588e+21	
4781	1.97393e+21	
4782	1.97275e+21	
4783	1.972e+21	
4784	1.97119e+21	
4785	1.97052e+21	
4786	1.97005e+21	
4787	1.96938e+21	
4788	1.96883e+21	
4789	1.96811e+21	
4790	1.96724e+21	
4791	1.96611e+21	
4792	1.96538e+21	
4793	1.9646e+21	
4794	1.96378e+21	
4795	1.96275e+21	
4796	1.96184e+21	
4797	1.96071e+21	
4798	1.95985e+21	
4799	1.95908e+21	
4800	1.95824e+21	
4801	1.95736e+21	
4802	1.95616e+21	
4803	1.95509e+21	
4804	1.95363e+21	
4805	1.95234e+21	
4806	1.95021e+21	
4807	1.949e+21	
4808	1.94782e+21	
4809	1.94632e+21	
4810	1.94509e+21	
4811	1.94396e+21	
4812	1.94295e+21	
4813	1.94213e+21	
4814	1.94126e+21	
4815	1.94035e+21	
4816	1.93953e+21	
4817	1.93859e+21	
4818	1.93737e+21	
4819	1.93623e+21	
4820	1.93532e+21	
4821	1.93442e+21	
4822	1.93368e+21	
4823	1.93282e+21	
4824	1.93195e+21	
4825	1.93119e+21	
4826	1.93038e+21	
4827	1.92922e+21	
4828	1.92813e+21	
4829	1.92661e+21	
4830	1.92503e+21	
4831	1.92374e+21	
4832	1.92297e+21	
4833	1.92215e+21	
4834	1.92144e+21	
4835	1.92055e+21	
4836	1.9196e+21	
4837	1.91882e+21	
4838	1.91756e+21	
4839	1.91696e+21	
4840	1.91625e+21	
4841	1.91565e+21	
4842	1.91467e+21	
4843	1.91399e+21	
4844	1.91302e+21	
4845	1.91203e+21	
4846	1.91072e+21	
4847	1.90947e+21	
4848	1.90833e+21	
4849	1.90738e+21	
4850	1.90618e+21	
4851	1.90572e+21	
4852	1.9053e+21	
4853	1.90486e+21	
4854	1.90439e+21	
4855	1.90374e+21	
4856	1.90312e+21	
4857	1.90222e+21	
4858	1.90143e+21	
4859	1.89993e+21	
4860	1.89767e+21	
4861	1.89616e+21	
4862	1.89495e+21	
4863	1.89356e+21	
4864	1.89235e+21	
4865	1.89155e+21	
4866	1.89094e+21	
4867	1.89018e+21	
4868	1.88937e+21	
4869	1.88847e+21	
4870	1.8878e+21	
4871	1.88656e+21	
4872	1.88563e+21	
4873	1.88461e+21	
4874	1.88389e+21	
4875	1.88328e+21	
4876	1.88177e+21	
4877	1.88042e+21	
4878	1.8793e+21	
4879	1.87799e+21	
4880	1.87697e+21	
4881	1.87567e+21	
4882	1.87457e+21	
4883	1.87373e+21	
4884	1.87279e+21	
4885	1.87212e+21	
4886	1.87113e+21	
4887	1.86971e+21	
4888	1.86848e+21	
4889	1.86745e+21	
4890	1.86661e+21	
4891	1.86542e+21	
4892	1.86461e+21	
4893	1.86384e+21	
4894	1.86321e+21	
4895	1.86257e+21	
4896	1.86192e+21	
4897	1.86123e+21	
4898	1.86031e+21	
4899	1.85955e+21	
4900	1.85871e+21	
4901	1.85789e+21	
4902	1.85657e+21	
4903	1.85524e+21	
4904	1.85364e+21	
4905	1.85237e+21	
4906	1.85069e+21	
4907	1.84933e+21	
4908	1.84812e+21	
4909	1.84718e+21	
4910	1.84618e+21	
4911	1.84529e+21	
4912	1.84432e+21	
4913	1.84339e+21	
4914	1.84237e+21	
4915	1.84114e+21	
4916	1.83955e+21	
4917	1.83832e+21	
4918	1.83751e+21	
4919	1.83657e+21	
4920	1.83591e+21	
4921	1.83497e+21	
4922	1.83444e+21	
4923	1.83393e+21	
4924	1.83307e+21	
4925	1.83257e+21	
4926	1.83174e+21	
4927	1.83082e+21	
4928	1.82979e+21	
4929	1.82887e+21	
4930	1.82817e+21	
4931	1.82759e+21	
4932	1.8265e+21	
4933	1.82571e+21	
4934	1.82396e+21	
4935	1.82295e+21	
4936	1.8216e+21	
4937	1.82061e+21	
4938	1.81981e+21	
4939	1.81909e+21	
4940	1.81824e+21	
4941	1.81738e+21	
4942	1.81638e+21	
4943	1.81565e+21	
4944	1.81465e+21	
4945	1.81352e+21	
4946	1.81264e+21	
4947	1.81185e+21	
4948	1.81136e+21	
4949	1.81076e+21	
4950	1.81018e+21	
4951	1.80946e+21	
4952	1.80856e+21	
4953	1.80786e+21	
4954	1.80733e+21	
4955	1.8066e+21	
4956	1.80544e+21	
4957	1.80464e+21	
4958	1.80395e+21	
4959	1.80331e+21	
4960	1.8024e+21	
4961	1.80162e+21	
4962	1.80089e+21	
4963	1.8002e+21	
4964	1.7994e+21	
4965	1.79852e+21	
4966	1.79806e+21	
4967	1.79754e+21	
4968	1.79642e+21	
4969	1.7952e+21	
4970	1.79387e+21	
4971	1.79276e+21	
4972	1.79134e+21	
4973	1.78989e+21	
4974	1.78913e+21	
4975	1.78797e+21	
4976	1.78723e+21	
4977	1.78642e+21	
4978	1.78543e+21	
4979	1.78489e+21	
4980	1.78402e+21	
4981	1.78333e+21	
4982	1.78262e+21	
4983	1.7819e+21	
4984	1.7813e+21	
4985	1.78042e+21	
4986	1.77935e+21	
4987	1.7778e+21	
4988	1.77628e+21	
4989	1.77477e+21	
4990	1.77302e+21	
4991	1.77136e+21	
4992	1.77027e+21	
4993	1.76907e+21	
4994	1.76793e+21	
4995	1.76635e+21	
4996	1.7652e+21	
4997	1.76379e+21	
4998	1.76258e+21	
4999	1.76168e+21	
5000	1.76053e+21	
# iterates cost: 395.106
