# Reading DATA...
# Reading Matrix Successfully!
CGN
0	3.96658e+34
1	8.01856e+33	
2	3.02591e+33	
3	1.51776e+33	
4	9.09351e+32	
5	5.78079e+32	
6	3.88414e+32	
7	2.6997e+32	
8	1.99222e+32	
9	1.54764e+32	
10	1.21925e+32	
11	9.80311e+31	
12	7.99365e+31	
13	6.66075e+31	
14	5.62594e+31	
15	4.78767e+31	
16	4.11375e+31	
17	3.56426e+31	
18	3.10855e+31	
19	2.72992e+31	
20	2.41619e+31	
21	2.13666e+31	
22	1.90095e+31	
23	1.69574e+31	
24	1.52062e+31	
25	1.37023e+31	
26	1.24142e+31	
27	1.12665e+31	
28	1.02742e+31	
29	9.36526e+30	
30	8.61051e+30	
31	7.92178e+30	
32	7.30704e+30	
33	6.75088e+30	
34	6.27529e+30	
35	5.82538e+30	
36	5.42961e+30	
37	5.08152e+30	
38	4.76764e+30	
39	4.47335e+30	
40	4.20447e+30	
41	3.96423e+30	
42	3.73433e+30	
43	3.53253e+30	
44	3.35317e+30	
45	3.18089e+30	
46	3.02389e+30	
47	2.88058e+30	
48	2.75187e+30	
49	2.6287e+30	
50	2.50943e+30	
51	2.39722e+30	
52	2.29515e+30	
53	2.19549e+30	
54	2.10396e+30	
55	2.01574e+30	
56	1.92675e+30	
57	1.84485e+30	
58	1.76792e+30	
59	1.69564e+30	
60	1.62899e+30	
61	1.5649e+30	
62	1.50638e+30	
63	1.44983e+30	
64	1.3953e+30	
65	1.34281e+30	
66	1.29288e+30	
67	1.24622e+30	
68	1.20115e+30	
69	1.15823e+30	
70	1.11775e+30	
71	1.08112e+30	
72	1.04525e+30	
73	1.01163e+30	
74	9.81157e+29	
75	9.50567e+29	
76	9.22111e+29	
77	8.93103e+29	
78	8.64726e+29	
79	8.3727e+29	
80	8.12991e+29	
81	7.8926e+29	
82	7.66464e+29	
83	7.45414e+29	
84	7.24999e+29	
85	7.04595e+29	
86	6.86215e+29	
87	6.68448e+29	
88	6.50022e+29	
89	6.32719e+29	
90	6.16408e+29	
91	6.00542e+29	
92	5.85385e+29	
93	5.70543e+29	
94	5.56303e+29	
95	5.42528e+29	
96	5.28941e+29	
97	5.15955e+29	
98	5.04081e+29	
99	4.9243e+29	
100	4.80982e+29	
101	4.69278e+29	
102	4.58539e+29	
103	4.49136e+29	
104	4.39463e+29	
105	4.30266e+29	
106	4.21735e+29	
107	4.13472e+29	
108	4.05743e+29	
109	3.97107e+29	
110	3.88763e+29	
111	3.80716e+29	
112	3.72916e+29	
113	3.65793e+29	
114	3.59092e+29	
115	3.52539e+29	
116	3.45968e+29	
117	3.3946e+29	
118	3.32934e+29	
119	3.26686e+29	
120	3.2026e+29	
121	3.14239e+29	
122	3.08389e+29	
123	3.02683e+29	
124	2.97059e+29	
125	2.91541e+29	
126	2.86275e+29	
127	2.81058e+29	
128	2.75711e+29	
129	2.7034e+29	
130	2.65304e+29	
131	2.60358e+29	
132	2.55363e+29	
133	2.50673e+29	
134	2.46187e+29	
135	2.42006e+29	
136	2.37957e+29	
137	2.34049e+29	
138	2.30287e+29	
139	2.26621e+29	
140	2.22967e+29	
141	2.19388e+29	
142	2.15598e+29	
143	2.12061e+29	
144	2.08593e+29	
145	2.05183e+29	
146	2.01886e+29	
147	1.98564e+29	
148	1.95279e+29	
149	1.91963e+29	
150	1.8852e+29	
151	1.85442e+29	
152	1.82353e+29	
153	1.79339e+29	
154	1.76224e+29	
155	1.7317e+29	
156	1.70155e+29	
157	1.67324e+29	
158	1.64691e+29	
159	1.6208e+29	
160	1.59653e+29	
161	1.57184e+29	
162	1.54836e+29	
163	1.52392e+29	
164	1.5e+29	
165	1.47781e+29	
166	1.45549e+29	
167	1.4341e+29	
168	1.41263e+29	
169	1.39213e+29	
170	1.37313e+29	
171	1.35462e+29	
172	1.33536e+29	
173	1.31692e+29	
174	1.29898e+29	
175	1.27944e+29	
176	1.26122e+29	
177	1.24373e+29	
178	1.2261e+29	
179	1.20912e+29	
180	1.19185e+29	
181	1.1754e+29	
182	1.15904e+29	
183	1.14207e+29	
184	1.12621e+29	
185	1.11103e+29	
186	1.09522e+29	
187	1.07932e+29	
188	1.06404e+29	
189	1.04947e+29	
190	1.03429e+29	
191	1.01977e+29	
192	1.0062e+29	
193	9.92364e+28	
194	9.79037e+28	
195	9.66242e+28	
196	9.53714e+28	
197	9.41863e+28	
198	9.30866e+28	
199	9.1932e+28	
200	9.07819e+28	
201	8.96206e+28	
202	8.85269e+28	
203	8.74899e+28	
204	8.64612e+28	
205	8.54496e+28	
206	8.44029e+28	
207	8.33711e+28	
208	8.22986e+28	
209	8.12251e+28	
210	8.02115e+28	
211	7.92587e+28	
212	7.83535e+28	
213	7.75095e+28	
214	7.66582e+28	
215	7.58054e+28	
216	7.49092e+28	
217	7.40586e+28	
218	7.31841e+28	
219	7.24066e+28	
220	7.16541e+28	
221	7.09094e+28	
222	7.01321e+28	
223	6.93351e+28	
224	6.85031e+28	
225	6.76521e+28	
226	6.68432e+28	
227	6.6059e+28	
228	6.53023e+28	
229	6.45362e+28	
230	6.37623e+28	
231	6.30209e+28	
232	6.22773e+28	
233	6.15379e+28	
234	6.07953e+28	
235	6.00703e+28	
236	5.9399e+28	
237	5.87476e+28	
238	5.81256e+28	
239	5.75011e+28	
240	5.69078e+28	
241	5.63163e+28	
242	5.57134e+28	
243	5.51737e+28	
244	5.46263e+28	
245	5.41125e+28	
246	5.35745e+28	
247	5.30782e+28	
248	5.2582e+28	
249	5.20663e+28	
250	5.15725e+28	
251	5.10522e+28	
252	5.05383e+28	
253	5.00398e+28	
254	4.95327e+28	
255	4.90178e+28	
256	4.85214e+28	
257	4.80699e+28	
258	4.7588e+28	
259	4.71062e+28	
260	4.66199e+28	
261	4.61551e+28	
262	4.56871e+28	
263	4.52459e+28	
264	4.47937e+28	
265	4.4356e+28	
266	4.39434e+28	
267	4.35488e+28	
268	4.31447e+28	
269	4.27524e+28	
270	4.23261e+28	
271	4.19041e+28	
272	4.15038e+28	
273	4.11172e+28	
274	4.07604e+28	
275	4.03699e+28	
276	3.99736e+28	
277	3.95969e+28	
278	3.92207e+28	
279	3.88353e+28	
280	3.84717e+28	
281	3.81095e+28	
282	3.77535e+28	
283	3.73919e+28	
284	3.69977e+28	
285	3.6644e+28	
286	3.63098e+28	
287	3.59707e+28	
288	3.56107e+28	
289	3.52638e+28	
290	3.49131e+28	
291	3.45911e+28	
292	3.42967e+28	
293	3.40029e+28	
294	3.36881e+28	
295	3.3394e+28	
296	3.30938e+28	
297	3.27941e+28	
298	3.24629e+28	
299	3.21571e+28	
300	3.18511e+28	
301	3.1577e+28	
302	3.12671e+28	
303	3.09562e+28	
304	3.06724e+28	
305	3.03983e+28	
306	3.01416e+28	
307	2.9876e+28	
308	2.96213e+28	
309	2.93711e+28	
310	2.91245e+28	
311	2.88831e+28	
312	2.8653e+28	
313	2.84259e+28	
314	2.81983e+28	
315	2.79762e+28	
316	2.7749e+28	
317	2.75122e+28	
318	2.72968e+28	
319	2.70842e+28	
320	2.68633e+28	
321	2.66267e+28	
322	2.64067e+28	
323	2.61824e+28	
324	2.59577e+28	
325	2.57406e+28	
326	2.55207e+28	
327	2.53237e+28	
328	2.51287e+28	
329	2.49352e+28	
330	2.47473e+28	
331	2.4562e+28	
332	2.43789e+28	
333	2.42027e+28	
334	2.40281e+28	
335	2.38579e+28	
336	2.3679e+28	
337	2.34966e+28	
338	2.3316e+28	
339	2.31314e+28	
340	2.29647e+28	
341	2.27931e+28	
342	2.26185e+28	
343	2.24278e+28	
344	2.22619e+28	
345	2.20851e+28	
346	2.19249e+28	
347	2.17785e+28	
348	2.16234e+28	
349	2.14713e+28	
350	2.13236e+28	
351	2.11767e+28	
352	2.10314e+28	
353	2.08892e+28	
354	2.07563e+28	
355	2.06277e+28	
356	2.05032e+28	
357	2.03729e+28	
358	2.02452e+28	
359	2.01079e+28	
360	1.99841e+28	
361	1.98539e+28	
362	1.97273e+28	
363	1.96036e+28	
364	1.94769e+28	
365	1.93342e+28	
366	1.92049e+28	
367	1.90689e+28	
368	1.89438e+28	
369	1.88169e+28	
370	1.86871e+28	
371	1.8556e+28	
372	1.84376e+28	
373	1.83215e+28	
374	1.82154e+28	
375	1.80884e+28	
376	1.79687e+28	
377	1.78589e+28	
378	1.77498e+28	
379	1.76279e+28	
380	1.75097e+28	
381	1.73886e+28	
382	1.72728e+28	
383	1.71474e+28	
384	1.70214e+28	
385	1.69035e+28	
386	1.67928e+28	
387	1.6692e+28	
388	1.65914e+28	
389	1.64858e+28	
390	1.63776e+28	
391	1.62647e+28	
392	1.61512e+28	
393	1.60459e+28	
394	1.59502e+28	
395	1.58453e+28	
396	1.57423e+28	
397	1.56451e+28	
398	1.55486e+28	
399	1.54441e+28	
400	1.53312e+28	
401	1.52289e+28	
402	1.51336e+28	
403	1.50349e+28	
404	1.49257e+28	
405	1.4826e+28	
406	1.47327e+28	
407	1.46462e+28	
408	1.4563e+28	
409	1.44697e+28	
410	1.43786e+28	
411	1.43012e+28	
412	1.42254e+28	
413	1.41429e+28	
414	1.40602e+28	
415	1.39802e+28	
416	1.39007e+28	
417	1.38288e+28	
418	1.37509e+28	
419	1.36783e+28	
420	1.35972e+28	
421	1.35167e+28	
422	1.34365e+28	
423	1.33603e+28	
424	1.32819e+28	
425	1.32075e+28	
426	1.31278e+28	
427	1.30518e+28	
428	1.29686e+28	
429	1.28945e+28	
430	1.28196e+28	
431	1.27406e+28	
432	1.26609e+28	
433	1.25832e+28	
434	1.25074e+28	
435	1.24382e+28	
436	1.23703e+28	
437	1.23009e+28	
438	1.22246e+28	
439	1.21522e+28	
440	1.20794e+28	
441	1.20117e+28	
442	1.19443e+28	
443	1.1879e+28	
444	1.18205e+28	
445	1.17514e+28	
446	1.16798e+28	
447	1.16083e+28	
448	1.15415e+28	
449	1.14796e+28	
450	1.14108e+28	
451	1.1343e+28	
452	1.1277e+28	
453	1.12132e+28	
454	1.11421e+28	
455	1.10714e+28	
456	1.10032e+28	
457	1.09384e+28	
458	1.08781e+28	
459	1.08165e+28	
460	1.07484e+28	
461	1.06813e+28	
462	1.06176e+28	
463	1.05564e+28	
464	1.04975e+28	
465	1.0436e+28	
466	1.03716e+28	
467	1.03061e+28	
468	1.02425e+28	
469	1.01819e+28	
470	1.01273e+28	
471	1.00688e+28	
472	1.00061e+28	
473	9.9461e+27	
474	9.88859e+27	
475	9.82342e+27	
476	9.76668e+27	
477	9.71143e+27	
478	9.65982e+27	
479	9.60471e+27	
480	9.55137e+27	
481	9.50004e+27	
482	9.44854e+27	
483	9.39195e+27	
484	9.33751e+27	
485	9.27906e+27	
486	9.22386e+27	
487	9.17615e+27	
488	9.12637e+27	
489	9.0758e+27	
490	9.02224e+27	
491	8.97458e+27	
492	8.92373e+27	
493	8.87269e+27	
494	8.8194e+27	
495	8.76331e+27	
496	8.7021e+27	
497	8.65131e+27	
498	8.60254e+27	
499	8.55446e+27	
500	8.50417e+27	
501	8.45245e+27	
502	8.40792e+27	
503	8.35872e+27	
504	8.31021e+27	
505	8.25896e+27	
506	8.21238e+27	
507	8.16978e+27	
508	8.12589e+27	
509	8.08067e+27	
510	8.04065e+27	
511	8.00384e+27	
512	7.96342e+27	
513	7.92403e+27	
514	7.88173e+27	
515	7.83826e+27	
516	7.79461e+27	
517	7.75149e+27	
518	7.71039e+27	
519	7.66934e+27	
520	7.62979e+27	
521	7.58929e+27	
522	7.55374e+27	
523	7.51863e+27	
524	7.4831e+27	
525	7.44619e+27	
526	7.40779e+27	
527	7.36877e+27	
528	7.33185e+27	
529	7.29044e+27	
530	7.25496e+27	
531	7.2234e+27	
532	7.19053e+27	
533	7.15245e+27	
534	7.11909e+27	
535	7.08951e+27	
536	7.05703e+27	
537	7.02532e+27	
538	6.99178e+27	
539	6.96301e+27	
540	6.9308e+27	
541	6.89626e+27	
542	6.8625e+27	
543	6.83594e+27	
544	6.80555e+27	
545	6.77549e+27	
546	6.74451e+27	
547	6.71365e+27	
548	6.68285e+27	
549	6.65619e+27	
550	6.62778e+27	
551	6.6002e+27	
552	6.57313e+27	
553	6.54741e+27	
554	6.51751e+27	
555	6.48771e+27	
556	6.45576e+27	
557	6.42811e+27	
558	6.40008e+27	
559	6.3704e+27	
560	6.34229e+27	
561	6.31385e+27	
562	6.28899e+27	
563	6.26611e+27	
564	6.23918e+27	
565	6.20951e+27	
566	6.18031e+27	
567	6.15227e+27	
568	6.12793e+27	
569	6.10486e+27	
570	6.07753e+27	
571	6.04969e+27	
572	6.02521e+27	
573	6.00191e+27	
574	5.97554e+27	
575	5.94827e+27	
576	5.92299e+27	
577	5.89957e+27	
578	5.87358e+27	
579	5.84711e+27	
580	5.82081e+27	
581	5.79698e+27	
582	5.77433e+27	
583	5.7502e+27	
584	5.72589e+27	
585	5.70248e+27	
586	5.68193e+27	
587	5.65741e+27	
588	5.63455e+27	
589	5.61475e+27	
590	5.59499e+27	
591	5.57161e+27	
592	5.54606e+27	
593	5.52514e+27	
594	5.50489e+27	
595	5.48292e+27	
596	5.46203e+27	
597	5.44295e+27	
598	5.42255e+27	
599	5.40313e+27	
600	5.38561e+27	
601	5.36625e+27	
602	5.34743e+27	
603	5.32586e+27	
604	5.30362e+27	
605	5.28151e+27	
606	5.26275e+27	
607	5.24103e+27	
608	5.21526e+27	
609	5.192e+27	
610	5.17085e+27	
611	5.14973e+27	
612	5.12692e+27	
613	5.10918e+27	
614	5.09192e+27	
615	5.07362e+27	
616	5.05178e+27	
617	5.03291e+27	
618	5.01414e+27	
619	4.99413e+27	
620	4.97382e+27	
621	4.95727e+27	
622	4.93678e+27	
623	4.91677e+27	
624	4.89807e+27	
625	4.88148e+27	
626	4.86267e+27	
627	4.84498e+27	
628	4.82758e+27	
629	4.80928e+27	
630	4.7906e+27	
631	4.77318e+27	
632	4.75589e+27	
633	4.73937e+27	
634	4.72092e+27	
635	4.70341e+27	
636	4.68583e+27	
637	4.66706e+27	
638	4.64713e+27	
639	4.63037e+27	
640	4.61422e+27	
641	4.59731e+27	
642	4.57881e+27	
643	4.56273e+27	
644	4.54621e+27	
645	4.52831e+27	
646	4.50919e+27	
647	4.49317e+27	
648	4.47519e+27	
649	4.45723e+27	
650	4.43773e+27	
651	4.42139e+27	
652	4.40208e+27	
653	4.38387e+27	
654	4.36797e+27	
655	4.35213e+27	
656	4.33561e+27	
657	4.31842e+27	
658	4.30358e+27	
659	4.28709e+27	
660	4.26924e+27	
661	4.25111e+27	
662	4.23459e+27	
663	4.21856e+27	
664	4.20271e+27	
665	4.18584e+27	
666	4.1706e+27	
667	4.15575e+27	
668	4.13797e+27	
669	4.12199e+27	
670	4.10794e+27	
671	4.08978e+27	
672	4.07388e+27	
673	4.05826e+27	
674	4.04143e+27	
675	4.02706e+27	
676	4.01249e+27	
677	3.99694e+27	
678	3.98271e+27	
679	3.96773e+27	
680	3.95339e+27	
681	3.93943e+27	
682	3.92655e+27	
683	3.91337e+27	
684	3.89875e+27	
685	3.88466e+27	
686	3.87117e+27	
687	3.85854e+27	
688	3.84302e+27	
689	3.82716e+27	
690	3.81398e+27	
691	3.79983e+27	
692	3.78755e+27	
693	3.77391e+27	
694	3.76089e+27	
695	3.74815e+27	
696	3.73271e+27	
697	3.72001e+27	
698	3.70675e+27	
699	3.69257e+27	
700	3.67794e+27	
701	3.66646e+27	
702	3.65146e+27	
703	3.636e+27	
704	3.62047e+27	
705	3.60818e+27	
706	3.59374e+27	
707	3.57832e+27	
708	3.5646e+27	
709	3.55151e+27	
710	3.53707e+27	
711	3.52409e+27	
712	3.5105e+27	
713	3.49585e+27	
714	3.48171e+27	
715	3.46813e+27	
716	3.45553e+27	
717	3.44017e+27	
718	3.42555e+27	
719	3.41234e+27	
720	3.39802e+27	
721	3.38287e+27	
722	3.37093e+27	
723	3.36035e+27	
724	3.348e+27	
725	3.33592e+27	
726	3.32631e+27	
727	3.3157e+27	
728	3.30453e+27	
729	3.29343e+27	
730	3.28268e+27	
731	3.27082e+27	
732	3.26016e+27	
733	3.24787e+27	
734	3.23671e+27	
735	3.22503e+27	
736	3.21378e+27	
737	3.20304e+27	
738	3.19226e+27	
739	3.17944e+27	
740	3.16792e+27	
741	3.15659e+27	
742	3.1449e+27	
743	3.13285e+27	
744	3.1215e+27	
745	3.11162e+27	
746	3.099e+27	
747	3.08887e+27	
748	3.07831e+27	
749	3.06725e+27	
750	3.05567e+27	
751	3.04514e+27	
752	3.03474e+27	
753	3.02454e+27	
754	3.0142e+27	
755	3.00413e+27	
756	2.99428e+27	
757	2.98192e+27	
758	2.97351e+27	
759	2.96319e+27	
760	2.95186e+27	
761	2.94306e+27	
762	2.93383e+27	
763	2.92367e+27	
764	2.91515e+27	
765	2.90543e+27	
766	2.89641e+27	
767	2.8873e+27	
768	2.87724e+27	
769	2.86773e+27	
770	2.85681e+27	
771	2.84606e+27	
772	2.83679e+27	
773	2.82547e+27	
774	2.81325e+27	
775	2.80418e+27	
776	2.79337e+27	
777	2.78415e+27	
778	2.77514e+27	
779	2.76459e+27	
780	2.75472e+27	
781	2.74615e+27	
782	2.7346e+27	
783	2.72432e+27	
784	2.71488e+27	
785	2.70476e+27	
786	2.6941e+27	
787	2.68543e+27	
788	2.67532e+27	
789	2.66538e+27	
790	2.65643e+27	
791	2.64662e+27	
792	2.63848e+27	
793	2.62899e+27	
794	2.61973e+27	
795	2.61011e+27	
796	2.60081e+27	
797	2.59038e+27	
798	2.58067e+27	
799	2.57067e+27	
800	2.56107e+27	
801	2.54919e+27	
802	2.53825e+27	
803	2.52792e+27	
804	2.51727e+27	
805	2.50641e+27	
806	2.49645e+27	
807	2.48698e+27	
808	2.477e+27	
809	2.46801e+27	
810	2.45889e+27	
811	2.44823e+27	
812	2.4409e+27	
813	2.43179e+27	
814	2.42215e+27	
815	2.41404e+27	
816	2.40475e+27	
817	2.39546e+27	
818	2.38759e+27	
819	2.37721e+27	
820	2.36831e+27	
821	2.35985e+27	
822	2.35013e+27	
823	2.34216e+27	
824	2.33462e+27	
825	2.32638e+27	
826	2.3183e+27	
827	2.30937e+27	
828	2.30056e+27	
829	2.29268e+27	
830	2.28556e+27	
831	2.27627e+27	
832	2.26793e+27	
833	2.26036e+27	
834	2.25186e+27	
835	2.24348e+27	
836	2.23602e+27	
837	2.22765e+27	
838	2.22053e+27	
839	2.21283e+27	
840	2.20452e+27	
841	2.19732e+27	
842	2.19e+27	
843	2.18181e+27	
844	2.17575e+27	
845	2.1672e+27	
846	2.15931e+27	
847	2.15181e+27	
848	2.14471e+27	
849	2.13632e+27	
850	2.1306e+27	
851	2.12434e+27	
852	2.11819e+27	
853	2.11264e+27	
854	2.10638e+27	
855	2.09997e+27	
856	2.09423e+27	
857	2.08797e+27	
858	2.08127e+27	
859	2.07611e+27	
860	2.06917e+27	
861	2.06266e+27	
862	2.05685e+27	
863	2.05124e+27	
864	2.04489e+27	
865	2.03864e+27	
866	2.03205e+27	
867	2.02528e+27	
868	2.01893e+27	
869	2.01136e+27	
870	2.0035e+27	
871	1.99712e+27	
872	1.99115e+27	
873	1.98416e+27	
874	1.97715e+27	
875	1.97029e+27	
876	1.9632e+27	
877	1.95762e+27	
878	1.9505e+27	
879	1.94429e+27	
880	1.93869e+27	
881	1.93246e+27	
882	1.9257e+27	
883	1.91992e+27	
884	1.91264e+27	
885	1.90564e+27	
886	1.89966e+27	
887	1.89294e+27	
888	1.88601e+27	
889	1.88032e+27	
890	1.87387e+27	
891	1.86684e+27	
892	1.86181e+27	
893	1.85568e+27	
894	1.85033e+27	
895	1.84518e+27	
896	1.83957e+27	
897	1.83381e+27	
898	1.82854e+27	
899	1.82292e+27	
900	1.81735e+27	
901	1.81225e+27	
902	1.80626e+27	
903	1.80074e+27	
904	1.79594e+27	
905	1.79014e+27	
906	1.78517e+27	
907	1.77904e+27	
908	1.77316e+27	
909	1.76742e+27	
910	1.76241e+27	
911	1.75613e+27	
912	1.75103e+27	
913	1.74597e+27	
914	1.74065e+27	
915	1.7364e+27	
916	1.73192e+27	
917	1.72588e+27	
918	1.72138e+27	
919	1.71678e+27	
920	1.71202e+27	
921	1.70715e+27	
922	1.7022e+27	
923	1.69645e+27	
924	1.69204e+27	
925	1.68746e+27	
926	1.68289e+27	
927	1.67813e+27	
928	1.67399e+27	
929	1.66918e+27	
930	1.66501e+27	
931	1.66001e+27	
932	1.65521e+27	
933	1.65107e+27	
934	1.6461e+27	
935	1.64082e+27	
936	1.63539e+27	
937	1.63061e+27	
938	1.62431e+27	
939	1.61998e+27	
940	1.61463e+27	
941	1.61013e+27	
942	1.60509e+27	
943	1.60133e+27	
944	1.59671e+27	
945	1.59292e+27	
946	1.58712e+27	
947	1.58205e+27	
948	1.57696e+27	
949	1.57148e+27	
950	1.56645e+27	
951	1.56141e+27	
952	1.55675e+27	
953	1.55144e+27	
954	1.54647e+27	
955	1.54197e+27	
956	1.53729e+27	
957	1.53146e+27	
958	1.52714e+27	
959	1.52181e+27	
960	1.51695e+27	
961	1.51267e+27	
962	1.50805e+27	
963	1.50395e+27	
964	1.50019e+27	
965	1.49542e+27	
966	1.49156e+27	
967	1.48723e+27	
968	1.48303e+27	
969	1.47775e+27	
970	1.47282e+27	
971	1.46826e+27	
972	1.46379e+27	
973	1.45966e+27	
974	1.45529e+27	
975	1.45085e+27	
976	1.44635e+27	
977	1.4422e+27	
978	1.43736e+27	
979	1.43233e+27	
980	1.42845e+27	
981	1.42404e+27	
982	1.4198e+27	
983	1.41478e+27	
984	1.40995e+27	
985	1.40549e+27	
986	1.40123e+27	
987	1.39703e+27	
988	1.39184e+27	
989	1.38775e+27	
990	1.38313e+27	
991	1.37869e+27	
992	1.37411e+27	
993	1.37008e+27	
994	1.36564e+27	
995	1.36089e+27	
996	1.3563e+27	
997	1.35181e+27	
998	1.34768e+27	
999	1.34383e+27	
1000	1.33897e+27	
1001	1.33474e+27	
1002	1.3308e+27	
1003	1.32585e+27	
1004	1.32225e+27	
1005	1.3172e+27	
1006	1.31369e+27	
1007	1.30916e+27	
1008	1.30525e+27	
1009	1.30057e+27	
1010	1.29768e+27	
1011	1.29346e+27	
1012	1.28967e+27	
1013	1.28489e+27	
1014	1.28021e+27	
1015	1.27648e+27	
1016	1.27169e+27	
1017	1.26774e+27	
1018	1.26384e+27	
1019	1.2601e+27	
1020	1.25594e+27	
1021	1.25081e+27	
1022	1.24717e+27	
1023	1.24335e+27	
1024	1.23953e+27	
1025	1.23519e+27	
1026	1.23128e+27	
1027	1.22716e+27	
1028	1.22394e+27	
1029	1.21973e+27	
1030	1.21579e+27	
1031	1.21222e+27	
1032	1.20871e+27	
1033	1.20486e+27	
1034	1.20107e+27	
1035	1.19747e+27	
1036	1.19438e+27	
1037	1.19121e+27	
1038	1.18728e+27	
1039	1.18427e+27	
1040	1.18038e+27	
1041	1.17766e+27	
1042	1.17395e+27	
1043	1.17107e+27	
1044	1.16766e+27	
1045	1.16453e+27	
1046	1.16155e+27	
1047	1.15833e+27	
1048	1.15516e+27	
1049	1.15224e+27	
1050	1.14883e+27	
1051	1.14618e+27	
1052	1.14284e+27	
1053	1.13937e+27	
1054	1.13676e+27	
1055	1.13325e+27	
1056	1.13058e+27	
1057	1.12663e+27	
1058	1.1243e+27	
1059	1.12116e+27	
1060	1.11824e+27	
1061	1.115e+27	
1062	1.11291e+27	
1063	1.1094e+27	
1064	1.10732e+27	
1065	1.10417e+27	
1066	1.10146e+27	
1067	1.0985e+27	
1068	1.0954e+27	
1069	1.09309e+27	
1070	1.08981e+27	
1071	1.08709e+27	
1072	1.08385e+27	
1073	1.0812e+27	
1074	1.07802e+27	
1075	1.07563e+27	
1076	1.07298e+27	
1077	1.07067e+27	
1078	1.06734e+27	
1079	1.06446e+27	
1080	1.06207e+27	
1081	1.05936e+27	
1082	1.05724e+27	
1083	1.05438e+27	
1084	1.05267e+27	
1085	1.05006e+27	
1086	1.04806e+27	
1087	1.04539e+27	
1088	1.04337e+27	
1089	1.04028e+27	
1090	1.03749e+27	
1091	1.03511e+27	
1092	1.03255e+27	
1093	1.03046e+27	
1094	1.02774e+27	
1095	1.02526e+27	
1096	1.02259e+27	
1097	1.02061e+27	
1098	1.01795e+27	
1099	1.0157e+27	
1100	1.01211e+27	
1101	1.00984e+27	
1102	1.00696e+27	
1103	1.00381e+27	
1104	1.00148e+27	
1105	9.98835e+26	
1106	9.96951e+26	
1107	9.94098e+26	
1108	9.914e+26	
1109	9.88966e+26	
1110	9.86652e+26	
1111	9.84036e+26	
1112	9.81739e+26	
1113	9.79311e+26	
1114	9.77137e+26	
1115	9.74888e+26	
1116	9.7292e+26	
1117	9.70652e+26	
1118	9.6822e+26	
1119	9.66002e+26	
1120	9.63733e+26	
1121	9.61448e+26	
1122	9.59108e+26	
1123	9.5664e+26	
1124	9.54408e+26	
1125	9.51736e+26	
1126	9.49719e+26	
1127	9.47594e+26	
1128	9.45898e+26	
1129	9.43299e+26	
1130	9.4167e+26	
1131	9.39314e+26	
1132	9.38024e+26	
1133	9.35909e+26	
1134	9.34587e+26	
1135	9.32127e+26	
1136	9.30566e+26	
1137	9.2821e+26	
1138	9.26418e+26	
1139	9.24444e+26	
1140	9.2235e+26	
1141	9.20468e+26	
1142	9.18685e+26	
1143	9.16449e+26	
1144	9.14378e+26	
1145	9.12157e+26	
1146	9.10465e+26	
1147	9.08071e+26	
1148	9.06329e+26	
1149	9.04317e+26	
1150	9.01833e+26	
1151	9.00111e+26	
1152	8.97719e+26	
1153	8.95774e+26	
1154	8.93541e+26	
1155	8.91379e+26	
1156	8.89868e+26	
1157	8.88073e+26	
1158	8.86574e+26	
1159	8.8458e+26	
1160	8.82973e+26	
1161	8.81169e+26	
1162	8.79572e+26	
1163	8.77561e+26	
1164	8.75948e+26	
1165	8.74027e+26	
1166	8.72512e+26	
1167	8.70802e+26	
1168	8.69035e+26	
1169	8.67289e+26	
1170	8.65223e+26	
1171	8.6379e+26	
1172	8.62073e+26	
1173	8.6051e+26	
1174	8.59127e+26	
1175	8.57539e+26	
1176	8.55989e+26	
1177	8.54353e+26	
1178	8.52357e+26	
1179	8.51e+26	
1180	8.49108e+26	
1181	8.47674e+26	
1182	8.45279e+26	
1183	8.43823e+26	
1184	8.41834e+26	
1185	8.40039e+26	
1186	8.38411e+26	
1187	8.36856e+26	
1188	8.35145e+26	
1189	8.33293e+26	
1190	8.31196e+26	
1191	8.29742e+26	
1192	8.27802e+26	
1193	8.26346e+26	
1194	8.2456e+26	
1195	8.2311e+26	
1196	8.2103e+26	
1197	8.19421e+26	
1198	8.17652e+26	
1199	8.15874e+26	
1200	8.14251e+26	
1201	8.12459e+26	
1202	8.1073e+26	
1203	8.08909e+26	
1204	8.07241e+26	
1205	8.0556e+26	
1206	8.03836e+26	
1207	8.02402e+26	
1208	8.00781e+26	
1209	7.98711e+26	
1210	7.97103e+26	
1211	7.95158e+26	
1212	7.9349e+26	
1213	7.91491e+26	
1214	7.9005e+26	
1215	7.88614e+26	
1216	7.86815e+26	
1217	7.85373e+26	
1218	7.83691e+26	
1219	7.82575e+26	
1220	7.80873e+26	
1221	7.79254e+26	
1222	7.77768e+26	
1223	7.76585e+26	
1224	7.75071e+26	
1225	7.73348e+26	
1226	7.72022e+26	
1227	7.70533e+26	
1228	7.69145e+26	
1229	7.67768e+26	
1230	7.66194e+26	
1231	7.64665e+26	
1232	7.63148e+26	
1233	7.61513e+26	
1234	7.59939e+26	
1235	7.58211e+26	
1236	7.56826e+26	
1237	7.55029e+26	
1238	7.53658e+26	
1239	7.51914e+26	
1240	7.50595e+26	
1241	7.48895e+26	
1242	7.47466e+26	
1243	7.45778e+26	
1244	7.44433e+26	
1245	7.43367e+26	
1246	7.42003e+26	
1247	7.40522e+26	
1248	7.39093e+26	
1249	7.37566e+26	
1250	7.3632e+26	
1251	7.34932e+26	
1252	7.33497e+26	
1253	7.32202e+26	
1254	7.30859e+26	
1255	7.29704e+26	
1256	7.28238e+26	
1257	7.26975e+26	
1258	7.25538e+26	
1259	7.2443e+26	
1260	7.22826e+26	
1261	7.21788e+26	
1262	7.20624e+26	
1263	7.19565e+26	
1264	7.18321e+26	
1265	7.17059e+26	
1266	7.15787e+26	
1267	7.14497e+26	
1268	7.13257e+26	
1269	7.12196e+26	
1270	7.10858e+26	
1271	7.09732e+26	
1272	7.08117e+26	
1273	7.06893e+26	
1274	7.05685e+26	
1275	7.0437e+26	
1276	7.03313e+26	
1277	7.01876e+26	
1278	7.00811e+26	
1279	6.99492e+26	
1280	6.98576e+26	
1281	6.97459e+26	
1282	6.96415e+26	
1283	6.9514e+26	
1284	6.94032e+26	
1285	6.92945e+26	
1286	6.91805e+26	
1287	6.90376e+26	
1288	6.89445e+26	
1289	6.88367e+26	
1290	6.87244e+26	
1291	6.86106e+26	
1292	6.85024e+26	
1293	6.8381e+26	
1294	6.82583e+26	
1295	6.81495e+26	
1296	6.8017e+26	
1297	6.79204e+26	
1298	6.78004e+26	
1299	6.77205e+26	
1300	6.75516e+26	
1301	6.74445e+26	
1302	6.73133e+26	
1303	6.7198e+26	
1304	6.70812e+26	
1305	6.69682e+26	
1306	6.6866e+26	
1307	6.67299e+26	
1308	6.66153e+26	
1309	6.6484e+26	
1310	6.63647e+26	
1311	6.62198e+26	
1312	6.6101e+26	
1313	6.59844e+26	
1314	6.58741e+26	
1315	6.57678e+26	
1316	6.56481e+26	
1317	6.55317e+26	
1318	6.54318e+26	
1319	6.53223e+26	
1320	6.51893e+26	
1321	6.50666e+26	
1322	6.49283e+26	
1323	6.48338e+26	
1324	6.4702e+26	
1325	6.45806e+26	
1326	6.44483e+26	
1327	6.43282e+26	
1328	6.42043e+26	
1329	6.41102e+26	
1330	6.39657e+26	
1331	6.38677e+26	
1332	6.37374e+26	
1333	6.36361e+26	
1334	6.35112e+26	
1335	6.33906e+26	
1336	6.32509e+26	
1337	6.31064e+26	
1338	6.29709e+26	
1339	6.28492e+26	
1340	6.27524e+26	
1341	6.26417e+26	
1342	6.2532e+26	
1343	6.24159e+26	
1344	6.23085e+26	
1345	6.21793e+26	
1346	6.20822e+26	
1347	6.19411e+26	
1348	6.18221e+26	
1349	6.16946e+26	
1350	6.16164e+26	
1351	6.15019e+26	
1352	6.13885e+26	
1353	6.12595e+26	
1354	6.11667e+26	
1355	6.1078e+26	
1356	6.09622e+26	
1357	6.08594e+26	
1358	6.07326e+26	
1359	6.06324e+26	
1360	6.05301e+26	
1361	6.04307e+26	
1362	6.02943e+26	
1363	6.01953e+26	
1364	6.00937e+26	
1365	5.99973e+26	
1366	5.98661e+26	
1367	5.97589e+26	
1368	5.9655e+26	
1369	5.95633e+26	
1370	5.94733e+26	
1371	5.93369e+26	
1372	5.92357e+26	
1373	5.9126e+26	
1374	5.90136e+26	
1375	5.88968e+26	
1376	5.87961e+26	
1377	5.86753e+26	
1378	5.85656e+26	
1379	5.84447e+26	
1380	5.83251e+26	
1381	5.81915e+26	
1382	5.80873e+26	
1383	5.79693e+26	
1384	5.78529e+26	
1385	5.77357e+26	
1386	5.76236e+26	
1387	5.75076e+26	
1388	5.73795e+26	
1389	5.72835e+26	
1390	5.71731e+26	
1391	5.70377e+26	
1392	5.69399e+26	
1393	5.68231e+26	
1394	5.67304e+26	
1395	5.66274e+26	
1396	5.65487e+26	
1397	5.64174e+26	
1398	5.63069e+26	
1399	5.61929e+26	
1400	5.60922e+26	
1401	5.59901e+26	
1402	5.58863e+26	
1403	5.578e+26	
1404	5.56587e+26	
1405	5.55323e+26	
1406	5.53987e+26	
1407	5.52941e+26	
1408	5.51686e+26	
1409	5.50709e+26	
1410	5.49687e+26	
1411	5.4872e+26	
1412	5.47569e+26	
1413	5.46746e+26	
1414	5.45716e+26	
1415	5.44894e+26	
1416	5.43965e+26	
1417	5.42931e+26	
1418	5.42278e+26	
1419	5.41349e+26	
1420	5.40553e+26	
1421	5.39455e+26	
1422	5.38778e+26	
1423	5.37498e+26	
1424	5.36579e+26	
1425	5.35529e+26	
1426	5.34546e+26	
1427	5.33508e+26	
1428	5.32438e+26	
1429	5.3156e+26	
1430	5.30646e+26	
1431	5.29831e+26	
1432	5.29017e+26	
1433	5.2832e+26	
1434	5.27524e+26	
1435	5.26733e+26	
1436	5.25893e+26	
1437	5.25013e+26	
1438	5.2419e+26	
1439	5.23324e+26	
1440	5.22372e+26	
1441	5.21567e+26	
1442	5.20956e+26	
1443	5.20128e+26	
1444	5.19283e+26	
1445	5.18546e+26	
1446	5.17894e+26	
1447	5.17067e+26	
1448	5.1634e+26	
1449	5.1557e+26	
1450	5.14666e+26	
1451	5.13802e+26	
1452	5.13066e+26	
1453	5.122e+26	
1454	5.11573e+26	
1455	5.10766e+26	
1456	5.09778e+26	
1457	5.08958e+26	
1458	5.07699e+26	
1459	5.06911e+26	
1460	5.05963e+26	
1461	5.05045e+26	
1462	5.04126e+26	
1463	5.03261e+26	
1464	5.02405e+26	
1465	5.01511e+26	
1466	5.00779e+26	
1467	4.99766e+26	
1468	4.98952e+26	
1469	4.98113e+26	
1470	4.9723e+26	
1471	4.96385e+26	
1472	4.95416e+26	
1473	4.94672e+26	
1474	4.93675e+26	
1475	4.92848e+26	
1476	4.91829e+26	
1477	4.90958e+26	
1478	4.90291e+26	
1479	4.89492e+26	
1480	4.88778e+26	
1481	4.87935e+26	
1482	4.87293e+26	
1483	4.86483e+26	
1484	4.85821e+26	
1485	4.85054e+26	
1486	4.8428e+26	
1487	4.83347e+26	
1488	4.82562e+26	
1489	4.81674e+26	
1490	4.80668e+26	
1491	4.79768e+26	
1492	4.79026e+26	
1493	4.78238e+26	
1494	4.77326e+26	
1495	4.76602e+26	
1496	4.75918e+26	
1497	4.75237e+26	
1498	4.74424e+26	
1499	4.73796e+26	
1500	4.73114e+26	
1501	4.72227e+26	
1502	4.71465e+26	
1503	4.70717e+26	
1504	4.69936e+26	
1505	4.69066e+26	
1506	4.68351e+26	
1507	4.67587e+26	
1508	4.66778e+26	
1509	4.66131e+26	
1510	4.65133e+26	
1511	4.64347e+26	
1512	4.63495e+26	
1513	4.62853e+26	
1514	4.62024e+26	
1515	4.61132e+26	
1516	4.6018e+26	
1517	4.59353e+26	
1518	4.58411e+26	
1519	4.57483e+26	
1520	4.56559e+26	
1521	4.55557e+26	
1522	4.54787e+26	
1523	4.53771e+26	
1524	4.52658e+26	
1525	4.51634e+26	
1526	4.50622e+26	
1527	4.49599e+26	
1528	4.48367e+26	
1529	4.47492e+26	
1530	4.46582e+26	
1531	4.45763e+26	
1532	4.44914e+26	
1533	4.43773e+26	
1534	4.43006e+26	
1535	4.42315e+26	
1536	4.41408e+26	
1537	4.40592e+26	
1538	4.39794e+26	
1539	4.38962e+26	
1540	4.38083e+26	
1541	4.37321e+26	
1542	4.36409e+26	
1543	4.3561e+26	
1544	4.34786e+26	
1545	4.33907e+26	
1546	4.33234e+26	
1547	4.32383e+26	
1548	4.3161e+26	
1549	4.3073e+26	
1550	4.30027e+26	
1551	4.29243e+26	
1552	4.28263e+26	
1553	4.27459e+26	
1554	4.26561e+26	
1555	4.25744e+26	
1556	4.24894e+26	
1557	4.24153e+26	
1558	4.23237e+26	
1559	4.22345e+26	
1560	4.21529e+26	
1561	4.20591e+26	
1562	4.20008e+26	
1563	4.19168e+26	
1564	4.1845e+26	
1565	4.17812e+26	
1566	4.17232e+26	
1567	4.16573e+26	
1568	4.15888e+26	
1569	4.1531e+26	
1570	4.14494e+26	
1571	4.13754e+26	
1572	4.13014e+26	
1573	4.1239e+26	
1574	4.11636e+26	
1575	4.10896e+26	
1576	4.10263e+26	
1577	4.09595e+26	
1578	4.08956e+26	
1579	4.08258e+26	
1580	4.07465e+26	
1581	4.06662e+26	
1582	4.06022e+26	
1583	4.05365e+26	
1584	4.0447e+26	
1585	4.03829e+26	
1586	4.03115e+26	
1587	4.02532e+26	
1588	4.01908e+26	
1589	4.01148e+26	
1590	4.00551e+26	
1591	3.99717e+26	
1592	3.9892e+26	
1593	3.98104e+26	
1594	3.97438e+26	
1595	3.96794e+26	
1596	3.9608e+26	
1597	3.95213e+26	
1598	3.94482e+26	
1599	3.93932e+26	
1600	3.93267e+26	
1601	3.92524e+26	
1602	3.91646e+26	
1603	3.91167e+26	
1604	3.90557e+26	
1605	3.89656e+26	
1606	3.89107e+26	
1607	3.88473e+26	
1608	3.88029e+26	
1609	3.87488e+26	
1610	3.86853e+26	
1611	3.86184e+26	
1612	3.85602e+26	
1613	3.8479e+26	
1614	3.83991e+26	
1615	3.83303e+26	
1616	3.82563e+26	
1617	3.8187e+26	
1618	3.81086e+26	
1619	3.80406e+26	
1620	3.79752e+26	
1621	3.7888e+26	
1622	3.78186e+26	
1623	3.77247e+26	
1624	3.76345e+26	
1625	3.75682e+26	
1626	3.74964e+26	
1627	3.74291e+26	
1628	3.73481e+26	
1629	3.72894e+26	
1630	3.72248e+26	
1631	3.71623e+26	
1632	3.71012e+26	
1633	3.70324e+26	
1634	3.69684e+26	
1635	3.69017e+26	
1636	3.68263e+26	
1637	3.67564e+26	
1638	3.66821e+26	
1639	3.66169e+26	
1640	3.65504e+26	
1641	3.64723e+26	
1642	3.64065e+26	
1643	3.63485e+26	
1644	3.62752e+26	
1645	3.62154e+26	
1646	3.61551e+26	
1647	3.60848e+26	
1648	3.60299e+26	
1649	3.59615e+26	
1650	3.59025e+26	
1651	3.58204e+26	
1652	3.57266e+26	
1653	3.56572e+26	
1654	3.55745e+26	
1655	3.55027e+26	
1656	3.5441e+26	
1657	3.53638e+26	
1658	3.5303e+26	
1659	3.52264e+26	
1660	3.51574e+26	
1661	3.50891e+26	
1662	3.50337e+26	
1663	3.49638e+26	
1664	3.48962e+26	
1665	3.48245e+26	
1666	3.47515e+26	
1667	3.46946e+26	
1668	3.46312e+26	
1669	3.45681e+26	
1670	3.44901e+26	
1671	3.44165e+26	
1672	3.43577e+26	
1673	3.43114e+26	
1674	3.42522e+26	
1675	3.41805e+26	
1676	3.41381e+26	
1677	3.40523e+26	
1678	3.39907e+26	
1679	3.39158e+26	
1680	3.38685e+26	
1681	3.38023e+26	
1682	3.37373e+26	
1683	3.36836e+26	
1684	3.36143e+26	
1685	3.35669e+26	
1686	3.35183e+26	
1687	3.34493e+26	
1688	3.34023e+26	
1689	3.33351e+26	
1690	3.32827e+26	
1691	3.3221e+26	
1692	3.31564e+26	
1693	3.30992e+26	
1694	3.30426e+26	
1695	3.29901e+26	
1696	3.29246e+26	
1697	3.28561e+26	
1698	3.28029e+26	
1699	3.27401e+26	
1700	3.2677e+26	
1701	3.26169e+26	
1702	3.25522e+26	
1703	3.24946e+26	
1704	3.2438e+26	
1705	3.23795e+26	
1706	3.23134e+26	
1707	3.22618e+26	
1708	3.22255e+26	
1709	3.21784e+26	
1710	3.21226e+26	
1711	3.20723e+26	
1712	3.20286e+26	
1713	3.19649e+26	
1714	3.19177e+26	
1715	3.18646e+26	
1716	3.1819e+26	
1717	3.17688e+26	
1718	3.17208e+26	
1719	3.16793e+26	
1720	3.16342e+26	
1721	3.1585e+26	
1722	3.15352e+26	
1723	3.14934e+26	
1724	3.14447e+26	
1725	3.13853e+26	
1726	3.13298e+26	
1727	3.12616e+26	
1728	3.12021e+26	
1729	3.11453e+26	
1730	3.10992e+26	
1731	3.10471e+26	
1732	3.09802e+26	
1733	3.09209e+26	
1734	3.08746e+26	
1735	3.08204e+26	
1736	3.07622e+26	
1737	3.06975e+26	
1738	3.06483e+26	
1739	3.05983e+26	
1740	3.05421e+26	
1741	3.04731e+26	
1742	3.04191e+26	
1743	3.03643e+26	
1744	3.0325e+26	
1745	3.02613e+26	
1746	3.02023e+26	
1747	3.01534e+26	
1748	3.00954e+26	
1749	3.00489e+26	
1750	3.00004e+26	
1751	2.99519e+26	
1752	2.99078e+26	
1753	2.98448e+26	
1754	2.98026e+26	
1755	2.97509e+26	
1756	2.96959e+26	
1757	2.96479e+26	
1758	2.95936e+26	
1759	2.9556e+26	
1760	2.95061e+26	
1761	2.94549e+26	
1762	2.9413e+26	
1763	2.93678e+26	
1764	2.93309e+26	
1765	2.92845e+26	
1766	2.92387e+26	
1767	2.91997e+26	
1768	2.91495e+26	
1769	2.90956e+26	
1770	2.90547e+26	
1771	2.90071e+26	
1772	2.89582e+26	
1773	2.89095e+26	
1774	2.88662e+26	
1775	2.88065e+26	
1776	2.87632e+26	
1777	2.8717e+26	
1778	2.86652e+26	
1779	2.86173e+26	
1780	2.85777e+26	
1781	2.85402e+26	
1782	2.84984e+26	
1783	2.84633e+26	
1784	2.8413e+26	
1785	2.83782e+26	
1786	2.83366e+26	
1787	2.82994e+26	
1788	2.82531e+26	
1789	2.82088e+26	
1790	2.81728e+26	
1791	2.81372e+26	
1792	2.80982e+26	
1793	2.80574e+26	
1794	2.80164e+26	
1795	2.79919e+26	
1796	2.7953e+26	
1797	2.79249e+26	
1798	2.78933e+26	
1799	2.78585e+26	
1800	2.78225e+26	
1801	2.77773e+26	
1802	2.77419e+26	
1803	2.77051e+26	
1804	2.76744e+26	
1805	2.76468e+26	
1806	2.76013e+26	
1807	2.75747e+26	
1808	2.75486e+26	
1809	2.75152e+26	
1810	2.74845e+26	
1811	2.74489e+26	
1812	2.74206e+26	
1813	2.73873e+26	
1814	2.73426e+26	
1815	2.72988e+26	
1816	2.72723e+26	
1817	2.72406e+26	
1818	2.72002e+26	
1819	2.71724e+26	
1820	2.71328e+26	
1821	2.70947e+26	
1822	2.7065e+26	
1823	2.70359e+26	
1824	2.69911e+26	
1825	2.69612e+26	
1826	2.69246e+26	
1827	2.68807e+26	
1828	2.68492e+26	
1829	2.68066e+26	
1830	2.67554e+26	
1831	2.67241e+26	
1832	2.66966e+26	
1833	2.66522e+26	
1834	2.66187e+26	
1835	2.65828e+26	
1836	2.65459e+26	
1837	2.65014e+26	
1838	2.64704e+26	
1839	2.64383e+26	
1840	2.64107e+26	
1841	2.6373e+26	
1842	2.63431e+26	
1843	2.63146e+26	
1844	2.62817e+26	
1845	2.6257e+26	
1846	2.62221e+26	
1847	2.61887e+26	
1848	2.61608e+26	
1849	2.61234e+26	
1850	2.60997e+26	
1851	2.60665e+26	
1852	2.60333e+26	
1853	2.60039e+26	
1854	2.59687e+26	
1855	2.59463e+26	
1856	2.59078e+26	
1857	2.58704e+26	
1858	2.58376e+26	
1859	2.58096e+26	
1860	2.57788e+26	
1861	2.57401e+26	
1862	2.57144e+26	
1863	2.56818e+26	
1864	2.56603e+26	
1865	2.56224e+26	
1866	2.55857e+26	
1867	2.55574e+26	
1868	2.55293e+26	
1869	2.55031e+26	
1870	2.54739e+26	
1871	2.54391e+26	
1872	2.54089e+26	
1873	2.5382e+26	
1874	2.53516e+26	
1875	2.53255e+26	
1876	2.52991e+26	
1877	2.52728e+26	
1878	2.52444e+26	
1879	2.5207e+26	
1880	2.51714e+26	
1881	2.51449e+26	
1882	2.51201e+26	
1883	2.50781e+26	
1884	2.505e+26	
1885	2.50274e+26	
1886	2.49946e+26	
1887	2.49615e+26	
1888	2.49294e+26	
1889	2.49017e+26	
1890	2.48724e+26	
1891	2.48382e+26	
1892	2.48118e+26	
1893	2.47822e+26	
1894	2.47532e+26	
1895	2.4725e+26	
1896	2.46832e+26	
1897	2.46639e+26	
1898	2.46295e+26	
1899	2.46005e+26	
1900	2.45805e+26	
1901	2.45462e+26	
1902	2.45095e+26	
1903	2.44795e+26	
1904	2.44522e+26	
1905	2.44274e+26	
1906	2.43981e+26	
1907	2.43625e+26	
1908	2.43354e+26	
1909	2.43131e+26	
1910	2.42849e+26	
1911	2.42597e+26	
1912	2.42347e+26	
1913	2.42112e+26	
1914	2.41882e+26	
1915	2.41667e+26	
1916	2.41426e+26	
1917	2.41182e+26	
1918	2.40897e+26	
1919	2.40683e+26	
1920	2.40377e+26	
1921	2.39989e+26	
1922	2.39705e+26	
1923	2.39429e+26	
1924	2.39055e+26	
1925	2.38798e+26	
1926	2.38504e+26	
1927	2.38347e+26	
1928	2.37995e+26	
1929	2.37634e+26	
1930	2.37386e+26	
1931	2.37067e+26	
1932	2.36791e+26	
1933	2.36467e+26	
1934	2.36024e+26	
1935	2.3575e+26	
1936	2.35483e+26	
1937	2.35055e+26	
1938	2.34634e+26	
1939	2.34301e+26	
1940	2.34051e+26	
1941	2.33754e+26	
1942	2.33344e+26	
1943	2.32991e+26	
1944	2.3266e+26	
1945	2.32389e+26	
1946	2.32092e+26	
1947	2.31566e+26	
1948	2.31287e+26	
1949	2.31008e+26	
1950	2.30712e+26	
1951	2.30524e+26	
1952	2.30226e+26	
1953	2.29988e+26	
1954	2.29758e+26	
1955	2.29494e+26	
1956	2.29059e+26	
1957	2.28784e+26	
1958	2.28597e+26	
1959	2.28199e+26	
1960	2.27922e+26	
1961	2.27671e+26	
1962	2.27382e+26	
1963	2.27121e+26	
1964	2.26864e+26	
1965	2.26495e+26	
1966	2.2622e+26	
1967	2.26014e+26	
1968	2.25804e+26	
1969	2.25531e+26	
1970	2.25325e+26	
1971	2.2511e+26	
1972	2.24935e+26	
1973	2.24667e+26	
1974	2.24338e+26	
1975	2.24045e+26	
1976	2.23843e+26	
1977	2.23556e+26	
1978	2.23315e+26	
1979	2.22867e+26	
1980	2.2261e+26	
1981	2.2234e+26	
1982	2.22054e+26	
1983	2.21764e+26	
1984	2.21486e+26	
1985	2.21287e+26	
1986	2.21068e+26	
1987	2.20721e+26	
1988	2.20469e+26	
1989	2.20143e+26	
1990	2.19735e+26	
1991	2.19557e+26	
1992	2.19277e+26	
1993	2.19014e+26	
1994	2.18703e+26	
1995	2.18407e+26	
1996	2.18246e+26	
1997	2.17994e+26	
1998	2.17529e+26	
1999	2.17331e+26	
2000	2.17077e+26	
2001	2.16744e+26	
2002	2.16444e+26	
2003	2.1616e+26	
2004	2.15881e+26	
2005	2.15701e+26	
2006	2.15492e+26	
2007	2.15169e+26	
2008	2.14978e+26	
2009	2.14834e+26	
2010	2.14645e+26	
2011	2.1438e+26	
2012	2.14152e+26	
2013	2.13949e+26	
2014	2.13803e+26	
2015	2.13551e+26	
2016	2.13218e+26	
2017	2.1298e+26	
2018	2.12791e+26	
2019	2.12487e+26	
2020	2.12242e+26	
2021	2.12001e+26	
2022	2.11768e+26	
2023	2.11626e+26	
2024	2.11331e+26	
2025	2.1106e+26	
2026	2.10919e+26	
2027	2.10696e+26	
2028	2.10408e+26	
2029	2.10232e+26	
2030	2.09988e+26	
2031	2.09797e+26	
2032	2.09626e+26	
2033	2.09295e+26	
2034	2.09076e+26	
2035	2.08912e+26	
2036	2.08671e+26	
2037	2.08336e+26	
2038	2.08171e+26	
2039	2.07885e+26	
2040	2.07464e+26	
2041	2.07254e+26	
2042	2.06961e+26	
2043	2.06543e+26	
2044	2.06314e+26	
2045	2.06057e+26	
2046	2.05728e+26	
2047	2.05433e+26	
2048	2.05176e+26	
2049	2.04879e+26	
2050	2.04701e+26	
2051	2.0424e+26	
2052	2.03907e+26	
2053	2.03668e+26	
2054	2.03279e+26	
2055	2.02908e+26	
2056	2.02659e+26	
2057	2.02374e+26	
2058	2.02205e+26	
2059	2.01926e+26	
2060	2.01651e+26	
2061	2.01506e+26	
2062	2.01246e+26	
2063	2.00945e+26	
2064	2.00756e+26	
2065	2.00583e+26	
2066	2.00247e+26	
2067	2.00013e+26	
2068	1.99786e+26	
2069	1.99562e+26	
2070	1.99315e+26	
2071	1.99094e+26	
2072	1.98809e+26	
2073	1.98539e+26	
2074	1.98352e+26	
2075	1.98124e+26	
2076	1.97768e+26	
2077	1.97616e+26	
2078	1.97419e+26	
2079	1.97226e+26	
2080	1.97046e+26	
2081	1.96739e+26	
2082	1.96545e+26	
2083	1.96398e+26	
2084	1.96086e+26	
2085	1.95743e+26	
2086	1.95538e+26	
2087	1.95283e+26	
2088	1.95124e+26	
2089	1.94687e+26	
2090	1.94293e+26	
2091	1.94138e+26	
2092	1.93978e+26	
2093	1.93572e+26	
2094	1.93297e+26	
2095	1.93071e+26	
2096	1.9278e+26	
2097	1.92545e+26	
2098	1.92276e+26	
2099	1.9197e+26	
2100	1.91729e+26	
2101	1.91571e+26	
2102	1.91173e+26	
2103	1.90809e+26	
2104	1.90633e+26	
2105	1.90431e+26	
2106	1.9002e+26	
2107	1.89688e+26	
2108	1.89527e+26	
2109	1.89319e+26	
2110	1.89119e+26	
2111	1.88798e+26	
2112	1.88485e+26	
2113	1.88266e+26	
2114	1.88087e+26	
2115	1.8766e+26	
2116	1.87356e+26	
2117	1.87176e+26	
2118	1.87015e+26	
2119	1.86808e+26	
2120	1.86519e+26	
2121	1.86272e+26	
2122	1.86022e+26	
2123	1.85847e+26	
2124	1.85486e+26	
2125	1.85125e+26	
2126	1.84931e+26	
2127	1.84759e+26	
2128	1.84449e+26	
2129	1.84046e+26	
2130	1.83811e+26	
2131	1.83615e+26	
2132	1.83373e+26	
2133	1.82893e+26	
2134	1.82664e+26	
2135	1.82487e+26	
2136	1.82292e+26	
2137	1.81946e+26	
2138	1.81688e+26	
2139	1.81374e+26	
2140	1.81185e+26	
2141	1.80991e+26	
2142	1.80666e+26	
2143	1.80393e+26	
2144	1.80261e+26	
2145	1.80003e+26	
2146	1.79716e+26	
2147	1.79371e+26	
2148	1.79137e+26	
2149	1.78992e+26	
2150	1.78714e+26	
2151	1.78409e+26	
2152	1.78092e+26	
2153	1.77918e+26	
2154	1.77738e+26	
2155	1.77459e+26	
2156	1.77171e+26	
2157	1.76912e+26	
2158	1.76763e+26	
2159	1.76509e+26	
2160	1.76248e+26	
2161	1.76031e+26	
2162	1.75787e+26	
2163	1.7562e+26	
2164	1.75313e+26	
2165	1.74979e+26	
2166	1.7475e+26	
2167	1.74573e+26	
2168	1.74319e+26	
2169	1.73969e+26	
2170	1.73693e+26	
2171	1.73516e+26	
2172	1.73323e+26	
2173	1.73059e+26	
2174	1.72804e+26	
2175	1.72647e+26	
2176	1.72526e+26	
2177	1.72329e+26	
2178	1.71986e+26	
2179	1.71751e+26	
2180	1.71558e+26	
2181	1.7135e+26	
2182	1.71105e+26	
2183	1.70814e+26	
2184	1.706e+26	
2185	1.70456e+26	
2186	1.70252e+26	
2187	1.6995e+26	
2188	1.69754e+26	
2189	1.69563e+26	
2190	1.69353e+26	
2191	1.69171e+26	
2192	1.68942e+26	
2193	1.68686e+26	
2194	1.68446e+26	
2195	1.68243e+26	
2196	1.68078e+26	
2197	1.67874e+26	
2198	1.67674e+26	
2199	1.67485e+26	
2200	1.67329e+26	
2201	1.67137e+26	
2202	1.66908e+26	
2203	1.66519e+26	
2204	1.66349e+26	
2205	1.66205e+26	
2206	1.65928e+26	
2207	1.65594e+26	
2208	1.65379e+26	
2209	1.65229e+26	
2210	1.64976e+26	
2211	1.64694e+26	
2212	1.64499e+26	
2213	1.6432e+26	
2214	1.64149e+26	
2215	1.6386e+26	
2216	1.63567e+26	
2217	1.63318e+26	
2218	1.63129e+26	
2219	1.62902e+26	
2220	1.62653e+26	
2221	1.62319e+26	
2222	1.62102e+26	
2223	1.61931e+26	
2224	1.61643e+26	
2225	1.613e+26	
2226	1.61057e+26	
2227	1.60845e+26	
2228	1.60615e+26	
2229	1.60399e+26	
2230	1.60193e+26	
2231	1.59919e+26	
2232	1.59617e+26	
2233	1.5944e+26	
2234	1.59271e+26	
2235	1.59039e+26	
2236	1.58801e+26	
2237	1.58589e+26	
2238	1.58449e+26	
2239	1.58176e+26	
2240	1.57822e+26	
2241	1.57645e+26	
2242	1.57477e+26	
2243	1.57304e+26	
2244	1.56989e+26	
2245	1.56664e+26	
2246	1.56429e+26	
2247	1.56265e+26	
2248	1.56067e+26	
2249	1.55845e+26	
2250	1.55656e+26	
2251	1.55414e+26	
2252	1.55121e+26	
2253	1.54886e+26	
2254	1.54684e+26	
2255	1.5433e+26	
2256	1.53883e+26	
2257	1.53704e+26	
2258	1.53522e+26	
2259	1.53187e+26	
2260	1.52857e+26	
2261	1.5273e+26	
2262	1.52553e+26	
2263	1.52304e+26	
2264	1.5203e+26	
2265	1.51857e+26	
2266	1.51684e+26	
2267	1.51476e+26	
2268	1.51301e+26	
2269	1.51126e+26	
2270	1.50928e+26	
2271	1.5074e+26	
2272	1.50542e+26	
2273	1.50358e+26	
2274	1.50073e+26	
2275	1.49758e+26	
2276	1.49527e+26	
2277	1.49384e+26	
2278	1.49188e+26	
2279	1.48886e+26	
2280	1.48706e+26	
2281	1.48555e+26	
2282	1.48387e+26	
2283	1.48159e+26	
2284	1.47943e+26	
2285	1.4777e+26	
2286	1.47655e+26	
2287	1.47447e+26	
2288	1.47246e+26	
2289	1.47067e+26	
2290	1.46874e+26	
2291	1.46663e+26	
2292	1.46454e+26	
2293	1.46295e+26	
2294	1.46077e+26	
2295	1.45812e+26	
2296	1.45646e+26	
2297	1.45511e+26	
2298	1.45295e+26	
2299	1.45079e+26	
2300	1.44944e+26	
2301	1.44769e+26	
2302	1.44573e+26	
2303	1.44437e+26	
2304	1.44218e+26	
2305	1.44016e+26	
2306	1.43893e+26	
2307	1.43776e+26	
2308	1.43579e+26	
2309	1.43366e+26	
2310	1.4324e+26	
2311	1.43142e+26	
2312	1.43006e+26	
2313	1.42753e+26	
2314	1.42616e+26	
2315	1.42485e+26	
2316	1.42267e+26	
2317	1.42027e+26	
2318	1.4186e+26	
2319	1.41715e+26	
2320	1.41538e+26	
2321	1.41361e+26	
2322	1.41199e+26	
2323	1.41003e+26	
2324	1.40798e+26	
2325	1.40626e+26	
2326	1.4048e+26	
2327	1.40308e+26	
2328	1.40093e+26	
2329	1.39923e+26	
2330	1.3978e+26	
2331	1.39594e+26	
2332	1.39295e+26	
2333	1.39071e+26	
2334	1.38875e+26	
2335	1.38693e+26	
2336	1.3853e+26	
2337	1.38396e+26	
2338	1.38183e+26	
2339	1.37952e+26	
2340	1.37752e+26	
2341	1.37611e+26	
2342	1.37404e+26	
2343	1.37145e+26	
2344	1.36983e+26	
2345	1.36808e+26	
2346	1.36601e+26	
2347	1.36419e+26	
2348	1.36264e+26	
2349	1.36055e+26	
2350	1.35838e+26	
2351	1.35693e+26	
2352	1.35451e+26	
2353	1.35195e+26	
2354	1.35049e+26	
2355	1.34897e+26	
2356	1.34718e+26	
2357	1.34445e+26	
2358	1.34292e+26	
2359	1.34183e+26	
2360	1.34028e+26	
2361	1.33871e+26	
2362	1.33736e+26	
2363	1.33578e+26	
2364	1.33384e+26	
2365	1.33254e+26	
2366	1.33108e+26	
2367	1.32951e+26	
2368	1.32756e+26	
2369	1.32602e+26	
2370	1.325e+26	
2371	1.32385e+26	
2372	1.32249e+26	
2373	1.32126e+26	
2374	1.31964e+26	
2375	1.3182e+26	
2376	1.31666e+26	
2377	1.31517e+26	
2378	1.31342e+26	
2379	1.31159e+26	
2380	1.31031e+26	
2381	1.30902e+26	
2382	1.30706e+26	
2383	1.30493e+26	
2384	1.30329e+26	
2385	1.30137e+26	
2386	1.29917e+26	
2387	1.29754e+26	
2388	1.2953e+26	
2389	1.29316e+26	
2390	1.29094e+26	
2391	1.28975e+26	
2392	1.28688e+26	
2393	1.28473e+26	
2394	1.28262e+26	
2395	1.28113e+26	
2396	1.27966e+26	
2397	1.27792e+26	
2398	1.27658e+26	
2399	1.27493e+26	
2400	1.27326e+26	
2401	1.2717e+26	
2402	1.27053e+26	
2403	1.26821e+26	
2404	1.26584e+26	
2405	1.26439e+26	
2406	1.263e+26	
2407	1.26132e+26	
2408	1.26008e+26	
2409	1.25838e+26	
2410	1.25667e+26	
2411	1.25525e+26	
2412	1.2541e+26	
2413	1.2525e+26	
2414	1.2503e+26	
2415	1.24876e+26	
2416	1.24763e+26	
2417	1.24599e+26	
2418	1.24439e+26	
2419	1.24297e+26	
2420	1.24139e+26	
2421	1.23986e+26	
2422	1.23853e+26	
2423	1.23736e+26	
2424	1.23584e+26	
2425	1.23441e+26	
2426	1.23255e+26	
2427	1.23121e+26	
2428	1.22921e+26	
2429	1.22719e+26	
2430	1.22595e+26	
2431	1.2249e+26	
2432	1.22307e+26	
2433	1.22121e+26	
2434	1.21989e+26	
2435	1.21856e+26	
2436	1.21718e+26	
2437	1.21591e+26	
2438	1.215e+26	
2439	1.21354e+26	
2440	1.21211e+26	
2441	1.21092e+26	
2442	1.2098e+26	
2443	1.20769e+26	
2444	1.20591e+26	
2445	1.20424e+26	
2446	1.20299e+26	
2447	1.20138e+26	
2448	1.20021e+26	
2449	1.19886e+26	
2450	1.19767e+26	
2451	1.19631e+26	
2452	1.1952e+26	
2453	1.19382e+26	
2454	1.19237e+26	
2455	1.1907e+26	
2456	1.18969e+26	
2457	1.1887e+26	
2458	1.18721e+26	
2459	1.18565e+26	
2460	1.18436e+26	
2461	1.18303e+26	
2462	1.18174e+26	
2463	1.18042e+26	
2464	1.1788e+26	
2465	1.17713e+26	
2466	1.17608e+26	
2467	1.17501e+26	
2468	1.17361e+26	
2469	1.17203e+26	
2470	1.17094e+26	
2471	1.17005e+26	
2472	1.16889e+26	
2473	1.16785e+26	
2474	1.16662e+26	
2475	1.16559e+26	
2476	1.16452e+26	
2477	1.16365e+26	
2478	1.16278e+26	
2479	1.16138e+26	
2480	1.1602e+26	
2481	1.15898e+26	
2482	1.15805e+26	
2483	1.15666e+26	
2484	1.15541e+26	
2485	1.15404e+26	
2486	1.15274e+26	
2487	1.15154e+26	
2488	1.15065e+26	
2489	1.14957e+26	
2490	1.14856e+26	
2491	1.14751e+26	
2492	1.14641e+26	
2493	1.14523e+26	
2494	1.14401e+26	
2495	1.14287e+26	
2496	1.14185e+26	
2497	1.14096e+26	
2498	1.14006e+26	
2499	1.1391e+26	
2500	1.13796e+26	
2501	1.13719e+26	
2502	1.1364e+26	
2503	1.13547e+26	
2504	1.13442e+26	
2505	1.13344e+26	
2506	1.13232e+26	
2507	1.13111e+26	
2508	1.12985e+26	
2509	1.12868e+26	
2510	1.12721e+26	
2511	1.12591e+26	
2512	1.12486e+26	
2513	1.12383e+26	
2514	1.12286e+26	
2515	1.12169e+26	
2516	1.12076e+26	
2517	1.11963e+26	
2518	1.11868e+26	
2519	1.11776e+26	
2520	1.11644e+26	
2521	1.11463e+26	
2522	1.11306e+26	
2523	1.11192e+26	
2524	1.11073e+26	
2525	1.10968e+26	
2526	1.10845e+26	
2527	1.10734e+26	
2528	1.10623e+26	
2529	1.10523e+26	
2530	1.10401e+26	
2531	1.10293e+26	
2532	1.10177e+26	
2533	1.10106e+26	
2534	1.09981e+26	
2535	1.09891e+26	
2536	1.09755e+26	
2537	1.09649e+26	
2538	1.09549e+26	
2539	1.09424e+26	
2540	1.0932e+26	
2541	1.09237e+26	
2542	1.09147e+26	
2543	1.0901e+26	
2544	1.08933e+26	
2545	1.08858e+26	
2546	1.0873e+26	
2547	1.08632e+26	
2548	1.08548e+26	
2549	1.08465e+26	
2550	1.08348e+26	
2551	1.08215e+26	
2552	1.08106e+26	
2553	1.08005e+26	
2554	1.07865e+26	
2555	1.07736e+26	
2556	1.07625e+26	
2557	1.07498e+26	
2558	1.07385e+26	
2559	1.07263e+26	
2560	1.07152e+26	
2561	1.07067e+26	
2562	1.06947e+26	
2563	1.06823e+26	
2564	1.0672e+26	
2565	1.06618e+26	
2566	1.06505e+26	
2567	1.06348e+26	
2568	1.06237e+26	
2569	1.06119e+26	
2570	1.0604e+26	
2571	1.0595e+26	
2572	1.05864e+26	
2573	1.05759e+26	
2574	1.05636e+26	
2575	1.05535e+26	
2576	1.05451e+26	
2577	1.05355e+26	
2578	1.05237e+26	
2579	1.05131e+26	
2580	1.05055e+26	
2581	1.04957e+26	
2582	1.04836e+26	
2583	1.04748e+26	
2584	1.04626e+26	
2585	1.0454e+26	
2586	1.04429e+26	
2587	1.04331e+26	
2588	1.04229e+26	
2589	1.04123e+26	
2590	1.04001e+26	
2591	1.03872e+26	
2592	1.03774e+26	
2593	1.03652e+26	
2594	1.03559e+26	
2595	1.03396e+26	
2596	1.0328e+26	
2597	1.03155e+26	
2598	1.03011e+26	
2599	1.02894e+26	
2600	1.02807e+26	
2601	1.02696e+26	
2602	1.02585e+26	
2603	1.0248e+26	
2604	1.02385e+26	
2605	1.02268e+26	
2606	1.02181e+26	
2607	1.02079e+26	
2608	1.01995e+26	
2609	1.01887e+26	
2610	1.01793e+26	
2611	1.01702e+26	
2612	1.01619e+26	
2613	1.01523e+26	
2614	1.01445e+26	
2615	1.01338e+26	
2616	1.01206e+26	
2617	1.01123e+26	
2618	1.01028e+26	
2619	1.00925e+26	
2620	1.00818e+26	
2621	1.0071e+26	
2622	1.00595e+26	
2623	1.00518e+26	
2624	1.00434e+26	
2625	1.00348e+26	
2626	1.00261e+26	
2627	1.00136e+26	
2628	1.0005e+26	
2629	9.99583e+25	
2630	9.98527e+25	
2631	9.97766e+25	
2632	9.96725e+25	
2633	9.95696e+25	
2634	9.94818e+25	
2635	9.9399e+25	
2636	9.93117e+25	
2637	9.92286e+25	
2638	9.91277e+25	
2639	9.903e+25	
2640	9.89037e+25	
2641	9.87935e+25	
2642	9.8672e+25	
2643	9.85688e+25	
2644	9.84749e+25	
2645	9.83905e+25	
2646	9.83031e+25	
2647	9.8203e+25	
2648	9.81005e+25	
2649	9.80073e+25	
2650	9.79147e+25	
2651	9.78363e+25	
2652	9.77291e+25	
2653	9.76276e+25	
2654	9.75285e+25	
2655	9.74607e+25	
2656	9.73293e+25	
2657	9.72125e+25	
2658	9.71146e+25	
2659	9.69954e+25	
2660	9.68627e+25	
2661	9.67877e+25	
2662	9.67243e+25	
2663	9.66629e+25	
2664	9.65724e+25	
2665	9.6499e+25	
2666	9.64324e+25	
2667	9.63654e+25	
2668	9.62835e+25	
2669	9.62125e+25	
2670	9.61564e+25	
2671	9.60664e+25	
2672	9.59861e+25	
2673	9.59138e+25	
2674	9.58177e+25	
2675	9.5741e+25	
2676	9.56649e+25	
2677	9.55882e+25	
2678	9.54968e+25	
2679	9.54316e+25	
2680	9.53661e+25	
2681	9.52815e+25	
2682	9.52031e+25	
2683	9.51424e+25	
2684	9.50429e+25	
2685	9.49538e+25	
2686	9.48582e+25	
2687	9.47684e+25	
2688	9.46708e+25	
2689	9.45765e+25	
2690	9.45023e+25	
2691	9.44388e+25	
2692	9.43767e+25	
2693	9.43253e+25	
2694	9.42622e+25	
2695	9.42023e+25	
2696	9.41158e+25	
2697	9.4044e+25	
2698	9.39749e+25	
2699	9.39033e+25	
2700	9.38062e+25	
2701	9.37171e+25	
2702	9.36412e+25	
2703	9.35667e+25	
2704	9.34839e+25	
2705	9.34104e+25	
2706	9.33357e+25	
2707	9.32694e+25	
2708	9.31968e+25	
2709	9.31439e+25	
2710	9.30488e+25	
2711	9.29868e+25	
2712	9.29133e+25	
2713	9.28301e+25	
2714	9.27676e+25	
2715	9.2681e+25	
2716	9.25998e+25	
2717	9.25359e+25	
2718	9.2462e+25	
2719	9.23777e+25	
2720	9.23094e+25	
2721	9.22271e+25	
2722	9.21417e+25	
2723	9.20189e+25	
2724	9.19381e+25	
2725	9.18523e+25	
2726	9.17706e+25	
2727	9.1665e+25	
2728	9.15897e+25	
2729	9.1519e+25	
2730	9.14181e+25	
2731	9.12909e+25	
2732	9.12056e+25	
2733	9.11084e+25	
2734	9.10449e+25	
2735	9.09906e+25	
2736	9.09137e+25	
2737	9.08395e+25	
2738	9.07622e+25	
2739	9.07013e+25	
2740	9.0647e+25	
2741	9.05576e+25	
2742	9.04821e+25	
2743	9.03901e+25	
2744	9.03058e+25	
2745	9.02137e+25	
2746	9.01462e+25	
2747	9.00484e+25	
2748	8.99368e+25	
2749	8.98322e+25	
2750	8.97702e+25	
2751	8.96928e+25	
2752	8.95997e+25	
2753	8.94821e+25	
2754	8.94084e+25	
2755	8.93014e+25	
2756	8.92172e+25	
2757	8.91536e+25	
2758	8.90573e+25	
2759	8.89597e+25	
2760	8.8835e+25	
2761	8.87538e+25	
2762	8.86741e+25	
2763	8.8602e+25	
2764	8.85298e+25	
2765	8.84573e+25	
2766	8.83689e+25	
2767	8.83141e+25	
2768	8.82463e+25	
2769	8.81861e+25	
2770	8.81138e+25	
2771	8.80353e+25	
2772	8.79577e+25	
2773	8.78615e+25	
2774	8.77865e+25	
2775	8.76802e+25	
2776	8.7601e+25	
2777	8.7526e+25	
2778	8.74487e+25	
2779	8.73657e+25	
2780	8.7286e+25	
2781	8.71954e+25	
2782	8.70923e+25	
2783	8.70034e+25	
2784	8.69413e+25	
2785	8.68747e+25	
2786	8.67768e+25	
2787	8.66598e+25	
2788	8.65463e+25	
2789	8.64399e+25	
2790	8.63643e+25	
2791	8.6283e+25	
2792	8.62036e+25	
2793	8.61219e+25	
2794	8.60314e+25	
2795	8.59462e+25	
2796	8.58855e+25	
2797	8.58245e+25	
2798	8.57502e+25	
2799	8.56745e+25	
2800	8.55908e+25	
2801	8.55168e+25	
2802	8.54629e+25	
2803	8.53886e+25	
2804	8.53006e+25	
2805	8.5218e+25	
2806	8.51224e+25	
2807	8.50424e+25	
2808	8.49658e+25	
2809	8.48938e+25	
2810	8.48105e+25	
2811	8.47441e+25	
2812	8.4686e+25	
2813	8.46231e+25	
2814	8.45673e+25	
2815	8.44831e+25	
2816	8.43998e+25	
2817	8.4315e+25	
2818	8.42282e+25	
2819	8.41512e+25	
2820	8.40705e+25	
2821	8.40032e+25	
2822	8.39365e+25	
2823	8.38401e+25	
2824	8.37812e+25	
2825	8.36925e+25	
2826	8.35995e+25	
2827	8.35155e+25	
2828	8.34568e+25	
2829	8.33977e+25	
2830	8.33204e+25	
2831	8.32293e+25	
2832	8.31456e+25	
2833	8.30673e+25	
2834	8.29964e+25	
2835	8.29196e+25	
2836	8.28542e+25	
2837	8.28002e+25	
2838	8.27315e+25	
2839	8.26631e+25	
2840	8.25963e+25	
2841	8.25199e+25	
2842	8.24407e+25	
2843	8.23704e+25	
2844	8.2287e+25	
2845	8.22146e+25	
2846	8.21506e+25	
2847	8.20799e+25	
2848	8.20086e+25	
2849	8.19366e+25	
2850	8.18856e+25	
2851	8.1823e+25	
2852	8.17446e+25	
2853	8.16739e+25	
2854	8.15915e+25	
2855	8.15361e+25	
2856	8.14271e+25	
2857	8.1316e+25	
2858	8.12407e+25	
2859	8.11773e+25	
2860	8.11158e+25	
2861	8.10727e+25	
2862	8.10098e+25	
2863	8.09272e+25	
2864	8.08461e+25	
2865	8.07807e+25	
2866	8.07204e+25	
2867	8.06492e+25	
2868	8.05755e+25	
2869	8.05052e+25	
2870	8.03874e+25	
2871	8.03178e+25	
2872	8.02475e+25	
2873	8.01816e+25	
2874	8.01089e+25	
2875	8.00168e+25	
2876	7.99268e+25	
2877	7.98346e+25	
2878	7.977e+25	
2879	7.9709e+25	
2880	7.96289e+25	
2881	7.95671e+25	
2882	7.94789e+25	
2883	7.93966e+25	
2884	7.93175e+25	
2885	7.9257e+25	
2886	7.91601e+25	
2887	7.90775e+25	
2888	7.9003e+25	
2889	7.8948e+25	
2890	7.88798e+25	
2891	7.88127e+25	
2892	7.87439e+25	
2893	7.86788e+25	
2894	7.8628e+25	
2895	7.85768e+25	
2896	7.85328e+25	
2897	7.847e+25	
2898	7.83984e+25	
2899	7.83573e+25	
2900	7.83099e+25	
2901	7.82609e+25	
2902	7.81854e+25	
2903	7.80933e+25	
2904	7.80084e+25	
2905	7.79313e+25	
2906	7.78646e+25	
2907	7.78048e+25	
2908	7.77472e+25	
2909	7.76793e+25	
2910	7.76131e+25	
2911	7.75397e+25	
2912	7.7477e+25	
2913	7.73813e+25	
2914	7.73179e+25	
2915	7.72354e+25	
2916	7.7169e+25	
2917	7.70808e+25	
2918	7.70078e+25	
2919	7.69178e+25	
2920	7.68529e+25	
2921	7.67799e+25	
2922	7.67024e+25	
2923	7.6635e+25	
2924	7.6577e+25	
2925	7.65313e+25	
2926	7.64732e+25	
2927	7.64213e+25	
2928	7.63271e+25	
2929	7.62673e+25	
2930	7.62044e+25	
2931	7.61651e+25	
2932	7.61115e+25	
2933	7.60597e+25	
2934	7.59732e+25	
2935	7.59074e+25	
2936	7.5836e+25	
2937	7.57792e+25	
2938	7.5718e+25	
2939	7.56355e+25	
2940	7.55528e+25	
2941	7.54397e+25	
2942	7.53398e+25	
2943	7.52644e+25	
2944	7.51989e+25	
2945	7.51184e+25	
2946	7.50527e+25	
2947	7.49989e+25	
2948	7.49563e+25	
2949	7.49042e+25	
2950	7.48479e+25	
2951	7.47947e+25	
2952	7.47205e+25	
2953	7.46418e+25	
2954	7.45642e+25	
2955	7.44986e+25	
2956	7.44341e+25	
2957	7.4332e+25	
2958	7.42572e+25	
2959	7.41722e+25	
2960	7.41002e+25	
2961	7.40529e+25	
2962	7.39826e+25	
2963	7.39189e+25	
2964	7.38209e+25	
2965	7.37576e+25	
2966	7.37012e+25	
2967	7.36363e+25	
2968	7.35627e+25	
2969	7.35056e+25	
2970	7.34257e+25	
2971	7.33692e+25	
2972	7.33086e+25	
2973	7.32418e+25	
2974	7.31635e+25	
2975	7.30788e+25	
2976	7.30109e+25	
2977	7.29477e+25	
2978	7.28802e+25	
2979	7.28071e+25	
2980	7.27109e+25	
2981	7.26395e+25	
2982	7.25949e+25	
2983	7.25286e+25	
2984	7.24407e+25	
2985	7.2339e+25	
2986	7.22525e+25	
2987	7.21726e+25	
2988	7.20888e+25	
2989	7.20167e+25	
2990	7.19448e+25	
2991	7.18509e+25	
2992	7.17711e+25	
2993	7.17067e+25	
2994	7.16182e+25	
2995	7.15437e+25	
2996	7.14798e+25	
2997	7.14015e+25	
2998	7.13298e+25	
2999	7.12814e+25	
3000	7.12164e+25	
3001	7.11599e+25	
3002	7.10759e+25	
3003	7.1008e+25	
3004	7.09306e+25	
3005	7.08874e+25	
3006	7.08374e+25	
3007	7.07819e+25	
3008	7.07272e+25	
3009	7.0673e+25	
3010	7.06328e+25	
3011	7.05936e+25	
3012	7.05521e+25	
3013	7.05078e+25	
3014	7.04603e+25	
3015	7.03959e+25	
3016	7.03379e+25	
3017	7.0294e+25	
3018	7.02611e+25	
3019	7.0219e+25	
3020	7.01768e+25	
3021	7.01276e+25	
3022	7.00715e+25	
3023	7.00186e+25	
3024	6.99725e+25	
3025	6.99333e+25	
3026	6.98744e+25	
3027	6.98293e+25	
3028	6.97843e+25	
3029	6.97483e+25	
3030	6.97025e+25	
3031	6.96521e+25	
3032	6.9589e+25	
3033	6.95372e+25	
3034	6.94869e+25	
3035	6.94369e+25	
3036	6.93854e+25	
3037	6.93341e+25	
3038	6.92819e+25	
3039	6.92314e+25	
3040	6.91925e+25	
3041	6.91609e+25	
3042	6.91239e+25	
3043	6.90647e+25	
3044	6.90134e+25	
3045	6.89711e+25	
3046	6.89283e+25	
3047	6.88814e+25	
3048	6.8838e+25	
3049	6.87901e+25	
3050	6.87321e+25	
3051	6.86816e+25	
3052	6.86487e+25	
3053	6.86009e+25	
3054	6.85514e+25	
3055	6.85018e+25	
3056	6.84515e+25	
3057	6.84068e+25	
3058	6.83735e+25	
3059	6.83444e+25	
3060	6.82948e+25	
3061	6.82301e+25	
3062	6.81978e+25	
3063	6.81614e+25	
3064	6.81273e+25	
3065	6.80763e+25	
3066	6.80434e+25	
3067	6.8e+25	
3068	6.79667e+25	
3069	6.79255e+25	
3070	6.78991e+25	
3071	6.78558e+25	
3072	6.78108e+25	
3073	6.77518e+25	
3074	6.77086e+25	
3075	6.76763e+25	
3076	6.76299e+25	
3077	6.75875e+25	
3078	6.75413e+25	
3079	6.75044e+25	
3080	6.74668e+25	
3081	6.74395e+25	
3082	6.73825e+25	
3083	6.73231e+25	
3084	6.72795e+25	
3085	6.72205e+25	
3086	6.71719e+25	
3087	6.7127e+25	
3088	6.7076e+25	
3089	6.70297e+25	
3090	6.69912e+25	
3091	6.69594e+25	
3092	6.69175e+25	
3093	6.688e+25	
3094	6.68383e+25	
3095	6.68005e+25	
3096	6.67618e+25	
3097	6.67319e+25	
3098	6.66993e+25	
3099	6.66617e+25	
3100	6.66107e+25	
3101	6.65838e+25	
3102	6.655e+25	
3103	6.65218e+25	
3104	6.64786e+25	
3105	6.64394e+25	
3106	6.63946e+25	
3107	6.63551e+25	
3108	6.63172e+25	
3109	6.62844e+25	
3110	6.6244e+25	
3111	6.61965e+25	
3112	6.61699e+25	
3113	6.61356e+25	
3114	6.61146e+25	
3115	6.60893e+25	
3116	6.60437e+25	
3117	6.5997e+25	
3118	6.5951e+25	
3119	6.59099e+25	
3120	6.5885e+25	
3121	6.58505e+25	
3122	6.58079e+25	
3123	6.57421e+25	
3124	6.56796e+25	
3125	6.56399e+25	
3126	6.56024e+25	
3127	6.55659e+25	
3128	6.55309e+25	
3129	6.54898e+25	
3130	6.54389e+25	
3131	6.53896e+25	
3132	6.53527e+25	
3133	6.53202e+25	
3134	6.52868e+25	
3135	6.5239e+25	
3136	6.51955e+25	
3137	6.51603e+25	
3138	6.51228e+25	
3139	6.5094e+25	
3140	6.50608e+25	
3141	6.50234e+25	
3142	6.49777e+25	
3143	6.49425e+25	
3144	6.49022e+25	
3145	6.4865e+25	
3146	6.48298e+25	
3147	6.47777e+25	
3148	6.47328e+25	
3149	6.47031e+25	
3150	6.46804e+25	
3151	6.4642e+25	
3152	6.46007e+25	
3153	6.45468e+25	
3154	6.44989e+25	
3155	6.44608e+25	
3156	6.44323e+25	
3157	6.44022e+25	
3158	6.43607e+25	
3159	6.43309e+25	
3160	6.42948e+25	
3161	6.42625e+25	
3162	6.42279e+25	
3163	6.41921e+25	
3164	6.41482e+25	
3165	6.4095e+25	
3166	6.40631e+25	
3167	6.40368e+25	
3168	6.40171e+25	
3169	6.39871e+25	
3170	6.39537e+25	
3171	6.3929e+25	
3172	6.38982e+25	
3173	6.38652e+25	
3174	6.38347e+25	
3175	6.37931e+25	
3176	6.37478e+25	
3177	6.36998e+25	
3178	6.36596e+25	
3179	6.3631e+25	
3180	6.35979e+25	
3181	6.35607e+25	
3182	6.35219e+25	
3183	6.34847e+25	
3184	6.34511e+25	
3185	6.34244e+25	
3186	6.34022e+25	
3187	6.33778e+25	
3188	6.33458e+25	
3189	6.33093e+25	
3190	6.32828e+25	
3191	6.32563e+25	
3192	6.32241e+25	
3193	6.31782e+25	
3194	6.31283e+25	
3195	6.30874e+25	
3196	6.3048e+25	
3197	6.30225e+25	
3198	6.29966e+25	
3199	6.29778e+25	
3200	6.29499e+25	
3201	6.29168e+25	
3202	6.28905e+25	
3203	6.28626e+25	
3204	6.28235e+25	
3205	6.27934e+25	
3206	6.27603e+25	
3207	6.27369e+25	
3208	6.27135e+25	
3209	6.26903e+25	
3210	6.26611e+25	
3211	6.26245e+25	
3212	6.25959e+25	
3213	6.25664e+25	
3214	6.25427e+25	
3215	6.2522e+25	
3216	6.24959e+25	
3217	6.24672e+25	
3218	6.24287e+25	
3219	6.24032e+25	
3220	6.23749e+25	
3221	6.23442e+25	
3222	6.23077e+25	
3223	6.22647e+25	
3224	6.22356e+25	
3225	6.22067e+25	
3226	6.21831e+25	
3227	6.21516e+25	
3228	6.21128e+25	
3229	6.20847e+25	
3230	6.2058e+25	
3231	6.20377e+25	
3232	6.2014e+25	
3233	6.199e+25	
3234	6.19482e+25	
3235	6.19128e+25	
3236	6.18764e+25	
3237	6.18487e+25	
3238	6.18182e+25	
3239	6.178e+25	
3240	6.17437e+25	
3241	6.17059e+25	
3242	6.16679e+25	
3243	6.16475e+25	
3244	6.16202e+25	
3245	6.15834e+25	
3246	6.1533e+25	
3247	6.14932e+25	
3248	6.14513e+25	
3249	6.14288e+25	
3250	6.14003e+25	
3251	6.13693e+25	
3252	6.13267e+25	
3253	6.12779e+25	
3254	6.12452e+25	
3255	6.12083e+25	
3256	6.11799e+25	
3257	6.11548e+25	
3258	6.11149e+25	
3259	6.10587e+25	
3260	6.10135e+25	
3261	6.09735e+25	
3262	6.09433e+25	
3263	6.08973e+25	
3264	6.08489e+25	
3265	6.08128e+25	
3266	6.0779e+25	
3267	6.0746e+25	
3268	6.07232e+25	
3269	6.06887e+25	
3270	6.06438e+25	
3271	6.06055e+25	
3272	6.05692e+25	
3273	6.05256e+25	
3274	6.04758e+25	
3275	6.04345e+25	
3276	6.03982e+25	
3277	6.03591e+25	
3278	6.0318e+25	
3279	6.02831e+25	
3280	6.02417e+25	
3281	6.02084e+25	
3282	6.01552e+25	
3283	6.01114e+25	
3284	6.00848e+25	
3285	6.00546e+25	
3286	6.00124e+25	
3287	5.99665e+25	
3288	5.99192e+25	
3289	5.98725e+25	
3290	5.98315e+25	
3291	5.97814e+25	
3292	5.97355e+25	
3293	5.97053e+25	
3294	5.96624e+25	
3295	5.96373e+25	
3296	5.96021e+25	
3297	5.95664e+25	
3298	5.95056e+25	
3299	5.94551e+25	
3300	5.94138e+25	
3301	5.93796e+25	
3302	5.93535e+25	
3303	5.93098e+25	
3304	5.92674e+25	
3305	5.92159e+25	
3306	5.91642e+25	
3307	5.91351e+25	
3308	5.91087e+25	
3309	5.908e+25	
3310	5.90313e+25	
3311	5.8978e+25	
3312	5.8945e+25	
3313	5.89108e+25	
3314	5.8878e+25	
3315	5.88435e+25	
3316	5.88049e+25	
3317	5.8767e+25	
3318	5.87391e+25	
3319	5.87144e+25	
3320	5.86846e+25	
3321	5.8652e+25	
3322	5.8603e+25	
3323	5.85476e+25	
3324	5.84921e+25	
3325	5.84589e+25	
3326	5.84207e+25	
3327	5.83806e+25	
3328	5.83318e+25	
3329	5.82832e+25	
3330	5.82431e+25	
3331	5.82151e+25	
3332	5.81833e+25	
3333	5.81455e+25	
3334	5.80991e+25	
3335	5.80413e+25	
3336	5.79826e+25	
3337	5.79446e+25	
3338	5.7898e+25	
3339	5.78433e+25	
3340	5.77856e+25	
3341	5.77413e+25	
3342	5.77166e+25	
3343	5.76859e+25	
3344	5.76574e+25	
3345	5.76106e+25	
3346	5.75682e+25	
3347	5.75079e+25	
3348	5.7466e+25	
3349	5.74262e+25	
3350	5.73941e+25	
3351	5.73428e+25	
3352	5.73048e+25	
3353	5.72704e+25	
3354	5.72457e+25	
3355	5.72172e+25	
3356	5.718e+25	
3357	5.71421e+25	
3358	5.71093e+25	
3359	5.70646e+25	
3360	5.70212e+25	
3361	5.69657e+25	
3362	5.69332e+25	
3363	5.68959e+25	
3364	5.68593e+25	
3365	5.683e+25	
3366	5.6794e+25	
3367	5.67639e+25	
3368	5.67085e+25	
3369	5.66597e+25	
3370	5.66238e+25	
3371	5.66019e+25	
3372	5.65804e+25	
3373	5.65588e+25	
3374	5.65174e+25	
3375	5.64735e+25	
3376	5.64449e+25	
3377	5.64133e+25	
3378	5.63836e+25	
3379	5.63483e+25	
3380	5.6276e+25	
3381	5.62178e+25	
3382	5.6158e+25	
3383	5.6124e+25	
3384	5.60872e+25	
3385	5.6055e+25	
3386	5.60043e+25	
3387	5.59642e+25	
3388	5.59242e+25	
3389	5.58906e+25	
3390	5.58717e+25	
3391	5.58379e+25	
3392	5.58062e+25	
3393	5.57748e+25	
3394	5.57313e+25	
3395	5.57005e+25	
3396	5.56621e+25	
3397	5.56208e+25	
3398	5.55674e+25	
3399	5.55372e+25	
3400	5.55034e+25	
3401	5.54793e+25	
3402	5.54551e+25	
3403	5.54169e+25	
3404	5.5365e+25	
3405	5.53191e+25	
3406	5.52873e+25	
3407	5.52656e+25	
3408	5.52452e+25	
3409	5.52106e+25	
3410	5.51766e+25	
3411	5.51454e+25	
3412	5.51102e+25	
3413	5.50874e+25	
3414	5.50574e+25	
3415	5.50288e+25	
3416	5.49914e+25	
3417	5.49525e+25	
3418	5.49213e+25	
3419	5.48911e+25	
3420	5.48562e+25	
3421	5.48258e+25	
3422	5.47731e+25	
3423	5.47194e+25	
3424	5.46887e+25	
3425	5.46589e+25	
3426	5.4627e+25	
3427	5.45963e+25	
3428	5.4558e+25	
3429	5.45278e+25	
3430	5.44825e+25	
3431	5.44525e+25	
3432	5.44252e+25	
3433	5.44039e+25	
3434	5.43686e+25	
3435	5.43334e+25	
3436	5.42948e+25	
3437	5.42658e+25	
3438	5.42394e+25	
3439	5.42109e+25	
3440	5.41777e+25	
3441	5.41381e+25	
3442	5.41103e+25	
3443	5.40884e+25	
3444	5.40638e+25	
3445	5.40165e+25	
3446	5.3979e+25	
3447	5.39308e+25	
3448	5.38958e+25	
3449	5.38644e+25	
3450	5.38352e+25	
3451	5.38068e+25	
3452	5.37678e+25	
3453	5.37308e+25	
3454	5.36905e+25	
3455	5.36656e+25	
3456	5.364e+25	
3457	5.36059e+25	
3458	5.35745e+25	
3459	5.35474e+25	
3460	5.3513e+25	
3461	5.34823e+25	
3462	5.34488e+25	
3463	5.34201e+25	
3464	5.33852e+25	
3465	5.33411e+25	
3466	5.33041e+25	
3467	5.32487e+25	
3468	5.32211e+25	
3469	5.31849e+25	
3470	5.31619e+25	
3471	5.31397e+25	
3472	5.31127e+25	
3473	5.30687e+25	
3474	5.30315e+25	
3475	5.29978e+25	
3476	5.29665e+25	
3477	5.29331e+25	
3478	5.2897e+25	
3479	5.28545e+25	
3480	5.27906e+25	
3481	5.27481e+25	
3482	5.27181e+25	
3483	5.26953e+25	
3484	5.26677e+25	
3485	5.26342e+25	
3486	5.25788e+25	
3487	5.25172e+25	
3488	5.24746e+25	
3489	5.24363e+25	
3490	5.24053e+25	
3491	5.23681e+25	
3492	5.23369e+25	
3493	5.22892e+25	
3494	5.22471e+25	
3495	5.22022e+25	
3496	5.21464e+25	
3497	5.20856e+25	
3498	5.20333e+25	
3499	5.19892e+25	
3500	5.19564e+25	
3501	5.19315e+25	
3502	5.19101e+25	
3503	5.18904e+25	
3504	5.1872e+25	
3505	5.18302e+25	
3506	5.18056e+25	
3507	5.17667e+25	
3508	5.17459e+25	
3509	5.17129e+25	
3510	5.16792e+25	
3511	5.16473e+25	
3512	5.1615e+25	
3513	5.15594e+25	
3514	5.15288e+25	
3515	5.15032e+25	
3516	5.14792e+25	
3517	5.14588e+25	
3518	5.14236e+25	
3519	5.138e+25	
3520	5.13355e+25	
3521	5.13084e+25	
3522	5.1274e+25	
3523	5.12322e+25	
3524	5.12013e+25	
3525	5.11626e+25	
3526	5.11341e+25	
3527	5.11061e+25	
3528	5.10866e+25	
3529	5.10701e+25	
3530	5.10465e+25	
3531	5.10184e+25	
3532	5.09691e+25	
3533	5.09145e+25	
3534	5.0858e+25	
3535	5.08103e+25	
3536	5.07747e+25	
3537	5.07317e+25	
3538	5.06842e+25	
3539	5.06229e+25	
3540	5.05886e+25	
3541	5.05595e+25	
3542	5.05378e+25	
3543	5.05105e+25	
3544	5.04755e+25	
3545	5.04373e+25	
3546	5.03984e+25	
3547	5.03517e+25	
3548	5.03113e+25	
3549	5.02803e+25	
3550	5.02401e+25	
3551	5.02032e+25	
3552	5.01623e+25	
3553	5.01305e+25	
3554	5.01034e+25	
3555	5.00768e+25	
3556	5.00522e+25	
3557	5.00321e+25	
3558	4.99931e+25	
3559	4.99596e+25	
3560	4.99326e+25	
3561	4.99074e+25	
3562	4.98898e+25	
3563	4.98672e+25	
3564	4.98399e+25	
3565	4.98071e+25	
3566	4.97664e+25	
3567	4.97331e+25	
3568	4.96971e+25	
3569	4.96607e+25	
3570	4.96221e+25	
3571	4.95767e+25	
3572	4.95414e+25	
3573	4.95e+25	
3574	4.94678e+25	
3575	4.94354e+25	
3576	4.9394e+25	
3577	4.93595e+25	
3578	4.93125e+25	
3579	4.92723e+25	
3580	4.92242e+25	
3581	4.9171e+25	
3582	4.91325e+25	
3583	4.90966e+25	
3584	4.90611e+25	
3585	4.90305e+25	
3586	4.9001e+25	
3587	4.89755e+25	
3588	4.89372e+25	
3589	4.89007e+25	
3590	4.88646e+25	
3591	4.88212e+25	
3592	4.8785e+25	
3593	4.87505e+25	
3594	4.87261e+25	
3595	4.8694e+25	
3596	4.86645e+25	
3597	4.86176e+25	
3598	4.85759e+25	
3599	4.85511e+25	
3600	4.85281e+25	
3601	4.85022e+25	
3602	4.84806e+25	
3603	4.84569e+25	
3604	4.84262e+25	
3605	4.84069e+25	
3606	4.83809e+25	
3607	4.83552e+25	
3608	4.83107e+25	
3609	4.82681e+25	
3610	4.82213e+25	
3611	4.81718e+25	
3612	4.81415e+25	
3613	4.81215e+25	
3614	4.80885e+25	
3615	4.80492e+25	
3616	4.79996e+25	
3617	4.79653e+25	
3618	4.79417e+25	
3619	4.79171e+25	
3620	4.78905e+25	
3621	4.78525e+25	
3622	4.78262e+25	
3623	4.78001e+25	
3624	4.77628e+25	
3625	4.77345e+25	
3626	4.77158e+25	
3627	4.76978e+25	
3628	4.7666e+25	
3629	4.76302e+25	
3630	4.75973e+25	
3631	4.75599e+25	
3632	4.75336e+25	
3633	4.75062e+25	
3634	4.74737e+25	
3635	4.74341e+25	
3636	4.74032e+25	
3637	4.73636e+25	
3638	4.73339e+25	
3639	4.73044e+25	
3640	4.72716e+25	
3641	4.72355e+25	
3642	4.71891e+25	
3643	4.71351e+25	
3644	4.70991e+25	
3645	4.70762e+25	
3646	4.70521e+25	
3647	4.70275e+25	
3648	4.69943e+25	
3649	4.69631e+25	
3650	4.69134e+25	
3651	4.68436e+25	
3652	4.68089e+25	
3653	4.67819e+25	
3654	4.67599e+25	
3655	4.67301e+25	
3656	4.66775e+25	
3657	4.66249e+25	
3658	4.65759e+25	
3659	4.65523e+25	
3660	4.65373e+25	
3661	4.65168e+25	
3662	4.64961e+25	
3663	4.64719e+25	
3664	4.64343e+25	
3665	4.63698e+25	
3666	4.63362e+25	
3667	4.6304e+25	
3668	4.62777e+25	
3669	4.62587e+25	
3670	4.62384e+25	
3671	4.62053e+25	
3672	4.61584e+25	
3673	4.61117e+25	
3674	4.60777e+25	
3675	4.60442e+25	
3676	4.60161e+25	
3677	4.59879e+25	
3678	4.59542e+25	
3679	4.59113e+25	
3680	4.58773e+25	
3681	4.58307e+25	
3682	4.58021e+25	
3683	4.57747e+25	
3684	4.57471e+25	
3685	4.57095e+25	
3686	4.56712e+25	
3687	4.56362e+25	
3688	4.56092e+25	
3689	4.55886e+25	
3690	4.5573e+25	
3691	4.55463e+25	
3692	4.55271e+25	
3693	4.54995e+25	
3694	4.54614e+25	
3695	4.54236e+25	
3696	4.53925e+25	
3697	4.53573e+25	
3698	4.53189e+25	
3699	4.52835e+25	
3700	4.52414e+25	
3701	4.52116e+25	
3702	4.51915e+25	
3703	4.51709e+25	
3704	4.51393e+25	
3705	4.50987e+25	
3706	4.50749e+25	
3707	4.50395e+25	
3708	4.50165e+25	
3709	4.49936e+25	
3710	4.49722e+25	
3711	4.49535e+25	
3712	4.49337e+25	
3713	4.49047e+25	
3714	4.48817e+25	
3715	4.48576e+25	
3716	4.4842e+25	
3717	4.48213e+25	
3718	4.47968e+25	
3719	4.4772e+25	
3720	4.47401e+25	
3721	4.47063e+25	
3722	4.46793e+25	
3723	4.46566e+25	
3724	4.46404e+25	
3725	4.46197e+25	
3726	4.46008e+25	
3727	4.45771e+25	
3728	4.45524e+25	
3729	4.45217e+25	
3730	4.45006e+25	
3731	4.44821e+25	
3732	4.44638e+25	
3733	4.44469e+25	
3734	4.44219e+25	
3735	4.43984e+25	
3736	4.43723e+25	
3737	4.43378e+25	
3738	4.43066e+25	
3739	4.42827e+25	
3740	4.42472e+25	
3741	4.42168e+25	
3742	4.41876e+25	
3743	4.41502e+25	
3744	4.41275e+25	
3745	4.41e+25	
3746	4.40741e+25	
3747	4.40533e+25	
3748	4.40304e+25	
3749	4.4007e+25	
3750	4.39818e+25	
3751	4.39428e+25	
3752	4.39161e+25	
3753	4.38942e+25	
3754	4.38704e+25	
3755	4.38471e+25	
3756	4.38097e+25	
3757	4.37824e+25	
3758	4.37658e+25	
3759	4.37514e+25	
3760	4.3738e+25	
3761	4.37263e+25	
3762	4.3713e+25	
3763	4.36951e+25	
3764	4.3663e+25	
3765	4.36338e+25	
3766	4.36098e+25	
3767	4.35973e+25	
3768	4.35787e+25	
3769	4.35603e+25	
3770	4.35396e+25	
3771	4.35208e+25	
3772	4.35055e+25	
3773	4.3481e+25	
3774	4.34676e+25	
3775	4.34473e+25	
3776	4.34232e+25	
3777	4.3393e+25	
3778	4.33574e+25	
3779	4.3308e+25	
3780	4.3288e+25	
3781	4.32682e+25	
3782	4.32484e+25	
3783	4.32194e+25	
3784	4.31873e+25	
3785	4.31473e+25	
3786	4.31253e+25	
3787	4.30975e+25	
3788	4.30777e+25	
3789	4.30569e+25	
3790	4.30423e+25	
3791	4.30255e+25	
3792	4.30073e+25	
3793	4.29827e+25	
3794	4.29545e+25	
3795	4.29257e+25	
3796	4.28926e+25	
3797	4.28496e+25	
3798	4.28167e+25	
3799	4.27854e+25	
3800	4.27694e+25	
3801	4.27545e+25	
3802	4.27283e+25	
3803	4.27097e+25	
3804	4.26863e+25	
3805	4.26517e+25	
3806	4.26228e+25	
3807	4.26036e+25	
3808	4.2583e+25	
3809	4.25626e+25	
3810	4.2539e+25	
3811	4.25026e+25	
3812	4.24737e+25	
3813	4.245e+25	
3814	4.24294e+25	
3815	4.24096e+25	
3816	4.23989e+25	
3817	4.23888e+25	
3818	4.2371e+25	
3819	4.2348e+25	
3820	4.23208e+25	
3821	4.2299e+25	
3822	4.2276e+25	
3823	4.22628e+25	
3824	4.2254e+25	
3825	4.22383e+25	
3826	4.22141e+25	
3827	4.21966e+25	
3828	4.21733e+25	
3829	4.21528e+25	
3830	4.2129e+25	
3831	4.21135e+25	
3832	4.20923e+25	
3833	4.20717e+25	
3834	4.20373e+25	
3835	4.19858e+25	
3836	4.19564e+25	
3837	4.19363e+25	
3838	4.19119e+25	
3839	4.18959e+25	
3840	4.18731e+25	
3841	4.1834e+25	
3842	4.1795e+25	
3843	4.17561e+25	
3844	4.17224e+25	
3845	4.1694e+25	
3846	4.16759e+25	
3847	4.16614e+25	
3848	4.1641e+25	
3849	4.16016e+25	
3850	4.15549e+25	
3851	4.15085e+25	
3852	4.14846e+25	
3853	4.1453e+25	
3854	4.14373e+25	
3855	4.14226e+25	
3856	4.14106e+25	
3857	4.13938e+25	
3858	4.13685e+25	
3859	4.13408e+25	
3860	4.13249e+25	
3861	4.12983e+25	
3862	4.12576e+25	
3863	4.12283e+25	
3864	4.12051e+25	
3865	4.11866e+25	
3866	4.11721e+25	
3867	4.11601e+25	
3868	4.11483e+25	
3869	4.1135e+25	
3870	4.11211e+25	
3871	4.10871e+25	
3872	4.10469e+25	
3873	4.10283e+25	
3874	4.10127e+25	
3875	4.10006e+25	
3876	4.09803e+25	
3877	4.0962e+25	
3878	4.09399e+25	
3879	4.09136e+25	
3880	4.08933e+25	
3881	4.08684e+25	
3882	4.08541e+25	
3883	4.08433e+25	
3884	4.08186e+25	
3885	4.07761e+25	
3886	4.07519e+25	
3887	4.07266e+25	
3888	4.0702e+25	
3889	4.06857e+25	
3890	4.06745e+25	
3891	4.06644e+25	
3892	4.06554e+25	
3893	4.06413e+25	
3894	4.06198e+25	
3895	4.0601e+25	
3896	4.0581e+25	
3897	4.05542e+25	
3898	4.05264e+25	
3899	4.05072e+25	
3900	4.04902e+25	
3901	4.04799e+25	
3902	4.04651e+25	
3903	4.04483e+25	
3904	4.043e+25	
3905	4.03969e+25	
3906	4.03751e+25	
3907	4.03556e+25	
3908	4.03334e+25	
3909	4.03121e+25	
3910	4.0294e+25	
3911	4.02772e+25	
3912	4.02604e+25	
3913	4.02363e+25	
3914	4.02097e+25	
3915	4.01939e+25	
3916	4.01842e+25	
3917	4.01719e+25	
3918	4.01542e+25	
3919	4.01385e+25	
3920	4.01263e+25	
3921	4.01064e+25	
3922	4.00888e+25	
3923	4.00737e+25	
3924	4.00568e+25	
3925	4.00413e+25	
3926	4.00227e+25	
3927	3.99859e+25	
3928	3.99417e+25	
3929	3.99104e+25	
3930	3.98898e+25	
3931	3.98724e+25	
3932	3.98645e+25	
3933	3.98553e+25	
3934	3.98452e+25	
3935	3.98279e+25	
3936	3.98025e+25	
3937	3.97619e+25	
3938	3.97253e+25	
3939	3.97009e+25	
3940	3.96735e+25	
3941	3.96532e+25	
3942	3.96352e+25	
3943	3.96189e+25	
3944	3.95951e+25	
3945	3.95727e+25	
3946	3.95347e+25	
3947	3.95163e+25	
3948	3.94997e+25	
3949	3.94822e+25	
3950	3.94635e+25	
3951	3.94438e+25	
3952	3.94189e+25	
3953	3.93885e+25	
3954	3.93562e+25	
3955	3.93273e+25	
3956	3.93109e+25	
3957	3.93001e+25	
3958	3.92872e+25	
3959	3.92764e+25	
3960	3.9257e+25	
3961	3.92256e+25	
3962	3.91845e+25	
3963	3.91611e+25	
3964	3.91368e+25	
3965	3.91247e+25	
3966	3.91078e+25	
3967	3.90843e+25	
3968	3.90584e+25	
3969	3.90334e+25	
3970	3.89573e+25	
3971	3.89156e+25	
3972	3.88979e+25	
3973	3.88851e+25	
3974	3.88622e+25	
3975	3.88411e+25	
3976	3.8817e+25	
3977	3.87917e+25	
3978	3.87645e+25	
3979	3.87165e+25	
3980	3.86798e+25	
3981	3.86558e+25	
3982	3.86388e+25	
3983	3.8617e+25	
3984	3.8599e+25	
3985	3.85844e+25	
3986	3.85697e+25	
3987	3.85461e+25	
3988	3.85049e+25	
3989	3.84678e+25	
3990	3.8441e+25	
3991	3.8416e+25	
3992	3.83859e+25	
3993	3.83693e+25	
3994	3.83534e+25	
3995	3.8334e+25	
3996	3.83045e+25	
3997	3.82641e+25	
3998	3.82259e+25	
3999	3.82051e+25	
4000	3.81839e+25	
4001	3.81622e+25	
4002	3.8141e+25	
4003	3.81169e+25	
4004	3.80908e+25	
4005	3.80683e+25	
4006	3.80462e+25	
4007	3.80158e+25	
4008	3.7993e+25	
4009	3.79775e+25	
4010	3.79547e+25	
4011	3.79304e+25	
4012	3.79128e+25	
4013	3.78923e+25	
4014	3.7875e+25	
4015	3.78556e+25	
4016	3.78366e+25	
4017	3.7818e+25	
4018	3.77986e+25	
4019	3.77859e+25	
4020	3.77731e+25	
4021	3.7763e+25	
4022	3.7751e+25	
4023	3.77338e+25	
4024	3.77059e+25	
4025	3.76761e+25	
4026	3.76474e+25	
4027	3.76271e+25	
4028	3.7609e+25	
4029	3.75962e+25	
4030	3.75851e+25	
4031	3.75637e+25	
4032	3.75387e+25	
4033	3.75123e+25	
4034	3.74763e+25	
4035	3.74424e+25	
4036	3.74331e+25	
4037	3.7422e+25	
4038	3.74115e+25	
4039	3.73952e+25	
4040	3.73672e+25	
4041	3.73198e+25	
4042	3.729e+25	
4043	3.72619e+25	
4044	3.72414e+25	
4045	3.72203e+25	
4046	3.7213e+25	
4047	3.72021e+25	
4048	3.71908e+25	
4049	3.71719e+25	
4050	3.71482e+25	
4051	3.7135e+25	
4052	3.7113e+25	
4053	3.7088e+25	
4054	3.70713e+25	
4055	3.70582e+25	
4056	3.70447e+25	
4057	3.70332e+25	
4058	3.70139e+25	
4059	3.69918e+25	
4060	3.69594e+25	
4061	3.69283e+25	
4062	3.69058e+25	
4063	3.68816e+25	
4064	3.68634e+25	
4065	3.68471e+25	
4066	3.68371e+25	
4067	3.68268e+25	
4068	3.68154e+25	
4069	3.67989e+25	
4070	3.67844e+25	
4071	3.67694e+25	
4072	3.6753e+25	
4073	3.67236e+25	
4074	3.67006e+25	
4075	3.66762e+25	
4076	3.6651e+25	
4077	3.66226e+25	
4078	3.65891e+25	
4079	3.65682e+25	
4080	3.6554e+25	
4081	3.65337e+25	
4082	3.65142e+25	
4083	3.64966e+25	
4084	3.64823e+25	
4085	3.64693e+25	
4086	3.64598e+25	
4087	3.644e+25	
4088	3.64311e+25	
4089	3.64188e+25	
4090	3.64e+25	
4091	3.63775e+25	
4092	3.63608e+25	
4093	3.63494e+25	
4094	3.63435e+25	
4095	3.6327e+25	
4096	3.6314e+25	
4097	3.63029e+25	
4098	3.62809e+25	
4099	3.62567e+25	
4100	3.62316e+25	
4101	3.6207e+25	
4102	3.6195e+25	
4103	3.61819e+25	
4104	3.6162e+25	
4105	3.61386e+25	
4106	3.61119e+25	
4107	3.60788e+25	
4108	3.60552e+25	
4109	3.60398e+25	
4110	3.60193e+25	
4111	3.60081e+25	
4112	3.59991e+25	
4113	3.59869e+25	
4114	3.59723e+25	
4115	3.59462e+25	
4116	3.59075e+25	
4117	3.5866e+25	
4118	3.58283e+25	
4119	3.57936e+25	
4120	3.57614e+25	
4121	3.57466e+25	
4122	3.57337e+25	
4123	3.57225e+25	
4124	3.57114e+25	
4125	3.56898e+25	
4126	3.56595e+25	
4127	3.5626e+25	
4128	3.55911e+25	
4129	3.55528e+25	
4130	3.55174e+25	
4131	3.54962e+25	
4132	3.54859e+25	
4133	3.54777e+25	
4134	3.54618e+25	
4135	3.54403e+25	
4136	3.54182e+25	
4137	3.53984e+25	
4138	3.53712e+25	
4139	3.53574e+25	
4140	3.53409e+25	
4141	3.5328e+25	
4142	3.53114e+25	
4143	3.52929e+25	
4144	3.5274e+25	
4145	3.52595e+25	
4146	3.52382e+25	
4147	3.52228e+25	
4148	3.52081e+25	
4149	3.51906e+25	
4150	3.51674e+25	
4151	3.51478e+25	
4152	3.51333e+25	
4153	3.51155e+25	
4154	3.5099e+25	
4155	3.50854e+25	
4156	3.50706e+25	
4157	3.50534e+25	
4158	3.50319e+25	
4159	3.50087e+25	
4160	3.49892e+25	
4161	3.49755e+25	
4162	3.49493e+25	
4163	3.49243e+25	
4164	3.4888e+25	
4165	3.48649e+25	
4166	3.48265e+25	
4167	3.47887e+25	
4168	3.47587e+25	
4169	3.47421e+25	
4170	3.47259e+25	
4171	3.47109e+25	
4172	3.46871e+25	
4173	3.46662e+25	
4174	3.46444e+25	
4175	3.46267e+25	
4176	3.4606e+25	
4177	3.45848e+25	
4178	3.45744e+25	
4179	3.45642e+25	
4180	3.45496e+25	
4181	3.45304e+25	
4182	3.45025e+25	
4183	3.4478e+25	
4184	3.44496e+25	
4185	3.44258e+25	
4186	3.44082e+25	
4187	3.43955e+25	
4188	3.43885e+25	
4189	3.43781e+25	
4190	3.43684e+25	
4191	3.43545e+25	
4192	3.43359e+25	
4193	3.43122e+25	
4194	3.42945e+25	
4195	3.42705e+25	
4196	3.42495e+25	
4197	3.42367e+25	
4198	3.42251e+25	
4199	3.42155e+25	
4200	3.42061e+25	
4201	3.41941e+25	
4202	3.41806e+25	
4203	3.41645e+25	
4204	3.41481e+25	
4205	3.41269e+25	
4206	3.41105e+25	
4207	3.4098e+25	
4208	3.40796e+25	
4209	3.40613e+25	
4210	3.40421e+25	
4211	3.40276e+25	
4212	3.40036e+25	
4213	3.39714e+25	
4214	3.39383e+25	
4215	3.39225e+25	
4216	3.39102e+25	
4217	3.3901e+25	
4218	3.38849e+25	
4219	3.38732e+25	
4220	3.3857e+25	
4221	3.38293e+25	
4222	3.37808e+25	
4223	3.37283e+25	
4224	3.36894e+25	
4225	3.36528e+25	
4226	3.36227e+25	
4227	3.36056e+25	
4228	3.35964e+25	
4229	3.35895e+25	
4230	3.35789e+25	
4231	3.35678e+25	
4232	3.35564e+25	
4233	3.35306e+25	
4234	3.34951e+25	
4235	3.34694e+25	
4236	3.34409e+25	
4237	3.34281e+25	
4238	3.34145e+25	
4239	3.34013e+25	
4240	3.33888e+25	
4241	3.33797e+25	
4242	3.33671e+25	
4243	3.33513e+25	
4244	3.33368e+25	
4245	3.33233e+25	
4246	3.33025e+25	
4247	3.32778e+25	
4248	3.32489e+25	
4249	3.32234e+25	
4250	3.3201e+25	
4251	3.31756e+25	
4252	3.31597e+25	
4253	3.3146e+25	
4254	3.31347e+25	
4255	3.31181e+25	
4256	3.31037e+25	
4257	3.30905e+25	
4258	3.30792e+25	
4259	3.30695e+25	
4260	3.30525e+25	
4261	3.30231e+25	
4262	3.30017e+25	
4263	3.29726e+25	
4264	3.29327e+25	
4265	3.28993e+25	
4266	3.28674e+25	
4267	3.28534e+25	
4268	3.28412e+25	
4269	3.28266e+25	
4270	3.28135e+25	
4271	3.27984e+25	
4272	3.27802e+25	
4273	3.27632e+25	
4274	3.27485e+25	
4275	3.27317e+25	
4276	3.27202e+25	
4277	3.27053e+25	
4278	3.26937e+25	
4279	3.26811e+25	
4280	3.26551e+25	
4281	3.2614e+25	
4282	3.25902e+25	
4283	3.25664e+25	
4284	3.25396e+25	
4285	3.25191e+25	
4286	3.24953e+25	
4287	3.2482e+25	
4288	3.24709e+25	
4289	3.24611e+25	
4290	3.24454e+25	
4291	3.24342e+25	
4292	3.24215e+25	
4293	3.24027e+25	
4294	3.23771e+25	
4295	3.23505e+25	
4296	3.23266e+25	
4297	3.23031e+25	
4298	3.22876e+25	
4299	3.22768e+25	
4300	3.22636e+25	
4301	3.22567e+25	
4302	3.22532e+25	
4303	3.22471e+25	
4304	3.22391e+25	
4305	3.22252e+25	
4306	3.22121e+25	
4307	3.21933e+25	
4308	3.21738e+25	
4309	3.21537e+25	
4310	3.21347e+25	
4311	3.2115e+25	
4312	3.21033e+25	
4313	3.20924e+25	
4314	3.20847e+25	
4315	3.20703e+25	
4316	3.20497e+25	
4317	3.203e+25	
4318	3.201e+25	
4319	3.19693e+25	
4320	3.19352e+25	
4321	3.19084e+25	
4322	3.18818e+25	
4323	3.1862e+25	
4324	3.18494e+25	
4325	3.18379e+25	
4326	3.18276e+25	
4327	3.18214e+25	
4328	3.18118e+25	
4329	3.17994e+25	
4330	3.17866e+25	
4331	3.17687e+25	
4332	3.17477e+25	
4333	3.17266e+25	
4334	3.1689e+25	
4335	3.16528e+25	
4336	3.16246e+25	
4337	3.1603e+25	
4338	3.15885e+25	
4339	3.15775e+25	
4340	3.15648e+25	
4341	3.15504e+25	
4342	3.15415e+25	
4343	3.15343e+25	
4344	3.15273e+25	
4345	3.15136e+25	
4346	3.14908e+25	
4347	3.14667e+25	
4348	3.14384e+25	
4349	3.14194e+25	
4350	3.13996e+25	
4351	3.13794e+25	
4352	3.13674e+25	
4353	3.13617e+25	
4354	3.13548e+25	
4355	3.13461e+25	
4356	3.13316e+25	
4357	3.13178e+25	
4358	3.13017e+25	
4359	3.12756e+25	
4360	3.12289e+25	
4361	3.12037e+25	
4362	3.11865e+25	
4363	3.11733e+25	
4364	3.11614e+25	
4365	3.11517e+25	
4366	3.11441e+25	
4367	3.1135e+25	
4368	3.11276e+25	
4369	3.11182e+25	
4370	3.11066e+25	
4371	3.10821e+25	
4372	3.10526e+25	
4373	3.10242e+25	
4374	3.10082e+25	
4375	3.09951e+25	
4376	3.09747e+25	
4377	3.0963e+25	
4378	3.09573e+25	
4379	3.09515e+25	
4380	3.09417e+25	
4381	3.09338e+25	
4382	3.0926e+25	
4383	3.0917e+25	
4384	3.09029e+25	
4385	3.08812e+25	
4386	3.08565e+25	
4387	3.08394e+25	
4388	3.08225e+25	
4389	3.08021e+25	
4390	3.07815e+25	
4391	3.07698e+25	
4392	3.07625e+25	
4393	3.0755e+25	
4394	3.07488e+25	
4395	3.07398e+25	
4396	3.07285e+25	
4397	3.07203e+25	
4398	3.07118e+25	
4399	3.06951e+25	
4400	3.06801e+25	
4401	3.06631e+25	
4402	3.06447e+25	
4403	3.06308e+25	
4404	3.06186e+25	
4405	3.06118e+25	
4406	3.06034e+25	
4407	3.05946e+25	
4408	3.05869e+25	
4409	3.05783e+25	
4410	3.0563e+25	
4411	3.0547e+25	
4412	3.0529e+25	
4413	3.05131e+25	
4414	3.04991e+25	
4415	3.04865e+25	
4416	3.04771e+25	
4417	3.04705e+25	
4418	3.04642e+25	
4419	3.04607e+25	
4420	3.04569e+25	
4421	3.04506e+25	
4422	3.04411e+25	
4423	3.04304e+25	
4424	3.04203e+25	
4425	3.0406e+25	
4426	3.0391e+25	
4427	3.03706e+25	
4428	3.03564e+25	
4429	3.03431e+25	
4430	3.03337e+25	
4431	3.03242e+25	
4432	3.03164e+25	
4433	3.03106e+25	
4434	3.03056e+25	
4435	3.02987e+25	
4436	3.02888e+25	
4437	3.02789e+25	
4438	3.02666e+25	
4439	3.02554e+25	
4440	3.02383e+25	
4441	3.02186e+25	
4442	3.01988e+25	
4443	3.01798e+25	
4444	3.01603e+25	
4445	3.01446e+25	
4446	3.01345e+25	
4447	3.01257e+25	
4448	3.01168e+25	
4449	3.01112e+25	
4450	3.01039e+25	
4451	3.00964e+25	
4452	3.00868e+25	
4453	3.00727e+25	
4454	3.00577e+25	
4455	3.00458e+25	
4456	3.00219e+25	
4457	2.99898e+25	
4458	2.99567e+25	
4459	2.99402e+25	
4460	2.99234e+25	
4461	2.99129e+25	
4462	2.99018e+25	
4463	2.98936e+25	
4464	2.9888e+25	
4465	2.98797e+25	
4466	2.98695e+25	
4467	2.9856e+25	
4468	2.98369e+25	
4469	2.98188e+25	
4470	2.9803e+25	
4471	2.9792e+25	
4472	2.97727e+25	
4473	2.97548e+25	
4474	2.97451e+25	
4475	2.97346e+25	
4476	2.97228e+25	
4477	2.9714e+25	
4478	2.97044e+25	
4479	2.96954e+25	
4480	2.96895e+25	
4481	2.96823e+25	
4482	2.96703e+25	
4483	2.9662e+25	
4484	2.96533e+25	
4485	2.96405e+25	
4486	2.96274e+25	
4487	2.96146e+25	
4488	2.96018e+25	
4489	2.95874e+25	
4490	2.9575e+25	
4491	2.95675e+25	
4492	2.95559e+25	
4493	2.95451e+25	
4494	2.95367e+25	
4495	2.95304e+25	
4496	2.95193e+25	
4497	2.95034e+25	
4498	2.94818e+25	
4499	2.94598e+25	
4500	2.94447e+25	
4501	2.94213e+25	
4502	2.94005e+25	
4503	2.93824e+25	
4504	2.93695e+25	
4505	2.93577e+25	
4506	2.93479e+25	
4507	2.9337e+25	
4508	2.93281e+25	
4509	2.93222e+25	
4510	2.93137e+25	
4511	2.93038e+25	
4512	2.92889e+25	
4513	2.92628e+25	
4514	2.92439e+25	
4515	2.92218e+25	
4516	2.92052e+25	
4517	2.91935e+25	
4518	2.9184e+25	
4519	2.91762e+25	
4520	2.91705e+25	
4521	2.91653e+25	
4522	2.91584e+25	
4523	2.91445e+25	
4524	2.91287e+25	
4525	2.91114e+25	
4526	2.90951e+25	
4527	2.90829e+25	
4528	2.90664e+25	
4529	2.90491e+25	
4530	2.90299e+25	
4531	2.90184e+25	
4532	2.90063e+25	
4533	2.89902e+25	
4534	2.8976e+25	
4535	2.89659e+25	
4536	2.89584e+25	
4537	2.89458e+25	
4538	2.89351e+25	
4539	2.89217e+25	
4540	2.89101e+25	
4541	2.88966e+25	
4542	2.88838e+25	
4543	2.8864e+25	
4544	2.88498e+25	
4545	2.88361e+25	
4546	2.88257e+25	
4547	2.88175e+25	
4548	2.8804e+25	
4549	2.87942e+25	
4550	2.87872e+25	
4551	2.87811e+25	
4552	2.87736e+25	
4553	2.87617e+25	
4554	2.87509e+25	
4555	2.87418e+25	
4556	2.87303e+25	
4557	2.87163e+25	
4558	2.87019e+25	
4559	2.86835e+25	
4560	2.86688e+25	
4561	2.86519e+25	
4562	2.86365e+25	
4563	2.86215e+25	
4564	2.86079e+25	
4565	2.85922e+25	
4566	2.85771e+25	
4567	2.85626e+25	
4568	2.85463e+25	
4569	2.85339e+25	
4570	2.85271e+25	
4571	2.85214e+25	
4572	2.85176e+25	
4573	2.85113e+25	
4574	2.85026e+25	
4575	2.84957e+25	
4576	2.84884e+25	
4577	2.84781e+25	
4578	2.84626e+25	
4579	2.84491e+25	
4580	2.84365e+25	
4581	2.8419e+25	
4582	2.84004e+25	
4583	2.83866e+25	
4584	2.83747e+25	
4585	2.8366e+25	
4586	2.83576e+25	
4587	2.83518e+25	
4588	2.83453e+25	
4589	2.83414e+25	
4590	2.83363e+25	
4591	2.83285e+25	
4592	2.83177e+25	
4593	2.83048e+25	
4594	2.82937e+25	
4595	2.82779e+25	
4596	2.82672e+25	
4597	2.82525e+25	
4598	2.82361e+25	
4599	2.82249e+25	
4600	2.82105e+25	
4601	2.82001e+25	
4602	2.81889e+25	
4603	2.81818e+25	
4604	2.81748e+25	
4605	2.81653e+25	
4606	2.81579e+25	
4607	2.81482e+25	
4608	2.81343e+25	
4609	2.81214e+25	
4610	2.81056e+25	
4611	2.80891e+25	
4612	2.80681e+25	
4613	2.80444e+25	
4614	2.80235e+25	
4615	2.80096e+25	
4616	2.79978e+25	
4617	2.79899e+25	
4618	2.79826e+25	
4619	2.7976e+25	
4620	2.79675e+25	
4621	2.79572e+25	
4622	2.79436e+25	
4623	2.79291e+25	
4624	2.79086e+25	
4625	2.7895e+25	
4626	2.78848e+25	
4627	2.78721e+25	
4628	2.78577e+25	
4629	2.7848e+25	
4630	2.78389e+25	
4631	2.78301e+25	
4632	2.78189e+25	
4633	2.78076e+25	
4634	2.77994e+25	
4635	2.77921e+25	
4636	2.77829e+25	
4637	2.77734e+25	
4638	2.77643e+25	
4639	2.77553e+25	
4640	2.77461e+25	
4641	2.77346e+25	
4642	2.77243e+25	
4643	2.77125e+25	
4644	2.76993e+25	
4645	2.76824e+25	
4646	2.76717e+25	
4647	2.7656e+25	
4648	2.76408e+25	
4649	2.76189e+25	
4650	2.76001e+25	
4651	2.75857e+25	
4652	2.75671e+25	
4653	2.75432e+25	
4654	2.75314e+25	
4655	2.75222e+25	
4656	2.75087e+25	
4657	2.74913e+25	
4658	2.74766e+25	
4659	2.74572e+25	
4660	2.74399e+25	
4661	2.74286e+25	
4662	2.74133e+25	
4663	2.74015e+25	
4664	2.7391e+25	
4665	2.73775e+25	
4666	2.73708e+25	
4667	2.73633e+25	
4668	2.73559e+25	
4669	2.73473e+25	
4670	2.73412e+25	
4671	2.7335e+25	
4672	2.73292e+25	
4673	2.73229e+25	
4674	2.73116e+25	
4675	2.73003e+25	
4676	2.72864e+25	
4677	2.72722e+25	
4678	2.7256e+25	
4679	2.7238e+25	
4680	2.72257e+25	
4681	2.72156e+25	
4682	2.72067e+25	
4683	2.71964e+25	
4684	2.71876e+25	
4685	2.71783e+25	
4686	2.71719e+25	
4687	2.71609e+25	
4688	2.71431e+25	
4689	2.7119e+25	
4690	2.71009e+25	
4691	2.70808e+25	
4692	2.70567e+25	
4693	2.70375e+25	
4694	2.70266e+25	
4695	2.70155e+25	
4696	2.70077e+25	
4697	2.69978e+25	
4698	2.69877e+25	
4699	2.69777e+25	
4700	2.69641e+25	
4701	2.69537e+25	
4702	2.69442e+25	
4703	2.69299e+25	
4704	2.69185e+25	
4705	2.69042e+25	
4706	2.68887e+25	
4707	2.68764e+25	
4708	2.6866e+25	
4709	2.6852e+25	
4710	2.68401e+25	
4711	2.68246e+25	
4712	2.68114e+25	
4713	2.6799e+25	
4714	2.67824e+25	
4715	2.67658e+25	
4716	2.67545e+25	
4717	2.67416e+25	
4718	2.67317e+25	
4719	2.67172e+25	
4720	2.6707e+25	
4721	2.66931e+25	
4722	2.66769e+25	
4723	2.66656e+25	
4724	2.66553e+25	
4725	2.66445e+25	
4726	2.66357e+25	
4727	2.66272e+25	
4728	2.66148e+25	
4729	2.66049e+25	
4730	2.65979e+25	
4731	2.65863e+25	
4732	2.6574e+25	
4733	2.65652e+25	
4734	2.65545e+25	
4735	2.65444e+25	
4736	2.65315e+25	
4737	2.65178e+25	
4738	2.65046e+25	
4739	2.64927e+25	
4740	2.6476e+25	
4741	2.64634e+25	
4742	2.64519e+25	
4743	2.64332e+25	
4744	2.64211e+25	
4745	2.64085e+25	
4746	2.64003e+25	
4747	2.63917e+25	
4748	2.63856e+25	
4749	2.63791e+25	
4750	2.63722e+25	
4751	2.63615e+25	
4752	2.63518e+25	
4753	2.63344e+25	
4754	2.63208e+25	
4755	2.62959e+25	
4756	2.62811e+25	
4757	2.62604e+25	
4758	2.62434e+25	
4759	2.62238e+25	
4760	2.621e+25	
4761	2.61967e+25	
4762	2.61872e+25	
4763	2.61776e+25	
4764	2.61706e+25	
4765	2.61642e+25	
4766	2.61578e+25	
4767	2.61506e+25	
4768	2.61433e+25	
4769	2.61366e+25	
4770	2.61283e+25	
4771	2.61222e+25	
4772	2.61149e+25	
4773	2.61052e+25	
4774	2.60966e+25	
4775	2.6081e+25	
4776	2.60681e+25	
4777	2.60545e+25	
4778	2.60433e+25	
4779	2.60313e+25	
4780	2.60152e+25	
4781	2.6003e+25	
4782	2.59932e+25	
4783	2.59868e+25	
4784	2.59784e+25	
4785	2.59722e+25	
4786	2.59653e+25	
4787	2.59576e+25	
4788	2.5949e+25	
4789	2.59409e+25	
4790	2.59343e+25	
4791	2.59262e+25	
4792	2.59153e+25	
4793	2.59003e+25	
4794	2.58917e+25	
4795	2.58777e+25	
4796	2.58589e+25	
4797	2.5849e+25	
4798	2.58408e+25	
4799	2.58334e+25	
4800	2.58269e+25	
4801	2.58227e+25	
4802	2.58179e+25	
4803	2.58117e+25	
4804	2.58074e+25	
4805	2.57986e+25	
4806	2.57873e+25	
4807	2.57713e+25	
4808	2.57603e+25	
4809	2.5743e+25	
4810	2.57263e+25	
4811	2.57128e+25	
4812	2.57007e+25	
4813	2.56929e+25	
4814	2.56874e+25	
4815	2.56818e+25	
4816	2.56764e+25	
4817	2.56716e+25	
4818	2.56663e+25	
4819	2.56604e+25	
4820	2.56511e+25	
4821	2.56421e+25	
4822	2.56325e+25	
4823	2.56211e+25	
4824	2.56081e+25	
4825	2.55945e+25	
4826	2.55821e+25	
4827	2.55696e+25	
4828	2.55546e+25	
4829	2.55417e+25	
4830	2.55336e+25	
4831	2.55284e+25	
4832	2.55172e+25	
4833	2.5511e+25	
4834	2.55024e+25	
4835	2.54947e+25	
4836	2.54873e+25	
4837	2.54789e+25	
4838	2.54676e+25	
4839	2.54572e+25	
4840	2.54416e+25	
4841	2.54294e+25	
4842	2.54104e+25	
4843	2.53946e+25	
4844	2.53804e+25	
4845	2.5363e+25	
4846	2.53507e+25	
4847	2.53416e+25	
4848	2.53281e+25	
4849	2.53152e+25	
4850	2.53015e+25	
4851	2.52935e+25	
4852	2.5284e+25	
4853	2.52746e+25	
4854	2.52634e+25	
4855	2.52559e+25	
4856	2.52477e+25	
4857	2.52378e+25	
4858	2.52262e+25	
4859	2.52148e+25	
4860	2.52038e+25	
4861	2.51937e+25	
4862	2.51838e+25	
4863	2.5171e+25	
4864	2.51616e+25	
4865	2.51493e+25	
4866	2.51416e+25	
4867	2.51328e+25	
4868	2.51239e+25	
4869	2.51175e+25	
4870	2.511e+25	
4871	2.51033e+25	
4872	2.50961e+25	
4873	2.50865e+25	
4874	2.50771e+25	
4875	2.50679e+25	
4876	2.50552e+25	
4877	2.50439e+25	
4878	2.50291e+25	
4879	2.50192e+25	
4880	2.50081e+25	
4881	2.50013e+25	
4882	2.49933e+25	
4883	2.49852e+25	
4884	2.49732e+25	
4885	2.49595e+25	
4886	2.49469e+25	
4887	2.49358e+25	
4888	2.49254e+25	
4889	2.49181e+25	
4890	2.49031e+25	
4891	2.48932e+25	
4892	2.48849e+25	
4893	2.48747e+25	
4894	2.4867e+25	
4895	2.48595e+25	
4896	2.48541e+25	
4897	2.48484e+25	
4898	2.4842e+25	
4899	2.48364e+25	
4900	2.48309e+25	
4901	2.48258e+25	
4902	2.48172e+25	
4903	2.4809e+25	
4904	2.48026e+25	
4905	2.47949e+25	
4906	2.47808e+25	
4907	2.47732e+25	
4908	2.4759e+25	
4909	2.47474e+25	
4910	2.47346e+25	
4911	2.47258e+25	
4912	2.47185e+25	
4913	2.47118e+25	
4914	2.47056e+25	
4915	2.47003e+25	
4916	2.46934e+25	
4917	2.46851e+25	
4918	2.46792e+25	
4919	2.46732e+25	
4920	2.46679e+25	
4921	2.46605e+25	
4922	2.46566e+25	
4923	2.46487e+25	
4924	2.46422e+25	
4925	2.46325e+25	
4926	2.46258e+25	
4927	2.46196e+25	
4928	2.46085e+25	
4929	2.45976e+25	
4930	2.45905e+25	
4931	2.45838e+25	
4932	2.45731e+25	
4933	2.45647e+25	
4934	2.45559e+25	
4935	2.45483e+25	
4936	2.45401e+25	
4937	2.45292e+25	
4938	2.45165e+25	
4939	2.45057e+25	
4940	2.44919e+25	
4941	2.4482e+25	
4942	2.44697e+25	
4943	2.44583e+25	
4944	2.44463e+25	
4945	2.44391e+25	
4946	2.44311e+25	
4947	2.44223e+25	
4948	2.44134e+25	
4949	2.44065e+25	
4950	2.43971e+25	
4951	2.43879e+25	
4952	2.43758e+25	
4953	2.43668e+25	
4954	2.43554e+25	
4955	2.4347e+25	
4956	2.4337e+25	
4957	2.4327e+25	
4958	2.43176e+25	
4959	2.43091e+25	
4960	2.42966e+25	
4961	2.42891e+25	
4962	2.42819e+25	
4963	2.42743e+25	
4964	2.42682e+25	
4965	2.42613e+25	
4966	2.42558e+25	
4967	2.42514e+25	
4968	2.42467e+25	
4969	2.42418e+25	
4970	2.42365e+25	
4971	2.4232e+25	
4972	2.42276e+25	
4973	2.42204e+25	
4974	2.42134e+25	
4975	2.42054e+25	
4976	2.41954e+25	
4977	2.41861e+25	
4978	2.4178e+25	
4979	2.41688e+25	
4980	2.41542e+25	
4981	2.41391e+25	
4982	2.41274e+25	
4983	2.41122e+25	
4984	2.41028e+25	
4985	2.40942e+25	
4986	2.40882e+25	
4987	2.40813e+25	
4988	2.40758e+25	
4989	2.40723e+25	
4990	2.40677e+25	
4991	2.40635e+25	
4992	2.40591e+25	
4993	2.40553e+25	
4994	2.40492e+25	
4995	2.40416e+25	
4996	2.40354e+25	
4997	2.40282e+25	
4998	2.40163e+25	
4999	2.40031e+25	
5000	2.39953e+25	
# iterates cost: 393.342
