# Reading DATA...
# Reading Matrix Successfully!
MDMRB
0	3.93972e+26
1	2.92551e+25	
2	6.42559e+24	
3	2.19004e+24	
4	9.15805e+23	
5	4.37689e+23	
6	2.0039e+23	
7	8.94218e+22	
8	3.27706e+22	
9	2.21352e+20	
10	2.21284e+20	
11	1.19956e+20	
12	1.1302e+20	
13	1.12842e+20	
14	1.12726e+20	
15	1.1264e+20	
16	1.12573e+20	
17	1.12286e+20	
18	1.12226e+20	
19	6.62749e+19	
20	6.60027e+19	
21	6.58682e+19	
22	6.58588e+19	
23	6.58569e+19	
24	6.56356e+19	
25	6.54242e+19	
26	6.52665e+19	
27	6.52593e+19	
28	6.52569e+19	
29	6.52555e+19	
30	6.52546e+19	
31	6.52539e+19	
32	6.52535e+19	
33	6.52532e+19	
34	6.52529e+19	
35	6.52528e+19	
36	6.52526e+19	
37	6.52525e+19	
38	6.51702e+19	
39	6.48959e+19	
40	6.46714e+19	
41	6.46609e+19	
42	6.46604e+19	
43	6.44999e+19	
44	6.43643e+19	
45	6.42952e+19	
46	6.42619e+19	
47	6.42598e+19	
48	6.42587e+19	
49	6.42579e+19	
50	6.42575e+19	
51	6.41722e+19	
52	6.36166e+19	
53	6.31505e+19	
54	6.3147e+19	
55	6.31463e+19	
56	6.31459e+19	
57	6.31455e+19	
58	6.30576e+19	
59	6.26142e+19	
60	6.2244e+19	
61	6.22393e+19	
62	6.22374e+19	
63	6.22373e+19	
64	6.22372e+19	
65	6.22372e+19	
66	6.22371e+19	
67	6.2237e+19	
68	6.22369e+19	
69	6.22368e+19	
70	6.22367e+19	
71	6.22366e+19	
72	6.22365e+19	
73	6.22364e+19	
74	6.22364e+19	
75	6.22363e+19	
76	6.22362e+19	
77	6.22361e+19	
78	6.2236e+19	
79	6.2236e+19	
80	6.22359e+19	
81	6.22358e+19	
82	6.22357e+19	
83	6.22357e+19	
84	6.22356e+19	
85	6.22355e+19	
86	6.22355e+19	
87	6.22354e+19	
88	6.22353e+19	
89	6.22353e+19	
90	6.22352e+19	
91	6.22352e+19	
92	6.22351e+19	
93	6.2235e+19	
94	6.2235e+19	
95	6.22349e+19	
96	6.22348e+19	
97	6.22348e+19	
98	6.22347e+19	
99	6.22347e+19	
100	6.22346e+19	
101	6.22345e+19	
102	6.22345e+19	
103	6.22344e+19	
104	6.22343e+19	
105	6.22343e+19	
106	6.22342e+19	
107	6.22342e+19	
108	6.22341e+19	
109	6.2234e+19	
110	6.2234e+19	
111	6.22339e+19	
112	6.22339e+19	
113	6.22338e+19	
114	6.22337e+19	
115	6.22337e+19	
116	1.26569e+17	
117	2.06755e+15	
118	6.18572e+14	
119	5.21927e+14	
120	4.82413e+14	
121	4.5641e+14	
122	4.34815e+14	
123	4.15394e+14	
124	3.98241e+14	
125	3.83083e+14	
126	3.47246e+14	
127	3.36967e+14	
128	3.27363e+14	
129	3.18998e+14	
130	3.11692e+14	
131	3.05234e+14	
132	2.98537e+14	
133	2.92611e+14	
134	2.87422e+14	
135	2.82764e+14	
136	2.50267e+14	
137	2.50092e+14	
138	2.49874e+14	
139	2.49874e+14	
140	2.49873e+14	
141	2.49873e+14	
142	2.49873e+14	
143	2.08739e+14	
144	1.79231e+14	
145	1.78066e+14	
146	1.77103e+14	
147	1.76016e+14	
148	1.75109e+14	
149	1.74665e+14	
150	1.74332e+14	
151	1.74069e+14	
152	1.73643e+14	
153	1.72396e+14	
154	1.7207e+14	
155	1.72045e+14	
156	1.72042e+14	
157	1.72041e+14	
158	1.72041e+14	
159	1.71657e+14	
160	1.71166e+14	
161	1.70567e+14	
162	1.70058e+14	
163	1.70016e+14	
164	1.70012e+14	
165	1.70011e+14	
166	1.7001e+14	
167	1.7001e+14	
168	1.6977e+14	
169	1.68916e+14	
170	1.68438e+14	
171	1.68369e+14	
172	1.68333e+14	
173	1.68312e+14	
174	1.683e+14	
175	1.68293e+14	
176	1.68284e+14	
177	1.68284e+14	
178	1.68283e+14	
179	1.68283e+14	
180	1.62226e+14	
181	1.572e+14	
182	1.5674e+14	
183	1.56617e+14	
184	1.56526e+14	
185	1.56456e+14	
186	1.56402e+14	
187	1.56358e+14	
188	1.56325e+14	
189	1.56299e+14	
190	1.55244e+14	
191	1.54019e+14	
192	1.53821e+14	
193	1.53811e+14	
194	1.53802e+14	
195	1.53796e+14	
196	1.5379e+14	
197	1.53786e+14	
198	1.53783e+14	
199	1.52752e+14	
200	1.5155e+14	
201	1.51366e+14	
202	1.51361e+14	
203	1.51359e+14	
204	1.51358e+14	
205	1.51357e+14	
206	1.51356e+14	
207	1.51355e+14	
208	1.50797e+14	
209	1.50283e+14	
210	1.49061e+14	
211	1.47948e+14	
212	1.47207e+14	
213	1.46681e+14	
214	1.46678e+14	
215	1.46146e+14	
216	1.45599e+14	
217	1.45102e+14	
218	1.44632e+14	
219	1.44406e+14	
220	1.4434e+14	
221	1.44308e+14	
222	1.44293e+14	
223	1.44282e+14	
224	1.44279e+14	
225	1.44277e+14	
226	1.44276e+14	
227	1.44275e+14	
228	1.44275e+14	
229	1.44274e+14	
230	1.44274e+14	
231	1.43291e+14	
232	1.42739e+14	
233	1.42464e+14	
234	1.42334e+14	
235	1.41889e+14	
236	1.41453e+14	
237	1.41021e+14	
238	1.41017e+14	
239	1.41016e+14	
240	1.41016e+14	
241	1.41016e+14	
242	1.41015e+14	
243	1.41015e+14	
244	1.41015e+14	
245	1.41015e+14	
246	1.41015e+14	
247	1.41015e+14	
248	1.41015e+14	
249	1.41014e+14	
250	1.41014e+14	
251	1.07502e+13	
252	9.10464e+11	
253	8.33158e+11	
254	8.23622e+11	
255	8.21023e+11	
256	8.15376e+11	
257	8.09423e+11	
258	8.09321e+11	
259	8.09257e+11	
260	8.09224e+11	
261	8.09198e+11	
262	8.09181e+11	
263	8.09167e+11	
264	8.09155e+11	
265	8.09145e+11	
266	8.09136e+11	
267	8.09128e+11	
268	8.09121e+11	
269	8.09083e+11	
270	8.09082e+11	
271	8.09081e+11	
272	8.0908e+11	
273	8.09079e+11	
274	8.09079e+11	
275	8.09078e+11	
276	8.09077e+11	
277	8.09076e+11	
278	8.09075e+11	
279	8.09074e+11	
280	8.09074e+11	
281	8.09073e+11	
282	8.09072e+11	
283	8.09071e+11	
284	8.0907e+11	
285	8.09069e+11	
286	8.5792e+09	
287	1.09925e+08	
288	9.82968e+07	
289	9.57536e+07	
290	9.42781e+07	
291	9.37082e+07	
292	9.32473e+07	
293	9.25908e+07	
294	9.19666e+07	
295	9.14459e+07	
296	9.11365e+07	
297	9.0875e+07	
298	8.90017e+07	
299	8.89849e+07	
300	8.89714e+07	
301	8.88658e+07	
302	8.85127e+07	
303	8.82287e+07	
304	8.8117e+07	
305	8.80693e+07	
306	8.80396e+07	
307	8.80204e+07	
308	8.80069e+07	
309	8.79971e+07	
310	8.79892e+07	
311	8.79586e+07	
312	8.79543e+07	
313	8.79506e+07	
314	8.79472e+07	
315	8.7944e+07	
316	8.7683e+07	
317	8.74521e+07	
318	8.72404e+07	
319	8.70294e+07	
320	8.69117e+07	
321	8.68736e+07	
322	8.6854e+07	
323	8.68427e+07	
324	8.68361e+07	
325	8.68317e+07	
326	8.68286e+07	
327	8.68256e+07	
328	8.68235e+07	
329	8.68218e+07	
330	8.68203e+07	
331	8.68189e+07	
332	8.68175e+07	
333	8.64183e+07	
334	8.58354e+07	
335	8.54323e+07	
336	8.53608e+07	
337	8.5337e+07	
338	8.53284e+07	
339	8.53251e+07	
340	8.53234e+07	
341	8.53224e+07	
342	8.53216e+07	
343	8.53208e+07	
344	8.53202e+07	
345	8.53195e+07	
346	8.5319e+07	
347	8.53142e+07	
348	8.53141e+07	
349	8.5314e+07	
350	8.53139e+07	
351	8.53138e+07	
352	8.53138e+07	
353	8.53137e+07	
354	8.53136e+07	
355	8.53135e+07	
356	3.38821e+06	
357	261626	
358	162149	
359	140066	
360	133119	
361	132418	
362	131921	
363	131071	
364	130295	
365	130002	
366	129899	
367	128923	
368	127792	
369	127590	
370	127540	
371	127502	
372	127247	
373	126910	
374	126707	
375	126677	
376	126662	
377	126651	
378	126643	
379	126636	
380	126630	
381	102532	
382	89053	
383	83732.6	
384	82888.1	
385	82496.9	
386	82292.4	
387	82185	
388	82128.4	
389	81863.8	
390	81600	
391	81401.7	
392	81401	
393	81400.8	
394	81400.7	
395	81400.5	
396	81400.4	
397	81400.3	
398	81255.7	
399	81053.3	
400	80852.7	
401	80724.1	
402	80710.1	
403	80709.8	
404	60996.9	
405	50046.9	
406	48028.7	
407	47269.2	
408	46802.7	
409	46512	
410	46329.1	
411	46213.5	
412	46140.3	
413	46093.4	
414	46063.9	
415	46012.2	
416	46012.2	
417	46012.1	
418	46012.1	
419	46012	
420	46012	
421	46011.9	
422	46011.9	
423	46011.8	
424	46011.8	
425	46011.7	
426	46011.7	
427	46011.6	
428	46011.6	
429	46011.5	
430	46011.5	
431	2152.29	
432	500.551	
433	220.113	
434	143.934	
435	124.243	
436	104.226	
437	101.963	
438	101.116	
439	100.789	
440	100.561	
441	99.8574	
442	99.4944	
443	99.3607	
444	99.2423	
445	98.8579	
446	98.5427	
447	98.4026	
448	98.3187	
449	98.2665	
450	98.2338	
451	98.2131	
452	98.1984	
453	98.1895	
454	98.1831	
455	98.1786	
456	98.1755	
457	98.1732	
458	98.1715	
459	98.1604	
460	97.5008	
461	96.7097	
462	96.5653	
463	96.5596	
464	95.8515	
465	95.0888	
466	94.5473	
467	94.0517	
468	93.5765	
469	92.975	
470	92.8398	
471	92.8355	
472	92.8236	
473	92.8203	
474	92.8203	
475	92.8202	
476	92.8201	
477	92.82	
478	92.8199	
479	92.8198	
480	90.9815	
481	89.2173	
482	89.1064	
483	89.0981	
484	89.0834	
485	89.0833	
486	89.0831	
487	89.083	
488	89.0828	
489	89.0827	
490	89.0826	
491	88.0206	
492	87.4644	
493	86.9199	
494	85.7902	
495	85.6891	
496	85.6882	
497	85.6871	
498	85.687	
499	85.6869	
500	85.6868	
501	84.1841	
502	82.7818	
503	82.6179	
504	82.5115	
505	82.0114	
506	81.6052	
507	81.588	
508	81.5854	
509	81.5833	
510	81.5815	
511	81.5799	
512	81.5784	
513	81.5771	
514	81.5663	
515	81.5662	
516	81.5662	
517	13.4491	
518	4.95311	
519	3.00069	
520	2.56141	
521	2.42982	
522	2.3694	
523	2.35772	
524	2.34692	
525	2.3369	
526	2.32762	
527	2.28946	
528	2.28279	
529	2.27663	
530	2.27093	
531	2.20063	
532	2.20063	
533	2.14822	
534	2.11866	
535	2.11299	
536	2.09167	
537	2.09167	
538	2.09167	
539	2.09167	
540	1.30572	
541	1.05876	
542	1.00287	
543	0.96388	
544	0.918536	
545	0.895333	
546	0.875442	
547	0.859735	
548	0.847574	
549	0.822946	
550	0.800077	
551	0.79322	
552	0.788028	
553	0.783979	
554	0.769463	
555	0.76946	
556	0.769458	
557	0.769456	
558	0.769455	
559	0.769453	
560	0.769452	
561	0.769451	
562	0.76945	
563	0.548723	
564	0.393734	
565	0.392757	
566	0.392176	
567	0.391816	
568	0.391356	
569	0.390265	
570	0.389397	
571	0.38908	
572	0.387907	
573	0.386809	
574	0.386241	
575	0.385934	
576	0.385747	
577	0.385631	
578	0.385558	
579	0.385512	
580	0.385427	
581	0.385426	
582	0.385426	
583	0.385425	
584	0.385425	
585	0.385424	
586	0.385424	
587	0.384102	
588	0.382786	
589	0.382334	
590	0.38191	
591	0.380601	
592	0.379358	
593	0.379357	
594	0.379356	
595	0.379356	
596	0.379355	
597	0.379355	
598	0.379354	
599	0.379354	
600	0.379353	
601	0.379353	
602	0.379352	
603	0.379352	
604	0.352048	
605	0.327091	
606	0.326455	
607	0.326438	
608	0.326342	
609	0.326341	
610	0.324972	
611	0.324082	
612	0.323726	
613	0.323582	
614	0.323492	
615	0.323435	
616	0.3234	
617	0.323377	
618	0.323359	
619	0.323351	
620	0.323346	
621	0.323343	
622	0.323341	
623	0.32334	
624	0.323335	
625	0.323334	
626	0.323334	
627	0.323334	
628	0.323333	
629	0.323333	
630	0.323333	
631	0.323332	
632	0.323332	
633	0.323332	
634	0.323331	
635	0.323331	
636	0.323331	
637	0.323331	
638	0.32333	
639	0.32333	
640	0.32333	
641	0.323329	
642	0.323329	
643	0.323329	
644	0.323328	
645	0.323328	
646	0.323328	
647	0.323327	
648	0.323327	
649	0.323327	
650	0.323326	
651	0.323326	
652	0.323326	
653	0.323326	
654	0.323325	
655	0.323325	
656	0.323325	
657	0.323324	
658	0.323324	
659	0.323324	
660	0.323323	
661	0.323323	
662	0.323323	
663	0.323322	
664	0.323322	
665	0.323322	
666	0.323321	
667	0.323321	
668	0.323321	
669	0.32332	
670	0.00356655	
#	0
# iterats cost: 20.7843
# 1.82786	3.55898	3.63783	0.542192	10.4674	0.358192
