# Reading DATA...
# Reading Matrix Successfully!
CGN
0	4.22991e+30
1	7.8484e+29	
2	2.9248e+29	
3	1.45567e+29	
4	8.67134e+28	
5	5.71452e+28	
6	3.98415e+28	
7	2.86898e+28	
8	2.13931e+28	
9	1.65704e+28	
10	1.28809e+28	
11	1.03e+28	
12	8.33634e+27	
13	6.91093e+27	
14	5.76421e+27	
15	4.88704e+27	
16	4.21189e+27	
17	3.6229e+27	
18	3.16015e+27	
19	2.75395e+27	
20	2.42292e+27	
21	2.14232e+27	
22	1.90439e+27	
23	1.70988e+27	
24	1.53922e+27	
25	1.40022e+27	
26	1.27549e+27	
27	1.16734e+27	
28	1.07027e+27	
29	9.86678e+26	
30	9.10323e+26	
31	8.44412e+26	
32	7.84281e+26	
33	7.30034e+26	
34	6.85191e+26	
35	6.4371e+26	
36	6.04906e+26	
37	5.7015e+26	
38	5.38293e+26	
39	5.07523e+26	
40	4.80036e+26	
41	4.5355e+26	
42	4.28858e+26	
43	4.05275e+26	
44	3.83538e+26	
45	3.63495e+26	
46	3.45232e+26	
47	3.27515e+26	
48	3.09897e+26	
49	2.94318e+26	
50	2.80427e+26	
51	2.67444e+26	
52	2.55121e+26	
53	2.43122e+26	
54	2.31668e+26	
55	2.21158e+26	
56	2.11536e+26	
57	2.02991e+26	
58	1.9462e+26	
59	1.87134e+26	
60	1.80073e+26	
61	1.72965e+26	
62	1.66383e+26	
63	1.60282e+26	
64	1.54259e+26	
65	1.48887e+26	
66	1.43607e+26	
67	1.38724e+26	
68	1.33809e+26	
69	1.29096e+26	
70	1.24629e+26	
71	1.20244e+26	
72	1.16162e+26	
73	1.12395e+26	
74	1.08565e+26	
75	1.04993e+26	
76	1.01423e+26	
77	9.79854e+25	
78	9.48348e+25	
79	9.19468e+25	
80	8.90417e+25	
81	8.63658e+25	
82	8.37078e+25	
83	8.1142e+25	
84	7.88867e+25	
85	7.69083e+25	
86	7.48614e+25	
87	7.29028e+25	
88	7.10213e+25	
89	6.92136e+25	
90	6.74592e+25	
91	6.57664e+25	
92	6.40061e+25	
93	6.23314e+25	
94	6.07579e+25	
95	5.91831e+25	
96	5.76521e+25	
97	5.61073e+25	
98	5.46508e+25	
99	5.31423e+25	
100	5.17745e+25	
101	5.04263e+25	
102	4.91246e+25	
103	4.77946e+25	
104	4.65192e+25	
105	4.52183e+25	
106	4.4026e+25	
107	4.29081e+25	
108	4.18052e+25	
109	4.07215e+25	
110	3.97642e+25	
111	3.88365e+25	
112	3.79629e+25	
113	3.70895e+25	
114	3.62756e+25	
115	3.55243e+25	
116	3.47841e+25	
117	3.41026e+25	
118	3.34307e+25	
119	3.27786e+25	
120	3.21434e+25	
121	3.15257e+25	
122	3.09247e+25	
123	3.03222e+25	
124	2.9752e+25	
125	2.91831e+25	
126	2.86604e+25	
127	2.81165e+25	
128	2.7623e+25	
129	2.71507e+25	
130	2.66536e+25	
131	2.62032e+25	
132	2.57503e+25	
133	2.53312e+25	
134	2.49063e+25	
135	2.45143e+25	
136	2.40855e+25	
137	2.36264e+25	
138	2.31822e+25	
139	2.28023e+25	
140	2.24022e+25	
141	2.20091e+25	
142	2.16212e+25	
143	2.12706e+25	
144	2.09267e+25	
145	2.05596e+25	
146	2.02038e+25	
147	1.98624e+25	
148	1.95281e+25	
149	1.92034e+25	
150	1.88967e+25	
151	1.85904e+25	
152	1.82921e+25	
153	1.79986e+25	
154	1.7717e+25	
155	1.74429e+25	
156	1.71862e+25	
157	1.69475e+25	
158	1.67043e+25	
159	1.64414e+25	
160	1.61893e+25	
161	1.59508e+25	
162	1.57241e+25	
163	1.55041e+25	
164	1.52854e+25	
165	1.50609e+25	
166	1.48383e+25	
167	1.4622e+25	
168	1.44074e+25	
169	1.41967e+25	
170	1.39826e+25	
171	1.37799e+25	
172	1.35945e+25	
173	1.34165e+25	
174	1.32351e+25	
175	1.30603e+25	
176	1.28855e+25	
177	1.26977e+25	
178	1.25241e+25	
179	1.23581e+25	
180	1.21875e+25	
181	1.20173e+25	
182	1.18482e+25	
183	1.1675e+25	
184	1.15088e+25	
185	1.13576e+25	
186	1.12167e+25	
187	1.10666e+25	
188	1.09169e+25	
189	1.07694e+25	
190	1.06241e+25	
191	1.0483e+25	
192	1.0344e+25	
193	1.02095e+25	
194	1.00757e+25	
195	9.93644e+24	
196	9.80746e+24	
197	9.6807e+24	
198	9.54861e+24	
199	9.42733e+24	
200	9.30898e+24	
201	9.19612e+24	
202	9.07825e+24	
203	8.96709e+24	
204	8.86157e+24	
205	8.75609e+24	
206	8.65906e+24	
207	8.56112e+24	
208	8.46051e+24	
209	8.36066e+24	
210	8.26225e+24	
211	8.16273e+24	
212	8.06828e+24	
213	7.97065e+24	
214	7.87882e+24	
215	7.78629e+24	
216	7.69435e+24	
217	7.6004e+24	
218	7.51081e+24	
219	7.42138e+24	
220	7.3359e+24	
221	7.25e+24	
222	7.16976e+24	
223	7.09097e+24	
224	7.0109e+24	
225	6.93263e+24	
226	6.85379e+24	
227	6.77359e+24	
228	6.69631e+24	
229	6.62018e+24	
230	6.54591e+24	
231	6.47082e+24	
232	6.39995e+24	
233	6.33135e+24	
234	6.26528e+24	
235	6.19944e+24	
236	6.13367e+24	
237	6.0663e+24	
238	5.99935e+24	
239	5.93504e+24	
240	5.87322e+24	
241	5.81048e+24	
242	5.74849e+24	
243	5.68597e+24	
244	5.62769e+24	
245	5.57227e+24	
246	5.5153e+24	
247	5.46038e+24	
248	5.40294e+24	
249	5.34908e+24	
250	5.29645e+24	
251	5.24394e+24	
252	5.18791e+24	
253	5.13472e+24	
254	5.08677e+24	
255	5.04111e+24	
256	4.9925e+24	
257	4.94493e+24	
258	4.90057e+24	
259	4.85581e+24	
260	4.81042e+24	
261	4.76029e+24	
262	4.71237e+24	
263	4.66289e+24	
264	4.61181e+24	
265	4.56566e+24	
266	4.51744e+24	
267	4.46643e+24	
268	4.41988e+24	
269	4.3753e+24	
270	4.32971e+24	
271	4.28444e+24	
272	4.24106e+24	
273	4.19811e+24	
274	4.15811e+24	
275	4.11643e+24	
276	4.0725e+24	
277	4.02803e+24	
278	3.98761e+24	
279	3.94671e+24	
280	3.90651e+24	
281	3.86777e+24	
282	3.83042e+24	
283	3.79589e+24	
284	3.76204e+24	
285	3.72647e+24	
286	3.68915e+24	
287	3.65337e+24	
288	3.61841e+24	
289	3.58794e+24	
290	3.55917e+24	
291	3.52994e+24	
292	3.50098e+24	
293	3.47413e+24	
294	3.44926e+24	
295	3.42529e+24	
296	3.39893e+24	
297	3.37145e+24	
298	3.34402e+24	
299	3.31747e+24	
300	3.29288e+24	
301	3.26613e+24	
302	3.24076e+24	
303	3.21523e+24	
304	3.19066e+24	
305	3.16725e+24	
306	3.14494e+24	
307	3.12255e+24	
308	3.09954e+24	
309	3.07668e+24	
310	3.05378e+24	
311	3.03178e+24	
312	3.0108e+24	
313	2.99042e+24	
314	2.96924e+24	
315	2.94857e+24	
316	2.92778e+24	
317	2.90629e+24	
318	2.88628e+24	
319	2.86675e+24	
320	2.84763e+24	
321	2.82762e+24	
322	2.8077e+24	
323	2.7877e+24	
324	2.76841e+24	
325	2.74816e+24	
326	2.72889e+24	
327	2.70951e+24	
328	2.6888e+24	
329	2.66895e+24	
330	2.64879e+24	
331	2.62896e+24	
332	2.60884e+24	
333	2.58994e+24	
334	2.56951e+24	
335	2.54905e+24	
336	2.52855e+24	
337	2.50952e+24	
338	2.49153e+24	
339	2.47365e+24	
340	2.45533e+24	
341	2.43616e+24	
342	2.41724e+24	
343	2.39758e+24	
344	2.37691e+24	
345	2.35619e+24	
346	2.33689e+24	
347	2.31928e+24	
348	2.30277e+24	
349	2.28618e+24	
350	2.26973e+24	
351	2.25391e+24	
352	2.2387e+24	
353	2.22181e+24	
354	2.20467e+24	
355	2.18716e+24	
356	2.17048e+24	
357	2.15389e+24	
358	2.13849e+24	
359	2.12285e+24	
360	2.10654e+24	
361	2.09145e+24	
362	2.07608e+24	
363	2.06105e+24	
364	2.04631e+24	
365	2.03088e+24	
366	2.01406e+24	
367	1.99696e+24	
368	1.98115e+24	
369	1.96467e+24	
370	1.94859e+24	
371	1.93111e+24	
372	1.91458e+24	
373	1.89793e+24	
374	1.8814e+24	
375	1.86583e+24	
376	1.85049e+24	
377	1.83624e+24	
378	1.82161e+24	
379	1.80678e+24	
380	1.79265e+24	
381	1.77881e+24	
382	1.76591e+24	
383	1.75363e+24	
384	1.74227e+24	
385	1.73086e+24	
386	1.7203e+24	
387	1.70891e+24	
388	1.69775e+24	
389	1.68641e+24	
390	1.67535e+24	
391	1.66403e+24	
392	1.65322e+24	
393	1.64155e+24	
394	1.63001e+24	
395	1.61977e+24	
396	1.61071e+24	
397	1.60077e+24	
398	1.59018e+24	
399	1.57945e+24	
400	1.56871e+24	
401	1.55803e+24	
402	1.54792e+24	
403	1.53731e+24	
404	1.52666e+24	
405	1.51631e+24	
406	1.50649e+24	
407	1.4975e+24	
408	1.4875e+24	
409	1.47655e+24	
410	1.4662e+24	
411	1.45648e+24	
412	1.44649e+24	
413	1.43628e+24	
414	1.42602e+24	
415	1.41636e+24	
416	1.40656e+24	
417	1.39695e+24	
418	1.38773e+24	
419	1.37875e+24	
420	1.36982e+24	
421	1.36157e+24	
422	1.35241e+24	
423	1.3435e+24	
424	1.33548e+24	
425	1.3262e+24	
426	1.31869e+24	
427	1.30977e+24	
428	1.30025e+24	
429	1.29043e+24	
430	1.28164e+24	
431	1.27344e+24	
432	1.26574e+24	
433	1.2577e+24	
434	1.24887e+24	
435	1.2404e+24	
436	1.232e+24	
437	1.22356e+24	
438	1.21581e+24	
439	1.20809e+24	
440	1.20005e+24	
441	1.19163e+24	
442	1.18393e+24	
443	1.17671e+24	
444	1.1697e+24	
445	1.16315e+24	
446	1.15708e+24	
447	1.15008e+24	
448	1.14311e+24	
449	1.13639e+24	
450	1.12907e+24	
451	1.12245e+24	
452	1.11579e+24	
453	1.10884e+24	
454	1.10261e+24	
455	1.09633e+24	
456	1.08996e+24	
457	1.08327e+24	
458	1.07663e+24	
459	1.06998e+24	
460	1.0639e+24	
461	1.05827e+24	
462	1.05274e+24	
463	1.04679e+24	
464	1.04074e+24	
465	1.03453e+24	
466	1.02858e+24	
467	1.0229e+24	
468	1.01676e+24	
469	1.01119e+24	
470	1.0054e+24	
471	9.99014e+23	
472	9.93304e+23	
473	9.87846e+23	
474	9.822e+23	
475	9.76725e+23	
476	9.71267e+23	
477	9.65578e+23	
478	9.6042e+23	
479	9.55541e+23	
480	9.50497e+23	
481	9.45122e+23	
482	9.3933e+23	
483	9.34006e+23	
484	9.28586e+23	
485	9.23461e+23	
486	9.18801e+23	
487	9.13779e+23	
488	9.08674e+23	
489	9.0356e+23	
490	8.98208e+23	
491	8.93257e+23	
492	8.88122e+23	
493	8.82551e+23	
494	8.7741e+23	
495	8.72233e+23	
496	8.66864e+23	
497	8.62219e+23	
498	8.57704e+23	
499	8.53344e+23	
500	8.48876e+23	
501	8.4432e+23	
502	8.39443e+23	
503	8.34973e+23	
504	8.30073e+23	
505	8.25708e+23	
506	8.2133e+23	
507	8.16827e+23	
508	8.12388e+23	
509	8.079e+23	
510	8.03471e+23	
511	7.99845e+23	
512	7.95646e+23	
513	7.91562e+23	
514	7.87589e+23	
515	7.8386e+23	
516	7.80064e+23	
517	7.75961e+23	
518	7.71969e+23	
519	7.6802e+23	
520	7.64284e+23	
521	7.59903e+23	
522	7.56204e+23	
523	7.52328e+23	
524	7.48786e+23	
525	7.45289e+23	
526	7.41773e+23	
527	7.38152e+23	
528	7.34301e+23	
529	7.30758e+23	
530	7.27211e+23	
531	7.23523e+23	
532	7.19612e+23	
533	7.1564e+23	
534	7.11733e+23	
535	7.08263e+23	
536	7.0508e+23	
537	7.01688e+23	
538	6.98247e+23	
539	6.94062e+23	
540	6.90425e+23	
541	6.87243e+23	
542	6.839e+23	
543	6.80633e+23	
544	6.7744e+23	
545	6.74471e+23	
546	6.71177e+23	
547	6.68155e+23	
548	6.64976e+23	
549	6.62154e+23	
550	6.58621e+23	
551	6.5571e+23	
552	6.52573e+23	
553	6.49531e+23	
554	6.4663e+23	
555	6.43524e+23	
556	6.40731e+23	
557	6.37636e+23	
558	6.34772e+23	
559	6.32199e+23	
560	6.29586e+23	
561	6.26815e+23	
562	6.2411e+23	
563	6.21448e+23	
564	6.18688e+23	
565	6.16202e+23	
566	6.13577e+23	
567	6.11119e+23	
568	6.08268e+23	
569	6.05728e+23	
570	6.03384e+23	
571	6.01082e+23	
572	5.98811e+23	
573	5.95922e+23	
574	5.93063e+23	
575	5.90594e+23	
576	5.88083e+23	
577	5.85086e+23	
578	5.82263e+23	
579	5.7968e+23	
580	5.77302e+23	
581	5.74919e+23	
582	5.72269e+23	
583	5.6982e+23	
584	5.67187e+23	
585	5.64761e+23	
586	5.62578e+23	
587	5.60355e+23	
588	5.57846e+23	
589	5.55281e+23	
590	5.53161e+23	
591	5.50915e+23	
592	5.48585e+23	
593	5.46166e+23	
594	5.4391e+23	
595	5.41349e+23	
596	5.39052e+23	
597	5.36934e+23	
598	5.34703e+23	
599	5.32569e+23	
600	5.30421e+23	
601	5.28192e+23	
602	5.26117e+23	
603	5.24162e+23	
604	5.22003e+23	
605	5.20011e+23	
606	5.17906e+23	
607	5.15705e+23	
608	5.13729e+23	
609	5.11747e+23	
610	5.09411e+23	
611	5.07177e+23	
612	5.04964e+23	
613	5.02883e+23	
614	5.00951e+23	
615	4.98865e+23	
616	4.96898e+23	
617	4.94684e+23	
618	4.92617e+23	
619	4.90641e+23	
620	4.88555e+23	
621	4.86511e+23	
622	4.84423e+23	
623	4.82349e+23	
624	4.80319e+23	
625	4.78327e+23	
626	4.76464e+23	
627	4.74576e+23	
628	4.72495e+23	
629	4.70575e+23	
630	4.68745e+23	
631	4.66452e+23	
632	4.64464e+23	
633	4.62591e+23	
634	4.60805e+23	
635	4.58717e+23	
636	4.56947e+23	
637	4.55338e+23	
638	4.53688e+23	
639	4.51899e+23	
640	4.50189e+23	
641	4.48488e+23	
642	4.46599e+23	
643	4.4484e+23	
644	4.43036e+23	
645	4.41465e+23	
646	4.39839e+23	
647	4.38398e+23	
648	4.36969e+23	
649	4.35195e+23	
650	4.33483e+23	
651	4.31726e+23	
652	4.30068e+23	
653	4.28218e+23	
654	4.2665e+23	
655	4.25003e+23	
656	4.23243e+23	
657	4.21414e+23	
658	4.19736e+23	
659	4.18085e+23	
660	4.16418e+23	
661	4.14784e+23	
662	4.13275e+23	
663	4.11658e+23	
664	4.10074e+23	
665	4.08669e+23	
666	4.07107e+23	
667	4.05701e+23	
668	4.04233e+23	
669	4.0259e+23	
670	4.01178e+23	
671	3.9975e+23	
672	3.98255e+23	
673	3.96879e+23	
674	3.95581e+23	
675	3.9418e+23	
676	3.92726e+23	
677	3.9136e+23	
678	3.89982e+23	
679	3.88403e+23	
680	3.87034e+23	
681	3.85611e+23	
682	3.84329e+23	
683	3.83053e+23	
684	3.81571e+23	
685	3.80206e+23	
686	3.7897e+23	
687	3.77652e+23	
688	3.76181e+23	
689	3.74689e+23	
690	3.73297e+23	
691	3.7187e+23	
692	3.70471e+23	
693	3.69035e+23	
694	3.67797e+23	
695	3.66317e+23	
696	3.65062e+23	
697	3.63907e+23	
698	3.62788e+23	
699	3.61451e+23	
700	3.60117e+23	
701	3.59023e+23	
702	3.57781e+23	
703	3.56593e+23	
704	3.55445e+23	
705	3.543e+23	
706	3.52994e+23	
707	3.5181e+23	
708	3.5076e+23	
709	3.49732e+23	
710	3.48561e+23	
711	3.47277e+23	
712	3.46097e+23	
713	3.44968e+23	
714	3.43825e+23	
715	3.4257e+23	
716	3.4129e+23	
717	3.40139e+23	
718	3.39022e+23	
719	3.37805e+23	
720	3.36546e+23	
721	3.35493e+23	
722	3.34234e+23	
723	3.32933e+23	
724	3.3174e+23	
725	3.30593e+23	
726	3.29359e+23	
727	3.28072e+23	
728	3.26792e+23	
729	3.25674e+23	
730	3.24422e+23	
731	3.23146e+23	
732	3.21839e+23	
733	3.20714e+23	
734	3.19307e+23	
735	3.18103e+23	
736	3.1695e+23	
737	3.15774e+23	
738	3.14467e+23	
739	3.13312e+23	
740	3.12205e+23	
741	3.10941e+23	
742	3.09571e+23	
743	3.08373e+23	
744	3.07387e+23	
745	3.06254e+23	
746	3.05049e+23	
747	3.03942e+23	
748	3.02906e+23	
749	3.018e+23	
750	3.00453e+23	
751	2.99273e+23	
752	2.982e+23	
753	2.97149e+23	
754	2.96061e+23	
755	2.94963e+23	
756	2.93951e+23	
757	2.93012e+23	
758	2.91989e+23	
759	2.90886e+23	
760	2.89869e+23	
761	2.88862e+23	
762	2.87953e+23	
763	2.87039e+23	
764	2.86064e+23	
765	2.85043e+23	
766	2.84119e+23	
767	2.83024e+23	
768	2.82079e+23	
769	2.81264e+23	
770	2.80145e+23	
771	2.79089e+23	
772	2.77927e+23	
773	2.76991e+23	
774	2.75994e+23	
775	2.74924e+23	
776	2.73698e+23	
777	2.72704e+23	
778	2.71848e+23	
779	2.70895e+23	
780	2.69842e+23	
781	2.68825e+23	
782	2.67941e+23	
783	2.66948e+23	
784	2.65973e+23	
785	2.65144e+23	
786	2.64206e+23	
787	2.63198e+23	
788	2.62202e+23	
789	2.614e+23	
790	2.60384e+23	
791	2.59416e+23	
792	2.58587e+23	
793	2.57663e+23	
794	2.56724e+23	
795	2.55832e+23	
796	2.54973e+23	
797	2.54273e+23	
798	2.53453e+23	
799	2.52533e+23	
800	2.51753e+23	
801	2.50883e+23	
802	2.49962e+23	
803	2.49068e+23	
804	2.48047e+23	
805	2.47075e+23	
806	2.46323e+23	
807	2.45532e+23	
808	2.4472e+23	
809	2.43926e+23	
810	2.43127e+23	
811	2.42286e+23	
812	2.41578e+23	
813	2.408e+23	
814	2.39997e+23	
815	2.39129e+23	
816	2.38333e+23	
817	2.37457e+23	
818	2.36675e+23	
819	2.35882e+23	
820	2.3493e+23	
821	2.34214e+23	
822	2.33388e+23	
823	2.32542e+23	
824	2.31699e+23	
825	2.30924e+23	
826	2.30217e+23	
827	2.2933e+23	
828	2.28488e+23	
829	2.27741e+23	
830	2.27006e+23	
831	2.26252e+23	
832	2.25591e+23	
833	2.24755e+23	
834	2.24102e+23	
835	2.23372e+23	
836	2.22786e+23	
837	2.22085e+23	
838	2.21347e+23	
839	2.20715e+23	
840	2.20072e+23	
841	2.19449e+23	
842	2.1884e+23	
843	2.18146e+23	
844	2.17355e+23	
845	2.16701e+23	
846	2.16073e+23	
847	2.15377e+23	
848	2.14797e+23	
849	2.14205e+23	
850	2.13522e+23	
851	2.12824e+23	
852	2.12209e+23	
853	2.11311e+23	
854	2.10617e+23	
855	2.10021e+23	
856	2.09446e+23	
857	2.08856e+23	
858	2.08226e+23	
859	2.07561e+23	
860	2.06856e+23	
861	2.06305e+23	
862	2.05641e+23	
863	2.0499e+23	
864	2.04291e+23	
865	2.03663e+23	
866	2.03056e+23	
867	2.02498e+23	
868	2.01927e+23	
869	2.01196e+23	
870	2.00643e+23	
871	2.00011e+23	
872	1.99389e+23	
873	1.98778e+23	
874	1.98088e+23	
875	1.97398e+23	
876	1.96764e+23	
877	1.96137e+23	
878	1.95521e+23	
879	1.94918e+23	
880	1.94326e+23	
881	1.93745e+23	
882	1.93048e+23	
883	1.92409e+23	
884	1.91878e+23	
885	1.91298e+23	
886	1.90728e+23	
887	1.9013e+23	
888	1.89552e+23	
889	1.89051e+23	
890	1.88554e+23	
891	1.8802e+23	
892	1.87402e+23	
893	1.86917e+23	
894	1.86403e+23	
895	1.8585e+23	
896	1.85333e+23	
897	1.84842e+23	
898	1.84347e+23	
899	1.83824e+23	
900	1.83366e+23	
901	1.82813e+23	
902	1.82316e+23	
903	1.81711e+23	
904	1.81113e+23	
905	1.80644e+23	
906	1.80131e+23	
907	1.79635e+23	
908	1.79122e+23	
909	1.78605e+23	
910	1.78077e+23	
911	1.77619e+23	
912	1.77172e+23	
913	1.7669e+23	
914	1.76256e+23	
915	1.75825e+23	
916	1.75391e+23	
917	1.74831e+23	
918	1.74362e+23	
919	1.73869e+23	
920	1.73322e+23	
921	1.72817e+23	
922	1.72271e+23	
923	1.71827e+23	
924	1.71356e+23	
925	1.70909e+23	
926	1.70431e+23	
927	1.69909e+23	
928	1.69406e+23	
929	1.68918e+23	
930	1.68445e+23	
931	1.679e+23	
932	1.67447e+23	
933	1.66876e+23	
934	1.66409e+23	
935	1.65943e+23	
936	1.65496e+23	
937	1.65e+23	
938	1.64576e+23	
939	1.64184e+23	
940	1.63709e+23	
941	1.633e+23	
942	1.62859e+23	
943	1.62424e+23	
944	1.61944e+23	
945	1.61546e+23	
946	1.6101e+23	
947	1.60594e+23	
948	1.60224e+23	
949	1.59738e+23	
950	1.59368e+23	
951	1.58945e+23	
952	1.58518e+23	
953	1.58101e+23	
954	1.57653e+23	
955	1.57169e+23	
956	1.5681e+23	
957	1.56397e+23	
958	1.55972e+23	
959	1.55558e+23	
960	1.55033e+23	
961	1.5459e+23	
962	1.54227e+23	
963	1.53767e+23	
964	1.53356e+23	
965	1.5287e+23	
966	1.52303e+23	
967	1.51882e+23	
968	1.51364e+23	
969	1.50895e+23	
970	1.50446e+23	
971	1.50047e+23	
972	1.49693e+23	
973	1.49189e+23	
974	1.48781e+23	
975	1.48224e+23	
976	1.47864e+23	
977	1.4743e+23	
978	1.47061e+23	
979	1.46637e+23	
980	1.46275e+23	
981	1.45934e+23	
982	1.4552e+23	
983	1.45114e+23	
984	1.44742e+23	
985	1.44364e+23	
986	1.43927e+23	
987	1.43543e+23	
988	1.43107e+23	
989	1.42752e+23	
990	1.4236e+23	
991	1.41863e+23	
992	1.4151e+23	
993	1.41129e+23	
994	1.40769e+23	
995	1.4033e+23	
996	1.39982e+23	
997	1.39649e+23	
998	1.39349e+23	
999	1.3904e+23	
1000	1.38726e+23	
1001	1.38399e+23	
1002	1.37963e+23	
1003	1.37675e+23	
1004	1.37199e+23	
1005	1.36865e+23	
1006	1.36539e+23	
1007	1.36142e+23	
1008	1.35744e+23	
1009	1.35454e+23	
1010	1.3501e+23	
1011	1.3467e+23	
1012	1.34287e+23	
1013	1.33874e+23	
1014	1.33524e+23	
1015	1.33158e+23	
1016	1.32868e+23	
1017	1.32453e+23	
1018	1.32118e+23	
1019	1.31758e+23	
1020	1.31454e+23	
1021	1.31067e+23	
1022	1.30761e+23	
1023	1.30398e+23	
1024	1.30036e+23	
1025	1.29799e+23	
1026	1.29389e+23	
1027	1.29082e+23	
1028	1.28763e+23	
1029	1.28473e+23	
1030	1.28171e+23	
1031	1.27852e+23	
1032	1.27508e+23	
1033	1.27195e+23	
1034	1.26874e+23	
1035	1.2647e+23	
1036	1.26198e+23	
1037	1.25798e+23	
1038	1.25371e+23	
1039	1.25084e+23	
1040	1.24734e+23	
1041	1.24407e+23	
1042	1.24127e+23	
1043	1.23797e+23	
1044	1.2349e+23	
1045	1.23138e+23	
1046	1.22787e+23	
1047	1.22463e+23	
1048	1.2213e+23	
1049	1.21775e+23	
1050	1.2144e+23	
1051	1.21094e+23	
1052	1.20782e+23	
1053	1.20421e+23	
1054	1.20042e+23	
1055	1.19767e+23	
1056	1.19427e+23	
1057	1.19089e+23	
1058	1.18743e+23	
1059	1.18401e+23	
1060	1.18065e+23	
1061	1.17703e+23	
1062	1.1736e+23	
1063	1.17053e+23	
1064	1.16777e+23	
1065	1.16471e+23	
1066	1.16089e+23	
1067	1.15776e+23	
1068	1.15478e+23	
1069	1.15154e+23	
1070	1.14892e+23	
1071	1.14617e+23	
1072	1.14302e+23	
1073	1.14039e+23	
1074	1.137e+23	
1075	1.13418e+23	
1076	1.13134e+23	
1077	1.1286e+23	
1078	1.12546e+23	
1079	1.12253e+23	
1080	1.11964e+23	
1081	1.11642e+23	
1082	1.11345e+23	
1083	1.10968e+23	
1084	1.10688e+23	
1085	1.10395e+23	
1086	1.10148e+23	
1087	1.09812e+23	
1088	1.09517e+23	
1089	1.0917e+23	
1090	1.08807e+23	
1091	1.08467e+23	
1092	1.08081e+23	
1093	1.07821e+23	
1094	1.0736e+23	
1095	1.07066e+23	
1096	1.06725e+23	
1097	1.06407e+23	
1098	1.06153e+23	
1099	1.05829e+23	
1100	1.05546e+23	
1101	1.05258e+23	
1102	1.04976e+23	
1103	1.04684e+23	
1104	1.04389e+23	
1105	1.03998e+23	
1106	1.03703e+23	
1107	1.03414e+23	
1108	1.03108e+23	
1109	1.0283e+23	
1110	1.02584e+23	
1111	1.02217e+23	
1112	1.01932e+23	
1113	1.01656e+23	
1114	1.01369e+23	
1115	1.01082e+23	
1116	1.00824e+23	
1117	1.00491e+23	
1118	1.00203e+23	
1119	9.98562e+22	
1120	9.95655e+22	
1121	9.92933e+22	
1122	9.89763e+22	
1123	9.86368e+22	
1124	9.83021e+22	
1125	9.80115e+22	
1126	9.76846e+22	
1127	9.74107e+22	
1128	9.71338e+22	
1129	9.68764e+22	
1130	9.65677e+22	
1131	9.62127e+22	
1132	9.59508e+22	
1133	9.55912e+22	
1134	9.54012e+22	
1135	9.51055e+22	
1136	9.48474e+22	
1137	9.45733e+22	
1138	9.4339e+22	
1139	9.41081e+22	
1140	9.37806e+22	
1141	9.35564e+22	
1142	9.3252e+22	
1143	9.30561e+22	
1144	9.2811e+22	
1145	9.2523e+22	
1146	9.22806e+22	
1147	9.2005e+22	
1148	9.17529e+22	
1149	9.14229e+22	
1150	9.11537e+22	
1151	9.09024e+22	
1152	9.05983e+22	
1153	9.03426e+22	
1154	9.00199e+22	
1155	8.97525e+22	
1156	8.951e+22	
1157	8.92252e+22	
1158	8.89838e+22	
1159	8.86074e+22	
1160	8.83624e+22	
1161	8.81084e+22	
1162	8.78708e+22	
1163	8.76457e+22	
1164	8.74255e+22	
1165	8.71986e+22	
1166	8.69767e+22	
1167	8.67994e+22	
1168	8.65928e+22	
1169	8.63636e+22	
1170	8.61314e+22	
1171	8.59818e+22	
1172	8.57763e+22	
1173	8.56326e+22	
1174	8.53925e+22	
1175	8.51791e+22	
1176	8.50176e+22	
1177	8.48202e+22	
1178	8.46331e+22	
1179	8.44163e+22	
1180	8.41891e+22	
1181	8.39825e+22	
1182	8.37928e+22	
1183	8.36348e+22	
1184	8.33647e+22	
1185	8.31919e+22	
1186	8.29927e+22	
1187	8.28186e+22	
1188	8.26081e+22	
1189	8.24375e+22	
1190	8.22618e+22	
1191	8.20843e+22	
1192	8.1894e+22	
1193	8.16832e+22	
1194	8.15101e+22	
1195	8.12982e+22	
1196	8.11475e+22	
1197	8.09437e+22	
1198	8.07767e+22	
1199	8.06273e+22	
1200	8.04472e+22	
1201	8.02932e+22	
1202	8.00853e+22	
1203	7.98979e+22	
1204	7.97061e+22	
1205	7.94981e+22	
1206	7.93238e+22	
1207	7.91335e+22	
1208	7.89767e+22	
1209	7.87905e+22	
1210	7.86294e+22	
1211	7.84601e+22	
1212	7.82637e+22	
1213	7.80695e+22	
1214	7.7882e+22	
1215	7.77188e+22	
1216	7.75812e+22	
1217	7.74099e+22	
1218	7.72338e+22	
1219	7.708e+22	
1220	7.69236e+22	
1221	7.67397e+22	
1222	7.65958e+22	
1223	7.64459e+22	
1224	7.63195e+22	
1225	7.61667e+22	
1226	7.60388e+22	
1227	7.58653e+22	
1228	7.57416e+22	
1229	7.5585e+22	
1230	7.54546e+22	
1231	7.52769e+22	
1232	7.51696e+22	
1233	7.50215e+22	
1234	7.48908e+22	
1235	7.4703e+22	
1236	7.45975e+22	
1237	7.44077e+22	
1238	7.42953e+22	
1239	7.41201e+22	
1240	7.39696e+22	
1241	7.37952e+22	
1242	7.36554e+22	
1243	7.35342e+22	
1244	7.34062e+22	
1245	7.32836e+22	
1246	7.31204e+22	
1247	7.29747e+22	
1248	7.28217e+22	
1249	7.26838e+22	
1250	7.25419e+22	
1251	7.23818e+22	
1252	7.2198e+22	
1253	7.20849e+22	
1254	7.19407e+22	
1255	7.18129e+22	
1256	7.16738e+22	
1257	7.15305e+22	
1258	7.13654e+22	
1259	7.12562e+22	
1260	7.11295e+22	
1261	7.09626e+22	
1262	7.08106e+22	
1263	7.0615e+22	
1264	7.04791e+22	
1265	7.03449e+22	
1266	7.02107e+22	
1267	7.00457e+22	
1268	6.98689e+22	
1269	6.9729e+22	
1270	6.95375e+22	
1271	6.94017e+22	
1272	6.92651e+22	
1273	6.913e+22	
1274	6.89835e+22	
1275	6.88179e+22	
1276	6.86854e+22	
1277	6.8531e+22	
1278	6.84179e+22	
1279	6.82405e+22	
1280	6.8114e+22	
1281	6.79681e+22	
1282	6.78373e+22	
1283	6.76777e+22	
1284	6.75683e+22	
1285	6.7398e+22	
1286	6.72769e+22	
1287	6.71006e+22	
1288	6.69748e+22	
1289	6.68029e+22	
1290	6.66945e+22	
1291	6.65073e+22	
1292	6.63632e+22	
1293	6.621e+22	
1294	6.60754e+22	
1295	6.59018e+22	
1296	6.57584e+22	
1297	6.56012e+22	
1298	6.54314e+22	
1299	6.53033e+22	
1300	6.51594e+22	
1301	6.50198e+22	
1302	6.48878e+22	
1303	6.47431e+22	
1304	6.46029e+22	
1305	6.44154e+22	
1306	6.42404e+22	
1307	6.41095e+22	
1308	6.39704e+22	
1309	6.38172e+22	
1310	6.36577e+22	
1311	6.34922e+22	
1312	6.33448e+22	
1313	6.31842e+22	
1314	6.30613e+22	
1315	6.29047e+22	
1316	6.27436e+22	
1317	6.25742e+22	
1318	6.24284e+22	
1319	6.22889e+22	
1320	6.21265e+22	
1321	6.1965e+22	
1322	6.17625e+22	
1323	6.16303e+22	
1324	6.14953e+22	
1325	6.13334e+22	
1326	6.12113e+22	
1327	6.10314e+22	
1328	6.0915e+22	
1329	6.07428e+22	
1330	6.06225e+22	
1331	6.04741e+22	
1332	6.03291e+22	
1333	6.02127e+22	
1334	6.00753e+22	
1335	5.99308e+22	
1336	5.97738e+22	
1337	5.96471e+22	
1338	5.94996e+22	
1339	5.93717e+22	
1340	5.92544e+22	
1341	5.9128e+22	
1342	5.89713e+22	
1343	5.88279e+22	
1344	5.86568e+22	
1345	5.85252e+22	
1346	5.83673e+22	
1347	5.82538e+22	
1348	5.81106e+22	
1349	5.79722e+22	
1350	5.77895e+22	
1351	5.76724e+22	
1352	5.75047e+22	
1353	5.73854e+22	
1354	5.7251e+22	
1355	5.71184e+22	
1356	5.69464e+22	
1357	5.68383e+22	
1358	5.66906e+22	
1359	5.65839e+22	
1360	5.64451e+22	
1361	5.62744e+22	
1362	5.61177e+22	
1363	5.60045e+22	
1364	5.58733e+22	
1365	5.57186e+22	
1366	5.55701e+22	
1367	5.54355e+22	
1368	5.53274e+22	
1369	5.52121e+22	
1370	5.50664e+22	
1371	5.49569e+22	
1372	5.48356e+22	
1373	5.47387e+22	
1374	5.46102e+22	
1375	5.44973e+22	
1376	5.43722e+22	
1377	5.42426e+22	
1378	5.40911e+22	
1379	5.39712e+22	
1380	5.3797e+22	
1381	5.36826e+22	
1382	5.35454e+22	
1383	5.3442e+22	
1384	5.32943e+22	
1385	5.31689e+22	
1386	5.30149e+22	
1387	5.28847e+22	
1388	5.27449e+22	
1389	5.26073e+22	
1390	5.24525e+22	
1391	5.23484e+22	
1392	5.222e+22	
1393	5.21046e+22	
1394	5.19748e+22	
1395	5.18713e+22	
1396	5.17455e+22	
1397	5.16345e+22	
1398	5.15166e+22	
1399	5.13941e+22	
1400	5.12624e+22	
1401	5.1149e+22	
1402	5.10363e+22	
1403	5.09248e+22	
1404	5.08036e+22	
1405	5.06948e+22	
1406	5.05856e+22	
1407	5.04615e+22	
1408	5.03573e+22	
1409	5.02471e+22	
1410	5.01252e+22	
1411	5.00149e+22	
1412	4.99278e+22	
1413	4.98314e+22	
1414	4.97181e+22	
1415	4.96086e+22	
1416	4.95049e+22	
1417	4.94053e+22	
1418	4.93049e+22	
1419	4.91902e+22	
1420	4.90647e+22	
1421	4.89759e+22	
1422	4.88595e+22	
1423	4.87481e+22	
1424	4.86414e+22	
1425	4.85434e+22	
1426	4.84387e+22	
1427	4.83487e+22	
1428	4.82127e+22	
1429	4.81278e+22	
1430	4.79919e+22	
1431	4.78759e+22	
1432	4.77592e+22	
1433	4.76527e+22	
1434	4.7533e+22	
1435	4.74322e+22	
1436	4.73311e+22	
1437	4.71696e+22	
1438	4.70524e+22	
1439	4.69497e+22	
1440	4.68547e+22	
1441	4.67125e+22	
1442	4.66071e+22	
1443	4.64603e+22	
1444	4.63727e+22	
1445	4.62861e+22	
1446	4.62023e+22	
1447	4.61036e+22	
1448	4.60066e+22	
1449	4.59081e+22	
1450	4.58221e+22	
1451	4.57316e+22	
1452	4.56472e+22	
1453	4.55566e+22	
1454	4.54856e+22	
1455	4.54064e+22	
1456	4.53155e+22	
1457	4.5217e+22	
1458	4.51185e+22	
1459	4.50305e+22	
1460	4.49493e+22	
1461	4.48691e+22	
1462	4.47621e+22	
1463	4.46692e+22	
1464	4.45707e+22	
1465	4.44892e+22	
1466	4.43898e+22	
1467	4.43135e+22	
1468	4.4215e+22	
1469	4.41308e+22	
1470	4.40206e+22	
1471	4.39206e+22	
1472	4.38165e+22	
1473	4.36957e+22	
1474	4.36041e+22	
1475	4.35272e+22	
1476	4.34227e+22	
1477	4.33297e+22	
1478	4.32409e+22	
1479	4.3147e+22	
1480	4.30582e+22	
1481	4.29907e+22	
1482	4.29231e+22	
1483	4.28479e+22	
1484	4.27883e+22	
1485	4.27175e+22	
1486	4.26482e+22	
1487	4.25849e+22	
1488	4.25167e+22	
1489	4.24329e+22	
1490	4.23687e+22	
1491	4.22751e+22	
1492	4.22045e+22	
1493	4.21246e+22	
1494	4.20434e+22	
1495	4.19727e+22	
1496	4.18831e+22	
1497	4.18103e+22	
1498	4.17237e+22	
1499	4.16595e+22	
1500	4.15959e+22	
1501	4.15063e+22	
1502	4.14182e+22	
1503	4.13599e+22	
1504	4.12814e+22	
1505	4.1202e+22	
1506	4.11088e+22	
1507	4.10296e+22	
1508	4.09578e+22	
1509	4.08748e+22	
1510	4.0787e+22	
1511	4.07236e+22	
1512	4.06531e+22	
1513	4.05702e+22	
1514	4.05026e+22	
1515	4.04305e+22	
1516	4.03564e+22	
1517	4.02983e+22	
1518	4.02257e+22	
1519	4.01439e+22	
1520	4.00732e+22	
1521	4.00037e+22	
1522	3.99236e+22	
1523	3.98452e+22	
1524	3.9767e+22	
1525	3.96769e+22	
1526	3.96007e+22	
1527	3.95281e+22	
1528	3.94555e+22	
1529	3.93841e+22	
1530	3.93159e+22	
1531	3.92315e+22	
1532	3.91664e+22	
1533	3.9092e+22	
1534	3.89966e+22	
1535	3.89171e+22	
1536	3.88368e+22	
1537	3.87831e+22	
1538	3.87088e+22	
1539	3.8635e+22	
1540	3.85572e+22	
1541	3.85035e+22	
1542	3.8448e+22	
1543	3.83852e+22	
1544	3.8326e+22	
1545	3.82525e+22	
1546	3.81767e+22	
1547	3.81155e+22	
1548	3.80601e+22	
1549	3.79935e+22	
1550	3.79277e+22	
1551	3.78627e+22	
1552	3.77981e+22	
1553	3.77405e+22	
1554	3.76797e+22	
1555	3.75924e+22	
1556	3.75231e+22	
1557	3.74577e+22	
1558	3.74043e+22	
1559	3.73375e+22	
1560	3.72686e+22	
1561	3.71928e+22	
1562	3.7118e+22	
1563	3.70692e+22	
1564	3.69993e+22	
1565	3.69295e+22	
1566	3.68849e+22	
1567	3.68246e+22	
1568	3.67615e+22	
1569	3.67002e+22	
1570	3.66305e+22	
1571	3.65783e+22	
1572	3.65265e+22	
1573	3.64772e+22	
1574	3.64309e+22	
1575	3.63816e+22	
1576	3.63283e+22	
1577	3.62597e+22	
1578	3.62116e+22	
1579	3.6154e+22	
1580	3.60833e+22	
1581	3.60158e+22	
1582	3.59578e+22	
1583	3.58955e+22	
1584	3.58432e+22	
1585	3.57847e+22	
1586	3.57364e+22	
1587	3.56734e+22	
1588	3.56042e+22	
1589	3.55529e+22	
1590	3.55015e+22	
1591	3.54437e+22	
1592	3.53944e+22	
1593	3.5318e+22	
1594	3.52742e+22	
1595	3.52159e+22	
1596	3.5153e+22	
1597	3.5113e+22	
1598	3.50501e+22	
1599	3.50022e+22	
1600	3.49439e+22	
1601	3.48719e+22	
1602	3.48075e+22	
1603	3.47589e+22	
1604	3.46998e+22	
1605	3.46289e+22	
1606	3.4577e+22	
1607	3.453e+22	
1608	3.44741e+22	
1609	3.4415e+22	
1610	3.43668e+22	
1611	3.43068e+22	
1612	3.42625e+22	
1613	3.42127e+22	
1614	3.41532e+22	
1615	3.41052e+22	
1616	3.40479e+22	
1617	3.39937e+22	
1618	3.39235e+22	
1619	3.38615e+22	
1620	3.38067e+22	
1621	3.37598e+22	
1622	3.3718e+22	
1623	3.36799e+22	
1624	3.36439e+22	
1625	3.36024e+22	
1626	3.35528e+22	
1627	3.35078e+22	
1628	3.34505e+22	
1629	3.34099e+22	
1630	3.33554e+22	
1631	3.33095e+22	
1632	3.3246e+22	
1633	3.32042e+22	
1634	3.31582e+22	
1635	3.31049e+22	
1636	3.30607e+22	
1637	3.2991e+22	
1638	3.29278e+22	
1639	3.28896e+22	
1640	3.28338e+22	
1641	3.27882e+22	
1642	3.27435e+22	
1643	3.26912e+22	
1644	3.26406e+22	
1645	3.25962e+22	
1646	3.25494e+22	
1647	3.25073e+22	
1648	3.24481e+22	
1649	3.23914e+22	
1650	3.23499e+22	
1651	3.23068e+22	
1652	3.227e+22	
1653	3.22251e+22	
1654	3.21812e+22	
1655	3.21369e+22	
1656	3.20948e+22	
1657	3.20635e+22	
1658	3.19972e+22	
1659	3.19559e+22	
1660	3.19125e+22	
1661	3.1862e+22	
1662	3.18217e+22	
1663	3.17651e+22	
1664	3.17124e+22	
1665	3.16779e+22	
1666	3.16123e+22	
1667	3.15781e+22	
1668	3.15439e+22	
1669	3.15068e+22	
1670	3.14631e+22	
1671	3.14207e+22	
1672	3.13817e+22	
1673	3.13369e+22	
1674	3.12988e+22	
1675	3.12637e+22	
1676	3.12177e+22	
1677	3.11867e+22	
1678	3.11546e+22	
1679	3.11111e+22	
1680	3.10715e+22	
1681	3.10404e+22	
1682	3.10032e+22	
1683	3.09585e+22	
1684	3.09194e+22	
1685	3.08674e+22	
1686	3.08303e+22	
1687	3.07917e+22	
1688	3.07486e+22	
1689	3.07118e+22	
1690	3.06715e+22	
1691	3.0615e+22	
1692	3.05633e+22	
1693	3.05281e+22	
1694	3.0482e+22	
1695	3.04364e+22	
1696	3.03997e+22	
1697	3.03558e+22	
1698	3.03002e+22	
1699	3.02654e+22	
1700	3.02164e+22	
1701	3.01703e+22	
1702	3.0134e+22	
1703	3.00824e+22	
1704	3.00333e+22	
1705	2.99984e+22	
1706	2.9948e+22	
1707	2.99041e+22	
1708	2.98592e+22	
1709	2.98088e+22	
1710	2.97855e+22	
1711	2.9744e+22	
1712	2.96964e+22	
1713	2.96642e+22	
1714	2.96135e+22	
1715	2.95753e+22	
1716	2.95332e+22	
1717	2.94956e+22	
1718	2.94583e+22	
1719	2.94117e+22	
1720	2.93766e+22	
1721	2.93245e+22	
1722	2.92827e+22	
1723	2.92546e+22	
1724	2.92092e+22	
1725	2.91656e+22	
1726	2.91304e+22	
1727	2.90762e+22	
1728	2.90322e+22	
1729	2.89818e+22	
1730	2.89286e+22	
1731	2.88755e+22	
1732	2.88379e+22	
1733	2.88106e+22	
1734	2.87627e+22	
1735	2.87299e+22	
1736	2.86939e+22	
1737	2.86357e+22	
1738	2.86077e+22	
1739	2.85676e+22	
1740	2.85075e+22	
1741	2.84822e+22	
1742	2.84319e+22	
1743	2.84005e+22	
1744	2.83705e+22	
1745	2.83166e+22	
1746	2.82898e+22	
1747	2.82361e+22	
1748	2.81892e+22	
1749	2.81643e+22	
1750	2.81242e+22	
1751	2.80867e+22	
1752	2.80495e+22	
1753	2.79992e+22	
1754	2.79699e+22	
1755	2.79307e+22	
1756	2.78875e+22	
1757	2.78448e+22	
1758	2.78093e+22	
1759	2.77723e+22	
1760	2.77228e+22	
1761	2.76931e+22	
1762	2.76503e+22	
1763	2.7606e+22	
1764	2.75802e+22	
1765	2.75307e+22	
1766	2.74996e+22	
1767	2.7463e+22	
1768	2.73967e+22	
1769	2.73674e+22	
1770	2.73296e+22	
1771	2.7292e+22	
1772	2.72532e+22	
1773	2.71987e+22	
1774	2.71706e+22	
1775	2.71406e+22	
1776	2.70815e+22	
1777	2.7044e+22	
1778	2.70026e+22	
1779	2.69646e+22	
1780	2.69364e+22	
1781	2.68795e+22	
1782	2.68388e+22	
1783	2.6815e+22	
1784	2.67708e+22	
1785	2.67386e+22	
1786	2.66951e+22	
1787	2.66445e+22	
1788	2.66169e+22	
1789	2.65888e+22	
1790	2.65586e+22	
1791	2.65214e+22	
1792	2.64864e+22	
1793	2.64556e+22	
1794	2.64261e+22	
1795	2.63998e+22	
1796	2.63597e+22	
1797	2.6326e+22	
1798	2.6301e+22	
1799	2.62645e+22	
1800	2.62369e+22	
1801	2.61969e+22	
1802	2.61614e+22	
1803	2.6132e+22	
1804	2.60958e+22	
1805	2.6072e+22	
1806	2.60373e+22	
1807	2.60018e+22	
1808	2.59721e+22	
1809	2.59295e+22	
1810	2.58874e+22	
1811	2.58546e+22	
1812	2.58174e+22	
1813	2.57717e+22	
1814	2.57358e+22	
1815	2.56961e+22	
1816	2.56548e+22	
1817	2.56267e+22	
1818	2.55853e+22	
1819	2.55515e+22	
1820	2.55257e+22	
1821	2.54782e+22	
1822	2.54459e+22	
1823	2.54263e+22	
1824	2.53873e+22	
1825	2.53584e+22	
1826	2.53306e+22	
1827	2.52909e+22	
1828	2.52711e+22	
1829	2.52392e+22	
1830	2.51989e+22	
1831	2.51807e+22	
1832	2.51505e+22	
1833	2.51281e+22	
1834	2.51038e+22	
1835	2.50627e+22	
1836	2.50288e+22	
1837	2.50043e+22	
1838	2.49797e+22	
1839	2.49418e+22	
1840	2.4918e+22	
1841	2.48723e+22	
1842	2.48231e+22	
1843	2.47964e+22	
1844	2.47445e+22	
1845	2.47035e+22	
1846	2.46752e+22	
1847	2.46338e+22	
1848	2.46094e+22	
1849	2.45524e+22	
1850	2.45187e+22	
1851	2.44903e+22	
1852	2.44513e+22	
1853	2.44187e+22	
1854	2.43935e+22	
1855	2.4361e+22	
1856	2.433e+22	
1857	2.43031e+22	
1858	2.42792e+22	
1859	2.42516e+22	
1860	2.42209e+22	
1861	2.41905e+22	
1862	2.4151e+22	
1863	2.41238e+22	
1864	2.40893e+22	
1865	2.40522e+22	
1866	2.40244e+22	
1867	2.40016e+22	
1868	2.39696e+22	
1869	2.39339e+22	
1870	2.39094e+22	
1871	2.38743e+22	
1872	2.3848e+22	
1873	2.38195e+22	
1874	2.37862e+22	
1875	2.376e+22	
1876	2.37357e+22	
1877	2.37131e+22	
1878	2.36764e+22	
1879	2.3646e+22	
1880	2.36218e+22	
1881	2.35934e+22	
1882	2.35599e+22	
1883	2.35295e+22	
1884	2.3502e+22	
1885	2.34573e+22	
1886	2.34227e+22	
1887	2.34018e+22	
1888	2.33674e+22	
1889	2.33356e+22	
1890	2.33062e+22	
1891	2.32856e+22	
1892	2.32606e+22	
1893	2.3225e+22	
1894	2.31941e+22	
1895	2.31686e+22	
1896	2.31491e+22	
1897	2.31206e+22	
1898	2.30735e+22	
1899	2.30474e+22	
1900	2.30205e+22	
1901	2.29892e+22	
1902	2.29559e+22	
1903	2.29296e+22	
1904	2.28982e+22	
1905	2.28762e+22	
1906	2.28452e+22	
1907	2.28074e+22	
1908	2.27795e+22	
1909	2.27576e+22	
1910	2.273e+22	
1911	2.27056e+22	
1912	2.26727e+22	
1913	2.26505e+22	
1914	2.26305e+22	
1915	2.25975e+22	
1916	2.25734e+22	
1917	2.25521e+22	
1918	2.25292e+22	
1919	2.25057e+22	
1920	2.24759e+22	
1921	2.24511e+22	
1922	2.24313e+22	
1923	2.24068e+22	
1924	2.23702e+22	
1925	2.23475e+22	
1926	2.23239e+22	
1927	2.22911e+22	
1928	2.22627e+22	
1929	2.22344e+22	
1930	2.22149e+22	
1931	2.21776e+22	
1932	2.21515e+22	
1933	2.21235e+22	
1934	2.20981e+22	
1935	2.20671e+22	
1936	2.20361e+22	
1937	2.19988e+22	
1938	2.19758e+22	
1939	2.19535e+22	
1940	2.19209e+22	
1941	2.18862e+22	
1942	2.18581e+22	
1943	2.18351e+22	
1944	2.18147e+22	
1945	2.17799e+22	
1946	2.1753e+22	
1947	2.17262e+22	
1948	2.17056e+22	
1949	2.16759e+22	
1950	2.165e+22	
1951	2.16262e+22	
1952	2.16026e+22	
1953	2.1566e+22	
1954	2.15366e+22	
1955	2.15098e+22	
1956	2.14674e+22	
1957	2.1445e+22	
1958	2.14125e+22	
1959	2.13865e+22	
1960	2.13654e+22	
1961	2.13399e+22	
1962	2.1314e+22	
1963	2.12897e+22	
1964	2.12657e+22	
1965	2.12266e+22	
1966	2.11971e+22	
1967	2.11763e+22	
1968	2.11491e+22	
1969	2.11112e+22	
1970	2.10895e+22	
1971	2.106e+22	
1972	2.10258e+22	
1973	2.10019e+22	
1974	2.09733e+22	
1975	2.09465e+22	
1976	2.09195e+22	
1977	2.09007e+22	
1978	2.08714e+22	
1979	2.08492e+22	
1980	2.08235e+22	
1981	2.07948e+22	
1982	2.07792e+22	
1983	2.0757e+22	
1984	2.07293e+22	
1985	2.06905e+22	
1986	2.06682e+22	
1987	2.06521e+22	
1988	2.06321e+22	
1989	2.05971e+22	
1990	2.05712e+22	
1991	2.05537e+22	
1992	2.05283e+22	
1993	2.05088e+22	
1994	2.04769e+22	
1995	2.04529e+22	
1996	2.0438e+22	
1997	2.04178e+22	
1998	2.0388e+22	
1999	2.03605e+22	
2000	2.03409e+22	
2001	2.03162e+22	
2002	2.02931e+22	
2003	2.02702e+22	
2004	2.02532e+22	
2005	2.02284e+22	
2006	2.02099e+22	
2007	2.01918e+22	
2008	2.01611e+22	
2009	2.01365e+22	
2010	2.01044e+22	
2011	2.00753e+22	
2012	2.00467e+22	
2013	2.00264e+22	
2014	2.00031e+22	
2015	1.99753e+22	
2016	1.99528e+22	
2017	1.99318e+22	
2018	1.9905e+22	
2019	1.98803e+22	
2020	1.98628e+22	
2021	1.98316e+22	
2022	1.98029e+22	
2023	1.97758e+22	
2024	1.97491e+22	
2025	1.97295e+22	
2026	1.97054e+22	
2027	1.96825e+22	
2028	1.96401e+22	
2029	1.96195e+22	
2030	1.95967e+22	
2031	1.95739e+22	
2032	1.95565e+22	
2033	1.95339e+22	
2034	1.95094e+22	
2035	1.94775e+22	
2036	1.94545e+22	
2037	1.94337e+22	
2038	1.94126e+22	
2039	1.9386e+22	
2040	1.93588e+22	
2041	1.9328e+22	
2042	1.93077e+22	
2043	1.92852e+22	
2044	1.92444e+22	
2045	1.92276e+22	
2046	1.92079e+22	
2047	1.91811e+22	
2048	1.91492e+22	
2049	1.9127e+22	
2050	1.91055e+22	
2051	1.90863e+22	
2052	1.90575e+22	
2053	1.90395e+22	
2054	1.90201e+22	
2055	1.9005e+22	
2056	1.89769e+22	
2057	1.89505e+22	
2058	1.89342e+22	
2059	1.89156e+22	
2060	1.88912e+22	
2061	1.8864e+22	
2062	1.88507e+22	
2063	1.88293e+22	
2064	1.88037e+22	
2065	1.87709e+22	
2066	1.87545e+22	
2067	1.87347e+22	
2068	1.87075e+22	
2069	1.86894e+22	
2070	1.8667e+22	
2071	1.86441e+22	
2072	1.86208e+22	
2073	1.86035e+22	
2074	1.85828e+22	
2075	1.85579e+22	
2076	1.85243e+22	
2077	1.84999e+22	
2078	1.84812e+22	
2079	1.84554e+22	
2080	1.84301e+22	
2081	1.83908e+22	
2082	1.83697e+22	
2083	1.83527e+22	
2084	1.83326e+22	
2085	1.83104e+22	
2086	1.82938e+22	
2087	1.82787e+22	
2088	1.82659e+22	
2089	1.82515e+22	
2090	1.82287e+22	
2091	1.82094e+22	
2092	1.81938e+22	
2093	1.81784e+22	
2094	1.81427e+22	
2095	1.81255e+22	
2096	1.81096e+22	
2097	1.80889e+22	
2098	1.80673e+22	
2099	1.8049e+22	
2100	1.80332e+22	
2101	1.8012e+22	
2102	1.79963e+22	
2103	1.79744e+22	
2104	1.79568e+22	
2105	1.794e+22	
2106	1.7921e+22	
2107	1.79008e+22	
2108	1.78863e+22	
2109	1.78713e+22	
2110	1.78457e+22	
2111	1.78293e+22	
2112	1.7816e+22	
2113	1.77983e+22	
2114	1.7775e+22	
2115	1.77599e+22	
2116	1.77505e+22	
2117	1.77325e+22	
2118	1.77085e+22	
2119	1.76899e+22	
2120	1.76758e+22	
2121	1.76619e+22	
2122	1.76452e+22	
2123	1.76212e+22	
2124	1.7608e+22	
2125	1.75983e+22	
2126	1.75801e+22	
2127	1.75581e+22	
2128	1.7533e+22	
2129	1.7522e+22	
2130	1.75099e+22	
2131	1.74971e+22	
2132	1.74743e+22	
2133	1.74567e+22	
2134	1.74413e+22	
2135	1.74226e+22	
2136	1.74058e+22	
2137	1.73867e+22	
2138	1.73685e+22	
2139	1.73548e+22	
2140	1.73417e+22	
2141	1.73072e+22	
2142	1.72924e+22	
2143	1.72818e+22	
2144	1.72658e+22	
2145	1.72397e+22	
2146	1.72212e+22	
2147	1.72074e+22	
2148	1.71863e+22	
2149	1.71531e+22	
2150	1.71346e+22	
2151	1.71239e+22	
2152	1.71011e+22	
2153	1.70718e+22	
2154	1.70477e+22	
2155	1.70323e+22	
2156	1.70173e+22	
2157	1.70005e+22	
2158	1.69758e+22	
2159	1.69558e+22	
2160	1.69412e+22	
2161	1.69255e+22	
2162	1.68929e+22	
2163	1.68614e+22	
2164	1.68515e+22	
2165	1.68382e+22	
2166	1.68175e+22	
2167	1.67915e+22	
2168	1.67746e+22	
2169	1.67648e+22	
2170	1.67466e+22	
2171	1.67297e+22	
2172	1.671e+22	
2173	1.66917e+22	
2174	1.66733e+22	
2175	1.66607e+22	
2176	1.66397e+22	
2177	1.66161e+22	
2178	1.65985e+22	
2179	1.65833e+22	
2180	1.65672e+22	
2181	1.65431e+22	
2182	1.65274e+22	
2183	1.6513e+22	
2184	1.65001e+22	
2185	1.64812e+22	
2186	1.64617e+22	
2187	1.64468e+22	
2188	1.64329e+22	
2189	1.64157e+22	
2190	1.63863e+22	
2191	1.63701e+22	
2192	1.63602e+22	
2193	1.63457e+22	
2194	1.63163e+22	
2195	1.62972e+22	
2196	1.62848e+22	
2197	1.62711e+22	
2198	1.62502e+22	
2199	1.6236e+22	
2200	1.62258e+22	
2201	1.62038e+22	
2202	1.61767e+22	
2203	1.6153e+22	
2204	1.61434e+22	
2205	1.61317e+22	
2206	1.61015e+22	
2207	1.60827e+22	
2208	1.60724e+22	
2209	1.60574e+22	
2210	1.60427e+22	
2211	1.60278e+22	
2212	1.60102e+22	
2213	1.59914e+22	
2214	1.59801e+22	
2215	1.59675e+22	
2216	1.59444e+22	
2217	1.59268e+22	
2218	1.59165e+22	
2219	1.58995e+22	
2220	1.58779e+22	
2221	1.58583e+22	
2222	1.58487e+22	
2223	1.58364e+22	
2224	1.58201e+22	
2225	1.58006e+22	
2226	1.57833e+22	
2227	1.57698e+22	
2228	1.57548e+22	
2229	1.57335e+22	
2230	1.57147e+22	
2231	1.57022e+22	
2232	1.56887e+22	
2233	1.56657e+22	
2234	1.56437e+22	
2235	1.5631e+22	
2236	1.56199e+22	
2237	1.56052e+22	
2238	1.55885e+22	
2239	1.55743e+22	
2240	1.55572e+22	
2241	1.55366e+22	
2242	1.55171e+22	
2243	1.54962e+22	
2244	1.54774e+22	
2245	1.54611e+22	
2246	1.54501e+22	
2247	1.54305e+22	
2248	1.5409e+22	
2249	1.53865e+22	
2250	1.5376e+22	
2251	1.53622e+22	
2252	1.53413e+22	
2253	1.53281e+22	
2254	1.53145e+22	
2255	1.52946e+22	
2256	1.52756e+22	
2257	1.52596e+22	
2258	1.52456e+22	
2259	1.52325e+22	
2260	1.52221e+22	
2261	1.52085e+22	
2262	1.51855e+22	
2263	1.51644e+22	
2264	1.5153e+22	
2265	1.51426e+22	
2266	1.51263e+22	
2267	1.51012e+22	
2268	1.50824e+22	
2269	1.50707e+22	
2270	1.50576e+22	
2271	1.50378e+22	
2272	1.50164e+22	
2273	1.49989e+22	
2274	1.49771e+22	
2275	1.49618e+22	
2276	1.49482e+22	
2277	1.49319e+22	
2278	1.49133e+22	
2279	1.49002e+22	
2280	1.48866e+22	
2281	1.48689e+22	
2282	1.48466e+22	
2283	1.48299e+22	
2284	1.48195e+22	
2285	1.48012e+22	
2286	1.47831e+22	
2287	1.47654e+22	
2288	1.47508e+22	
2289	1.47344e+22	
2290	1.47206e+22	
2291	1.47036e+22	
2292	1.46941e+22	
2293	1.46809e+22	
2294	1.46642e+22	
2295	1.46445e+22	
2296	1.46312e+22	
2297	1.46172e+22	
2298	1.45997e+22	
2299	1.45802e+22	
2300	1.4565e+22	
2301	1.45456e+22	
2302	1.45258e+22	
2303	1.45123e+22	
2304	1.44972e+22	
2305	1.44756e+22	
2306	1.4453e+22	
2307	1.44372e+22	
2308	1.44237e+22	
2309	1.44062e+22	
2310	1.438e+22	
2311	1.43619e+22	
2312	1.43452e+22	
2313	1.43292e+22	
2314	1.43164e+22	
2315	1.43022e+22	
2316	1.42825e+22	
2317	1.42659e+22	
2318	1.42515e+22	
2319	1.42373e+22	
2320	1.42183e+22	
2321	1.41926e+22	
2322	1.41795e+22	
2323	1.41626e+22	
2324	1.41409e+22	
2325	1.41203e+22	
2326	1.41097e+22	
2327	1.40956e+22	
2328	1.40744e+22	
2329	1.40561e+22	
2330	1.40396e+22	
2331	1.40234e+22	
2332	1.40061e+22	
2333	1.39936e+22	
2334	1.39826e+22	
2335	1.39626e+22	
2336	1.39278e+22	
2337	1.3912e+22	
2338	1.39003e+22	
2339	1.38896e+22	
2340	1.38774e+22	
2341	1.38619e+22	
2342	1.38489e+22	
2343	1.38301e+22	
2344	1.3818e+22	
2345	1.38054e+22	
2346	1.37926e+22	
2347	1.37752e+22	
2348	1.37657e+22	
2349	1.37562e+22	
2350	1.37436e+22	
2351	1.37248e+22	
2352	1.37098e+22	
2353	1.36984e+22	
2354	1.36834e+22	
2355	1.36706e+22	
2356	1.36521e+22	
2357	1.3632e+22	
2358	1.36172e+22	
2359	1.36046e+22	
2360	1.35922e+22	
2361	1.35767e+22	
2362	1.35611e+22	
2363	1.35495e+22	
2364	1.35385e+22	
2365	1.3526e+22	
2366	1.35076e+22	
2367	1.34931e+22	
2368	1.34839e+22	
2369	1.34743e+22	
2370	1.34645e+22	
2371	1.34539e+22	
2372	1.34438e+22	
2373	1.34325e+22	
2374	1.34221e+22	
2375	1.34134e+22	
2376	1.34027e+22	
2377	1.33894e+22	
2378	1.33742e+22	
2379	1.3364e+22	
2380	1.33532e+22	
2381	1.33409e+22	
2382	1.33279e+22	
2383	1.33165e+22	
2384	1.3305e+22	
2385	1.32855e+22	
2386	1.32709e+22	
2387	1.32596e+22	
2388	1.32468e+22	
2389	1.32331e+22	
2390	1.32248e+22	
2391	1.32148e+22	
2392	1.31994e+22	
2393	1.31876e+22	
2394	1.31738e+22	
2395	1.31609e+22	
2396	1.31524e+22	
2397	1.31445e+22	
2398	1.31332e+22	
2399	1.31157e+22	
2400	1.31077e+22	
2401	1.30982e+22	
2402	1.30916e+22	
2403	1.30805e+22	
2404	1.30711e+22	
2405	1.30595e+22	
2406	1.30515e+22	
2407	1.30443e+22	
2408	1.3034e+22	
2409	1.3018e+22	
2410	1.30077e+22	
2411	1.29995e+22	
2412	1.29901e+22	
2413	1.29762e+22	
2414	1.29659e+22	
2415	1.29585e+22	
2416	1.29511e+22	
2417	1.29403e+22	
2418	1.29289e+22	
2419	1.29183e+22	
2420	1.29068e+22	
2421	1.29001e+22	
2422	1.28926e+22	
2423	1.28844e+22	
2424	1.28712e+22	
2425	1.28631e+22	
2426	1.28568e+22	
2427	1.28484e+22	
2428	1.28409e+22	
2429	1.28315e+22	
2430	1.28229e+22	
2431	1.28127e+22	
2432	1.28046e+22	
2433	1.27974e+22	
2434	1.27914e+22	
2435	1.27819e+22	
2436	1.27725e+22	
2437	1.27665e+22	
2438	1.27592e+22	
2439	1.27506e+22	
2440	1.27392e+22	
2441	1.27298e+22	
2442	1.27175e+22	
2443	1.2709e+22	
2444	1.27008e+22	
2445	1.26933e+22	
2446	1.26829e+22	
2447	1.26684e+22	
2448	1.26544e+22	
2449	1.26478e+22	
2450	1.26421e+22	
2451	1.26333e+22	
2452	1.26201e+22	
2453	1.26107e+22	
2454	1.26031e+22	
2455	1.25962e+22	
2456	1.25897e+22	
2457	1.25816e+22	
2458	1.25727e+22	
2459	1.25622e+22	
2460	1.25549e+22	
2461	1.25467e+22	
2462	1.25376e+22	
2463	1.25257e+22	
2464	1.25163e+22	
2465	1.25064e+22	
2466	1.24969e+22	
2467	1.24822e+22	
2468	1.24728e+22	
2469	1.24617e+22	
2470	1.24509e+22	
2471	1.24389e+22	
2472	1.24303e+22	
2473	1.24194e+22	
2474	1.24076e+22	
2475	1.23983e+22	
2476	1.23898e+22	
2477	1.23818e+22	
2478	1.23747e+22	
2479	1.23624e+22	
2480	1.23521e+22	
2481	1.23444e+22	
2482	1.23383e+22	
2483	1.23271e+22	
2484	1.23163e+22	
2485	1.23025e+22	
2486	1.22918e+22	
2487	1.22854e+22	
2488	1.22799e+22	
2489	1.22721e+22	
2490	1.22597e+22	
2491	1.22458e+22	
2492	1.22385e+22	
2493	1.22315e+22	
2494	1.22222e+22	
2495	1.22111e+22	
2496	1.21978e+22	
2497	1.21875e+22	
2498	1.21735e+22	
2499	1.21655e+22	
2500	1.21567e+22	
2501	1.21476e+22	
2502	1.21316e+22	
2503	1.21214e+22	
2504	1.21129e+22	
2505	1.21027e+22	
2506	1.20917e+22	
2507	1.20814e+22	
2508	1.20702e+22	
2509	1.20611e+22	
2510	1.20533e+22	
2511	1.20455e+22	
2512	1.2034e+22	
2513	1.20195e+22	
2514	1.20097e+22	
2515	1.20021e+22	
2516	1.19954e+22	
2517	1.19867e+22	
2518	1.19721e+22	
2519	1.19577e+22	
2520	1.1943e+22	
2521	1.19352e+22	
2522	1.19273e+22	
2523	1.19182e+22	
2524	1.19066e+22	
2525	1.18943e+22	
2526	1.18796e+22	
2527	1.18697e+22	
2528	1.18601e+22	
2529	1.18511e+22	
2530	1.18369e+22	
2531	1.18223e+22	
2532	1.18098e+22	
2533	1.17989e+22	
2534	1.17855e+22	
2535	1.17758e+22	
2536	1.17646e+22	
2537	1.17553e+22	
2538	1.17478e+22	
2539	1.17386e+22	
2540	1.17272e+22	
2541	1.17118e+22	
2542	1.17033e+22	
2543	1.16955e+22	
2544	1.16864e+22	
2545	1.16756e+22	
2546	1.16658e+22	
2547	1.16562e+22	
2548	1.16484e+22	
2549	1.16409e+22	
2550	1.16342e+22	
2551	1.162e+22	
2552	1.16083e+22	
2553	1.16004e+22	
2554	1.15922e+22	
2555	1.15826e+22	
2556	1.15724e+22	
2557	1.15615e+22	
2558	1.15527e+22	
2559	1.15451e+22	
2560	1.15381e+22	
2561	1.15298e+22	
2562	1.15212e+22	
2563	1.15119e+22	
2564	1.15e+22	
2565	1.14889e+22	
2566	1.14808e+22	
2567	1.14722e+22	
2568	1.14605e+22	
2569	1.145e+22	
2570	1.14375e+22	
2571	1.14266e+22	
2572	1.14186e+22	
2573	1.14076e+22	
2574	1.13965e+22	
2575	1.13818e+22	
2576	1.1372e+22	
2577	1.13574e+22	
2578	1.13492e+22	
2579	1.13372e+22	
2580	1.13228e+22	
2581	1.13051e+22	
2582	1.12951e+22	
2583	1.1285e+22	
2584	1.12769e+22	
2585	1.12702e+22	
2586	1.12615e+22	
2587	1.1246e+22	
2588	1.12311e+22	
2589	1.12152e+22	
2590	1.12033e+22	
2591	1.11955e+22	
2592	1.11892e+22	
2593	1.11815e+22	
2594	1.11663e+22	
2595	1.1154e+22	
2596	1.11465e+22	
2597	1.114e+22	
2598	1.11302e+22	
2599	1.11212e+22	
2600	1.1105e+22	
2601	1.10888e+22	
2602	1.1076e+22	
2603	1.10691e+22	
2604	1.10559e+22	
2605	1.10372e+22	
2606	1.10195e+22	
2607	1.10062e+22	
2608	1.09938e+22	
2609	1.09817e+22	
2610	1.09671e+22	
2611	1.09484e+22	
2612	1.09343e+22	
2613	1.09228e+22	
2614	1.09124e+22	
2615	1.09006e+22	
2616	1.08867e+22	
2617	1.08747e+22	
2618	1.08631e+22	
2619	1.08534e+22	
2620	1.08449e+22	
2621	1.08357e+22	
2622	1.08241e+22	
2623	1.08098e+22	
2624	1.07998e+22	
2625	1.07928e+22	
2626	1.07847e+22	
2627	1.0774e+22	
2628	1.07609e+22	
2629	1.07493e+22	
2630	1.07405e+22	
2631	1.07351e+22	
2632	1.07274e+22	
2633	1.07162e+22	
2634	1.0705e+22	
2635	1.06913e+22	
2636	1.06817e+22	
2637	1.06755e+22	
2638	1.06676e+22	
2639	1.06572e+22	
2640	1.06426e+22	
2641	1.06287e+22	
2642	1.06193e+22	
2643	1.061e+22	
2644	1.05988e+22	
2645	1.0589e+22	
2646	1.05787e+22	
2647	1.05666e+22	
2648	1.05574e+22	
2649	1.05501e+22	
2650	1.05424e+22	
2651	1.05336e+22	
2652	1.05243e+22	
2653	1.05153e+22	
2654	1.05086e+22	
2655	1.05023e+22	
2656	1.04962e+22	
2657	1.0488e+22	
2658	1.04766e+22	
2659	1.04685e+22	
2660	1.04601e+22	
2661	1.04548e+22	
2662	1.04465e+22	
2663	1.04388e+22	
2664	1.04298e+22	
2665	1.04235e+22	
2666	1.04162e+22	
2667	1.04064e+22	
2668	1.03981e+22	
2669	1.03895e+22	
2670	1.03815e+22	
2671	1.03738e+22	
2672	1.03656e+22	
2673	1.03591e+22	
2674	1.03531e+22	
2675	1.03422e+22	
2676	1.03331e+22	
2677	1.03267e+22	
2678	1.03213e+22	
2679	1.03158e+22	
2680	1.03085e+22	
2681	1.02998e+22	
2682	1.0289e+22	
2683	1.02809e+22	
2684	1.02752e+22	
2685	1.02696e+22	
2686	1.02646e+22	
2687	1.02565e+22	
2688	1.02438e+22	
2689	1.02299e+22	
2690	1.0217e+22	
2691	1.02059e+22	
2692	1.01993e+22	
2693	1.01915e+22	
2694	1.01804e+22	
2695	1.01657e+22	
2696	1.01534e+22	
2697	1.01415e+22	
2698	1.01326e+22	
2699	1.01222e+22	
2700	1.01123e+22	
2701	1.00988e+22	
2702	1.00912e+22	
2703	1.00843e+22	
2704	1.00788e+22	
2705	1.00705e+22	
2706	1.00629e+22	
2707	1.00532e+22	
2708	1.00458e+22	
2709	1.00406e+22	
2710	1.00356e+22	
2711	1.00307e+22	
2712	1.00229e+22	
2713	1.00148e+22	
2714	1.00063e+22	
2715	9.99896e+21	
2716	9.99101e+21	
2717	9.98535e+21	
2718	9.97644e+21	
2719	9.96649e+21	
2720	9.96087e+21	
2721	9.95361e+21	
2722	9.94469e+21	
2723	9.93406e+21	
2724	9.922e+21	
2725	9.91069e+21	
2726	9.89844e+21	
2727	9.89122e+21	
2728	9.88379e+21	
2729	9.87268e+21	
2730	9.85615e+21	
2731	9.84421e+21	
2732	9.83184e+21	
2733	9.82554e+21	
2734	9.81826e+21	
2735	9.81049e+21	
2736	9.8022e+21	
2737	9.79262e+21	
2738	9.7838e+21	
2739	9.77647e+21	
2740	9.7688e+21	
2741	9.76259e+21	
2742	9.75588e+21	
2743	9.7473e+21	
2744	9.73677e+21	
2745	9.72968e+21	
2746	9.72347e+21	
2747	9.7163e+21	
2748	9.70863e+21	
2749	9.70088e+21	
2750	9.6891e+21	
2751	9.68077e+21	
2752	9.67112e+21	
2753	9.66297e+21	
2754	9.6558e+21	
2755	9.64391e+21	
2756	9.62925e+21	
2757	9.61922e+21	
2758	9.6094e+21	
2759	9.60415e+21	
2760	9.59769e+21	
2761	9.59146e+21	
2762	9.57904e+21	
2763	9.56811e+21	
2764	9.55712e+21	
2765	9.54602e+21	
2766	9.53962e+21	
2767	9.53381e+21	
2768	9.52411e+21	
2769	9.5156e+21	
2770	9.50936e+21	
2771	9.50404e+21	
2772	9.49499e+21	
2773	9.48357e+21	
2774	9.47586e+21	
2775	9.46707e+21	
2776	9.46172e+21	
2777	9.45477e+21	
2778	9.44527e+21	
2779	9.43332e+21	
2780	9.42316e+21	
2781	9.41649e+21	
2782	9.41157e+21	
2783	9.40677e+21	
2784	9.39913e+21	
2785	9.38852e+21	
2786	9.37611e+21	
2787	9.36439e+21	
2788	9.35851e+21	
2789	9.35325e+21	
2790	9.3466e+21	
2791	9.33856e+21	
2792	9.33187e+21	
2793	9.32355e+21	
2794	9.31813e+21	
2795	9.3138e+21	
2796	9.3094e+21	
2797	9.3041e+21	
2798	9.29829e+21	
2799	9.29047e+21	
2800	9.28389e+21	
2801	9.27706e+21	
2802	9.27192e+21	
2803	9.26563e+21	
2804	9.25913e+21	
2805	9.25147e+21	
2806	9.24292e+21	
2807	9.23415e+21	
2808	9.2256e+21	
2809	9.2164e+21	
2810	9.20917e+21	
2811	9.20037e+21	
2812	9.19084e+21	
2813	9.18367e+21	
2814	9.17754e+21	
2815	9.17099e+21	
2816	9.16377e+21	
2817	9.15598e+21	
2818	9.14935e+21	
2819	9.1434e+21	
2820	9.13949e+21	
2821	9.13496e+21	
2822	9.12906e+21	
2823	9.1196e+21	
2824	9.11103e+21	
2825	9.10593e+21	
2826	9.1008e+21	
2827	9.0957e+21	
2828	9.08929e+21	
2829	9.08119e+21	
2830	9.07415e+21	
2831	9.06875e+21	
2832	9.06261e+21	
2833	9.05179e+21	
2834	9.0436e+21	
2835	9.03464e+21	
2836	9.02856e+21	
2837	9.02274e+21	
2838	9.01805e+21	
2839	9.00802e+21	
2840	8.99983e+21	
2841	8.98859e+21	
2842	8.98173e+21	
2843	8.97548e+21	
2844	8.97022e+21	
2845	8.9621e+21	
2846	8.94985e+21	
2847	8.93823e+21	
2848	8.92988e+21	
2849	8.9232e+21	
2850	8.91976e+21	
2851	8.91546e+21	
2852	8.90901e+21	
2853	8.89974e+21	
2854	8.8909e+21	
2855	8.88261e+21	
2856	8.87697e+21	
2857	8.87075e+21	
2858	8.86353e+21	
2859	8.85419e+21	
2860	8.84703e+21	
2861	8.83766e+21	
2862	8.83093e+21	
2863	8.82618e+21	
2864	8.82076e+21	
2865	8.81363e+21	
2866	8.8062e+21	
2867	8.79427e+21	
2868	8.7856e+21	
2869	8.77937e+21	
2870	8.77131e+21	
2871	8.763e+21	
2872	8.75547e+21	
2873	8.74498e+21	
2874	8.73625e+21	
2875	8.72801e+21	
2876	8.71983e+21	
2877	8.71428e+21	
2878	8.70712e+21	
2879	8.69758e+21	
2880	8.68771e+21	
2881	8.67779e+21	
2882	8.6688e+21	
2883	8.66209e+21	
2884	8.65554e+21	
2885	8.64815e+21	
2886	8.63928e+21	
2887	8.62921e+21	
2888	8.62068e+21	
2889	8.61211e+21	
2890	8.60593e+21	
2891	8.59947e+21	
2892	8.58898e+21	
2893	8.5804e+21	
2894	8.56995e+21	
2895	8.56251e+21	
2896	8.55595e+21	
2897	8.55118e+21	
2898	8.54425e+21	
2899	8.53736e+21	
2900	8.52739e+21	
2901	8.51969e+21	
2902	8.51243e+21	
2903	8.5062e+21	
2904	8.50058e+21	
2905	8.49526e+21	
2906	8.48651e+21	
2907	8.47519e+21	
2908	8.46839e+21	
2909	8.46257e+21	
2910	8.4545e+21	
2911	8.44621e+21	
2912	8.43925e+21	
2913	8.42816e+21	
2914	8.4201e+21	
2915	8.41272e+21	
2916	8.40607e+21	
2917	8.39969e+21	
2918	8.39077e+21	
2919	8.38319e+21	
2920	8.37452e+21	
2921	8.36731e+21	
2922	8.3613e+21	
2923	8.35549e+21	
2924	8.3488e+21	
2925	8.34009e+21	
2926	8.33047e+21	
2927	8.32262e+21	
2928	8.31616e+21	
2929	8.31033e+21	
2930	8.30608e+21	
2931	8.3008e+21	
2932	8.29321e+21	
2933	8.28559e+21	
2934	8.27811e+21	
2935	8.27094e+21	
2936	8.26413e+21	
2937	8.25831e+21	
2938	8.25143e+21	
2939	8.24483e+21	
2940	8.23513e+21	
2941	8.22317e+21	
2942	8.21515e+21	
2943	8.20621e+21	
2944	8.19913e+21	
2945	8.19096e+21	
2946	8.18382e+21	
2947	8.17575e+21	
2948	8.16797e+21	
2949	8.15829e+21	
2950	8.1515e+21	
2951	8.14572e+21	
2952	8.1414e+21	
2953	8.13691e+21	
2954	8.12964e+21	
2955	8.12178e+21	
2956	8.10942e+21	
2957	8.10346e+21	
2958	8.09907e+21	
2959	8.09506e+21	
2960	8.08937e+21	
2961	8.08302e+21	
2962	8.07389e+21	
2963	8.06445e+21	
2964	8.05536e+21	
2965	8.04805e+21	
2966	8.04149e+21	
2967	8.03602e+21	
2968	8.03058e+21	
2969	8.0173e+21	
2970	8.00561e+21	
2971	7.99682e+21	
2972	7.98949e+21	
2973	7.98618e+21	
2974	7.97915e+21	
2975	7.97186e+21	
2976	7.96328e+21	
2977	7.94913e+21	
2978	7.93766e+21	
2979	7.92897e+21	
2980	7.92242e+21	
2981	7.91652e+21	
2982	7.91071e+21	
2983	7.90131e+21	
2984	7.89322e+21	
2985	7.8877e+21	
2986	7.88195e+21	
2987	7.87627e+21	
2988	7.87073e+21	
2989	7.86529e+21	
2990	7.85745e+21	
2991	7.85271e+21	
2992	7.84488e+21	
2993	7.83768e+21	
2994	7.82929e+21	
2995	7.82123e+21	
2996	7.81338e+21	
2997	7.80753e+21	
2998	7.80123e+21	
2999	7.79584e+21	
3000	7.7873e+21	
3001	7.77983e+21	
3002	7.77249e+21	
3003	7.76472e+21	
3004	7.75691e+21	
3005	7.74951e+21	
3006	7.74196e+21	
3007	7.73708e+21	
3008	7.73104e+21	
3009	7.72458e+21	
3010	7.71557e+21	
3011	7.70652e+21	
3012	7.69884e+21	
3013	7.6913e+21	
3014	7.68731e+21	
3015	7.68245e+21	
3016	7.67759e+21	
3017	7.67093e+21	
3018	7.66344e+21	
3019	7.65502e+21	
3020	7.64842e+21	
3021	7.64266e+21	
3022	7.63862e+21	
3023	7.63114e+21	
3024	7.62419e+21	
3025	7.61612e+21	
3026	7.60896e+21	
3027	7.60384e+21	
3028	7.59901e+21	
3029	7.59397e+21	
3030	7.5902e+21	
3031	7.58517e+21	
3032	7.57567e+21	
3033	7.56626e+21	
3034	7.5608e+21	
3035	7.55705e+21	
3036	7.55323e+21	
3037	7.54746e+21	
3038	7.53872e+21	
3039	7.52991e+21	
3040	7.52015e+21	
3041	7.51468e+21	
3042	7.50875e+21	
3043	7.50377e+21	
3044	7.49645e+21	
3045	7.48977e+21	
3046	7.48282e+21	
3047	7.47722e+21	
3048	7.47002e+21	
3049	7.46518e+21	
3050	7.4607e+21	
3051	7.45532e+21	
3052	7.45189e+21	
3053	7.44523e+21	
3054	7.43516e+21	
3055	7.42643e+21	
3056	7.41999e+21	
3057	7.41522e+21	
3058	7.41024e+21	
3059	7.40609e+21	
3060	7.39789e+21	
3061	7.38768e+21	
3062	7.37234e+21	
3063	7.36401e+21	
3064	7.35747e+21	
3065	7.35191e+21	
3066	7.34408e+21	
3067	7.33536e+21	
3068	7.3247e+21	
3069	7.31239e+21	
3070	7.30541e+21	
3071	7.30111e+21	
3072	7.29471e+21	
3073	7.28936e+21	
3074	7.28411e+21	
3075	7.27579e+21	
3076	7.26962e+21	
3077	7.26378e+21	
3078	7.25921e+21	
3079	7.2548e+21	
3080	7.25131e+21	
3081	7.24746e+21	
3082	7.24296e+21	
3083	7.23733e+21	
3084	7.23042e+21	
3085	7.22345e+21	
3086	7.2183e+21	
3087	7.21346e+21	
3088	7.20828e+21	
3089	7.20393e+21	
3090	7.19686e+21	
3091	7.1887e+21	
3092	7.18148e+21	
3093	7.1763e+21	
3094	7.17211e+21	
3095	7.16733e+21	
3096	7.16256e+21	
3097	7.15604e+21	
3098	7.1508e+21	
3099	7.14392e+21	
3100	7.13703e+21	
3101	7.13023e+21	
3102	7.12275e+21	
3103	7.11752e+21	
3104	7.11347e+21	
3105	7.10876e+21	
3106	7.10473e+21	
3107	7.10017e+21	
3108	7.09231e+21	
3109	7.08726e+21	
3110	7.0829e+21	
3111	7.07855e+21	
3112	7.07541e+21	
3113	7.07086e+21	
3114	7.06559e+21	
3115	7.0594e+21	
3116	7.05269e+21	
3117	7.04691e+21	
3118	7.04111e+21	
3119	7.03589e+21	
3120	7.03103e+21	
3121	7.02496e+21	
3122	7.01798e+21	
3123	7.01016e+21	
3124	6.99712e+21	
3125	6.99168e+21	
3126	6.98709e+21	
3127	6.98377e+21	
3128	6.97937e+21	
3129	6.97427e+21	
3130	6.96841e+21	
3131	6.96197e+21	
3132	6.95451e+21	
3133	6.94911e+21	
3134	6.94259e+21	
3135	6.93936e+21	
3136	6.93547e+21	
3137	6.92999e+21	
3138	6.92347e+21	
3139	6.91409e+21	
3140	6.90795e+21	
3141	6.90307e+21	
3142	6.89831e+21	
3143	6.89467e+21	
3144	6.88962e+21	
3145	6.88323e+21	
3146	6.87465e+21	
3147	6.8683e+21	
3148	6.86094e+21	
3149	6.85579e+21	
3150	6.84841e+21	
3151	6.84242e+21	
3152	6.83817e+21	
3153	6.83172e+21	
3154	6.82423e+21	
3155	6.81582e+21	
3156	6.81018e+21	
3157	6.80547e+21	
3158	6.80254e+21	
3159	6.79818e+21	
3160	6.79435e+21	
3161	6.79001e+21	
3162	6.78416e+21	
3163	6.77873e+21	
3164	6.76874e+21	
3165	6.76233e+21	
3166	6.75665e+21	
3167	6.75235e+21	
3168	6.74581e+21	
3169	6.74176e+21	
3170	6.73626e+21	
3171	6.72513e+21	
3172	6.71736e+21	
3173	6.70914e+21	
3174	6.70103e+21	
3175	6.69623e+21	
3176	6.6904e+21	
3177	6.68329e+21	
3178	6.67529e+21	
3179	6.66697e+21	
3180	6.6593e+21	
3181	6.65278e+21	
3182	6.64621e+21	
3183	6.64061e+21	
3184	6.63588e+21	
3185	6.63137e+21	
3186	6.62095e+21	
3187	6.61232e+21	
3188	6.60405e+21	
3189	6.5971e+21	
3190	6.59138e+21	
3191	6.58726e+21	
3192	6.58199e+21	
3193	6.57605e+21	
3194	6.56917e+21	
3195	6.56136e+21	
3196	6.55496e+21	
3197	6.55016e+21	
3198	6.54573e+21	
3199	6.53958e+21	
3200	6.53483e+21	
3201	6.52924e+21	
3202	6.52193e+21	
3203	6.51444e+21	
3204	6.50617e+21	
3205	6.50238e+21	
3206	6.4974e+21	
3207	6.48993e+21	
3208	6.48158e+21	
3209	6.47528e+21	
3210	6.46718e+21	
3211	6.46174e+21	
3212	6.45531e+21	
3213	6.45007e+21	
3214	6.44605e+21	
3215	6.44107e+21	
3216	6.43306e+21	
3217	6.42762e+21	
3218	6.42162e+21	
3219	6.4161e+21	
3220	6.41097e+21	
3221	6.40586e+21	
3222	6.39911e+21	
3223	6.39407e+21	
3224	6.38673e+21	
3225	6.38038e+21	
3226	6.37501e+21	
3227	6.3689e+21	
3228	6.36304e+21	
3229	6.35911e+21	
3230	6.35358e+21	
3231	6.34912e+21	
3232	6.34232e+21	
3233	6.3339e+21	
3234	6.32678e+21	
3235	6.31993e+21	
3236	6.31415e+21	
3237	6.30828e+21	
3238	6.30517e+21	
3239	6.30133e+21	
3240	6.29679e+21	
3241	6.29165e+21	
3242	6.28577e+21	
3243	6.2803e+21	
3244	6.2757e+21	
3245	6.27166e+21	
3246	6.26801e+21	
3247	6.2637e+21	
3248	6.25887e+21	
3249	6.25209e+21	
3250	6.24683e+21	
3251	6.24209e+21	
3252	6.2377e+21	
3253	6.23435e+21	
3254	6.23025e+21	
3255	6.22587e+21	
3256	6.22003e+21	
3257	6.21528e+21	
3258	6.20941e+21	
3259	6.20361e+21	
3260	6.19977e+21	
3261	6.19581e+21	
3262	6.19229e+21	
3263	6.18838e+21	
3264	6.18319e+21	
3265	6.17695e+21	
3266	6.1724e+21	
3267	6.16633e+21	
3268	6.16278e+21	
3269	6.15854e+21	
3270	6.15312e+21	
3271	6.14963e+21	
3272	6.14495e+21	
3273	6.14122e+21	
3274	6.13548e+21	
3275	6.12937e+21	
3276	6.12524e+21	
3277	6.12087e+21	
3278	6.11743e+21	
3279	6.11382e+21	
3280	6.10893e+21	
3281	6.10395e+21	
3282	6.09853e+21	
3283	6.09352e+21	
3284	6.0888e+21	
3285	6.08368e+21	
3286	6.07871e+21	
3287	6.07473e+21	
3288	6.07007e+21	
3289	6.06479e+21	
3290	6.0563e+21	
3291	6.04998e+21	
3292	6.04385e+21	
3293	6.04061e+21	
3294	6.03778e+21	
3295	6.03256e+21	
3296	6.02743e+21	
3297	6.02192e+21	
3298	6.0157e+21	
3299	6.00998e+21	
3300	6.00491e+21	
3301	6.00138e+21	
3302	5.99824e+21	
3303	5.99367e+21	
3304	5.98742e+21	
3305	5.98195e+21	
3306	5.97509e+21	
3307	5.96904e+21	
3308	5.96364e+21	
3309	5.96028e+21	
3310	5.95599e+21	
3311	5.95147e+21	
3312	5.94618e+21	
3313	5.94073e+21	
3314	5.93557e+21	
3315	5.93192e+21	
3316	5.92774e+21	
3317	5.92447e+21	
3318	5.92209e+21	
3319	5.91839e+21	
3320	5.91384e+21	
3321	5.90904e+21	
3322	5.90503e+21	
3323	5.90237e+21	
3324	5.89944e+21	
3325	5.8954e+21	
3326	5.89186e+21	
3327	5.88857e+21	
3328	5.88527e+21	
3329	5.88055e+21	
3330	5.87625e+21	
3331	5.87193e+21	
3332	5.8673e+21	
3333	5.86249e+21	
3334	5.85737e+21	
3335	5.8518e+21	
3336	5.84573e+21	
3337	5.84146e+21	
3338	5.83498e+21	
3339	5.83061e+21	
3340	5.82396e+21	
3341	5.81578e+21	
3342	5.81175e+21	
3343	5.80716e+21	
3344	5.80085e+21	
3345	5.79508e+21	
3346	5.79003e+21	
3347	5.78469e+21	
3348	5.77979e+21	
3349	5.77598e+21	
3350	5.77118e+21	
3351	5.76738e+21	
3352	5.7626e+21	
3353	5.75952e+21	
3354	5.75623e+21	
3355	5.75214e+21	
3356	5.74891e+21	
3357	5.74476e+21	
3358	5.73938e+21	
3359	5.73632e+21	
3360	5.7322e+21	
3361	5.72929e+21	
3362	5.72489e+21	
3363	5.72171e+21	
3364	5.71554e+21	
3365	5.71021e+21	
3366	5.70519e+21	
3367	5.69993e+21	
3368	5.6964e+21	
3369	5.69165e+21	
3370	5.6869e+21	
3371	5.68045e+21	
3372	5.6742e+21	
3373	5.66496e+21	
3374	5.65767e+21	
3375	5.65339e+21	
3376	5.64939e+21	
3377	5.64581e+21	
3378	5.64247e+21	
3379	5.63786e+21	
3380	5.63257e+21	
3381	5.62839e+21	
3382	5.61922e+21	
3383	5.6166e+21	
3384	5.61282e+21	
3385	5.61023e+21	
3386	5.60726e+21	
3387	5.60208e+21	
3388	5.59817e+21	
3389	5.59298e+21	
3390	5.58765e+21	
3391	5.5841e+21	
3392	5.58141e+21	
3393	5.57792e+21	
3394	5.57456e+21	
3395	5.57156e+21	
3396	5.56736e+21	
3397	5.56309e+21	
3398	5.55846e+21	
3399	5.55313e+21	
3400	5.54872e+21	
3401	5.54391e+21	
3402	5.53994e+21	
3403	5.53663e+21	
3404	5.53376e+21	
3405	5.52843e+21	
3406	5.52125e+21	
3407	5.51474e+21	
3408	5.50981e+21	
3409	5.50533e+21	
3410	5.50174e+21	
3411	5.49737e+21	
3412	5.49215e+21	
3413	5.48804e+21	
3414	5.48256e+21	
3415	5.47778e+21	
3416	5.47261e+21	
3417	5.46866e+21	
3418	5.46453e+21	
3419	5.46111e+21	
3420	5.45701e+21	
3421	5.45231e+21	
3422	5.44864e+21	
3423	5.44375e+21	
3424	5.43949e+21	
3425	5.43536e+21	
3426	5.43133e+21	
3427	5.42707e+21	
3428	5.4234e+21	
3429	5.41851e+21	
3430	5.41241e+21	
3431	5.40662e+21	
3432	5.40165e+21	
3433	5.39658e+21	
3434	5.39252e+21	
3435	5.38928e+21	
3436	5.38608e+21	
3437	5.38315e+21	
3438	5.37994e+21	
3439	5.37536e+21	
3440	5.37114e+21	
3441	5.36681e+21	
3442	5.36116e+21	
3443	5.35525e+21	
3444	5.35146e+21	
3445	5.34738e+21	
3446	5.34396e+21	
3447	5.34061e+21	
3448	5.33287e+21	
3449	5.32634e+21	
3450	5.32038e+21	
3451	5.31197e+21	
3452	5.30677e+21	
3453	5.30103e+21	
3454	5.2965e+21	
3455	5.29286e+21	
3456	5.28617e+21	
3457	5.28218e+21	
3458	5.27789e+21	
3459	5.27368e+21	
3460	5.26868e+21	
3461	5.26276e+21	
3462	5.25716e+21	
3463	5.25264e+21	
3464	5.24777e+21	
3465	5.24223e+21	
3466	5.23689e+21	
3467	5.23122e+21	
3468	5.22609e+21	
3469	5.22191e+21	
3470	5.21718e+21	
3471	5.21367e+21	
3472	5.21092e+21	
3473	5.20648e+21	
3474	5.20253e+21	
3475	5.19891e+21	
3476	5.19503e+21	
3477	5.19032e+21	
3478	5.18671e+21	
3479	5.18314e+21	
3480	5.17817e+21	
3481	5.1749e+21	
3482	5.17072e+21	
3483	5.16623e+21	
3484	5.16007e+21	
3485	5.15311e+21	
3486	5.14462e+21	
3487	5.13809e+21	
3488	5.13096e+21	
3489	5.12426e+21	
3490	5.12114e+21	
3491	5.11752e+21	
3492	5.11426e+21	
3493	5.10769e+21	
3494	5.10228e+21	
3495	5.09606e+21	
3496	5.09074e+21	
3497	5.08663e+21	
3498	5.08248e+21	
3499	5.07867e+21	
3500	5.07364e+21	
3501	5.06471e+21	
3502	5.05895e+21	
3503	5.0549e+21	
3504	5.04941e+21	
3505	5.04603e+21	
3506	5.04171e+21	
3507	5.03816e+21	
3508	5.03489e+21	
3509	5.02989e+21	
3510	5.02247e+21	
3511	5.01579e+21	
3512	5.00854e+21	
3513	5.00219e+21	
3514	4.99731e+21	
3515	4.99313e+21	
3516	4.98898e+21	
3517	4.98591e+21	
3518	4.98096e+21	
3519	4.97772e+21	
3520	4.97372e+21	
3521	4.9701e+21	
3522	4.96508e+21	
3523	4.96076e+21	
3524	4.95754e+21	
3525	4.95279e+21	
3526	4.94782e+21	
3527	4.94257e+21	
3528	4.93802e+21	
3529	4.93371e+21	
3530	4.9284e+21	
3531	4.9246e+21	
3532	4.91915e+21	
3533	4.91361e+21	
3534	4.90896e+21	
3535	4.90441e+21	
3536	4.89959e+21	
3537	4.89613e+21	
3538	4.89125e+21	
3539	4.88765e+21	
3540	4.88351e+21	
3541	4.87988e+21	
3542	4.87402e+21	
3543	4.87009e+21	
3544	4.86629e+21	
3545	4.86243e+21	
3546	4.85936e+21	
3547	4.85546e+21	
3548	4.8513e+21	
3549	4.8476e+21	
3550	4.84439e+21	
3551	4.84132e+21	
3552	4.8379e+21	
3553	4.83492e+21	
3554	4.82989e+21	
3555	4.82568e+21	
3556	4.82237e+21	
3557	4.81905e+21	
3558	4.81616e+21	
3559	4.81252e+21	
3560	4.80985e+21	
3561	4.80618e+21	
3562	4.80265e+21	
3563	4.79847e+21	
3564	4.79323e+21	
3565	4.78937e+21	
3566	4.7858e+21	
3567	4.78211e+21	
3568	4.77821e+21	
3569	4.7729e+21	
3570	4.76846e+21	
3571	4.76391e+21	
3572	4.76086e+21	
3573	4.75766e+21	
3574	4.75453e+21	
3575	4.74987e+21	
3576	4.74661e+21	
3577	4.74223e+21	
3578	4.73764e+21	
3579	4.73308e+21	
3580	4.72858e+21	
3581	4.72481e+21	
3582	4.72014e+21	
3583	4.7147e+21	
3584	4.71237e+21	
3585	4.70955e+21	
3586	4.70636e+21	
3587	4.70228e+21	
3588	4.69803e+21	
3589	4.69351e+21	
3590	4.68977e+21	
3591	4.68586e+21	
3592	4.68187e+21	
3593	4.67921e+21	
3594	4.67642e+21	
3595	4.67252e+21	
3596	4.66863e+21	
3597	4.6624e+21	
3598	4.65901e+21	
3599	4.65523e+21	
3600	4.65178e+21	
3601	4.64927e+21	
3602	4.6464e+21	
3603	4.64413e+21	
3604	4.64116e+21	
3605	4.63822e+21	
3606	4.6351e+21	
3607	4.63191e+21	
3608	4.62818e+21	
3609	4.6256e+21	
3610	4.6231e+21	
3611	4.62039e+21	
3612	4.61734e+21	
3613	4.61352e+21	
3614	4.60996e+21	
3615	4.60633e+21	
3616	4.60262e+21	
3617	4.59866e+21	
3618	4.5951e+21	
3619	4.59252e+21	
3620	4.59007e+21	
3621	4.58582e+21	
3622	4.58295e+21	
3623	4.57983e+21	
3624	4.57655e+21	
3625	4.57375e+21	
3626	4.57048e+21	
3627	4.56776e+21	
3628	4.56515e+21	
3629	4.56258e+21	
3630	4.55971e+21	
3631	4.5571e+21	
3632	4.55471e+21	
3633	4.55209e+21	
3634	4.55008e+21	
3635	4.54692e+21	
3636	4.54311e+21	
3637	4.54011e+21	
3638	4.53764e+21	
3639	4.53487e+21	
3640	4.5321e+21	
3641	4.52827e+21	
3642	4.52363e+21	
3643	4.51925e+21	
3644	4.5173e+21	
3645	4.51466e+21	
3646	4.51179e+21	
3647	4.5083e+21	
3648	4.50541e+21	
3649	4.50217e+21	
3650	4.49774e+21	
3651	4.49458e+21	
3652	4.49057e+21	
3653	4.48742e+21	
3654	4.485e+21	
3655	4.4822e+21	
3656	4.47994e+21	
3657	4.47791e+21	
3658	4.47573e+21	
3659	4.47313e+21	
3660	4.47109e+21	
3661	4.46865e+21	
3662	4.46617e+21	
3663	4.46401e+21	
3664	4.46164e+21	
3665	4.45905e+21	
3666	4.45653e+21	
3667	4.4535e+21	
3668	4.45041e+21	
3669	4.44645e+21	
3670	4.44393e+21	
3671	4.44032e+21	
3672	4.43775e+21	
3673	4.43591e+21	
3674	4.43352e+21	
3675	4.43073e+21	
3676	4.42671e+21	
3677	4.42377e+21	
3678	4.41991e+21	
3679	4.41602e+21	
3680	4.41287e+21	
3681	4.40914e+21	
3682	4.407e+21	
3683	4.40497e+21	
3684	4.40304e+21	
3685	4.40094e+21	
3686	4.3983e+21	
3687	4.39496e+21	
3688	4.39267e+21	
3689	4.39064e+21	
3690	4.38796e+21	
3691	4.38582e+21	
3692	4.38434e+21	
3693	4.38279e+21	
3694	4.38131e+21	
3695	4.37899e+21	
3696	4.37625e+21	
3697	4.37373e+21	
3698	4.37195e+21	
3699	4.36803e+21	
3700	4.36604e+21	
3701	4.36391e+21	
3702	4.3617e+21	
3703	4.359e+21	
3704	4.35594e+21	
3705	4.35162e+21	
3706	4.3486e+21	
3707	4.34566e+21	
3708	4.34195e+21	
3709	4.33911e+21	
3710	4.33543e+21	
3711	4.3316e+21	
3712	4.32816e+21	
3713	4.32414e+21	
3714	4.31959e+21	
3715	4.31608e+21	
3716	4.31234e+21	
3717	4.31044e+21	
3718	4.30828e+21	
3719	4.30605e+21	
3720	4.30403e+21	
3721	4.30171e+21	
3722	4.29835e+21	
3723	4.29596e+21	
3724	4.29272e+21	
3725	4.29021e+21	
3726	4.28747e+21	
3727	4.28548e+21	
3728	4.28313e+21	
3729	4.28029e+21	
3730	4.27791e+21	
3731	4.27492e+21	
3732	4.27167e+21	
3733	4.26846e+21	
3734	4.26505e+21	
3735	4.26176e+21	
3736	4.25891e+21	
3737	4.25686e+21	
3738	4.25458e+21	
3739	4.25233e+21	
3740	4.24844e+21	
3741	4.24566e+21	
3742	4.24353e+21	
3743	4.24095e+21	
3744	4.23811e+21	
3745	4.23541e+21	
3746	4.23322e+21	
3747	4.23036e+21	
3748	4.22654e+21	
3749	4.22223e+21	
3750	4.21762e+21	
3751	4.21533e+21	
3752	4.21319e+21	
3753	4.21143e+21	
3754	4.20924e+21	
3755	4.20668e+21	
3756	4.20417e+21	
3757	4.2009e+21	
3758	4.19777e+21	
3759	4.19564e+21	
3760	4.19345e+21	
3761	4.19141e+21	
3762	4.18908e+21	
3763	4.18643e+21	
3764	4.18435e+21	
3765	4.18235e+21	
3766	4.17975e+21	
3767	4.17772e+21	
3768	4.17573e+21	
3769	4.17296e+21	
3770	4.17053e+21	
3771	4.16794e+21	
3772	4.16508e+21	
3773	4.163e+21	
3774	4.16058e+21	
3775	4.15775e+21	
3776	4.15441e+21	
3777	4.15206e+21	
3778	4.14875e+21	
3779	4.14665e+21	
3780	4.1447e+21	
3781	4.14292e+21	
3782	4.14123e+21	
3783	4.13897e+21	
3784	4.13581e+21	
3785	4.13311e+21	
3786	4.13103e+21	
3787	4.12948e+21	
3788	4.12751e+21	
3789	4.12616e+21	
3790	4.12443e+21	
3791	4.12245e+21	
3792	4.12001e+21	
3793	4.11562e+21	
3794	4.11146e+21	
3795	4.10802e+21	
3796	4.10612e+21	
3797	4.10465e+21	
3798	4.10292e+21	
3799	4.10151e+21	
3800	4.10001e+21	
3801	4.0984e+21	
3802	4.09681e+21	
3803	4.09375e+21	
3804	4.08996e+21	
3805	4.08775e+21	
3806	4.08606e+21	
3807	4.08394e+21	
3808	4.08252e+21	
3809	4.08067e+21	
3810	4.0787e+21	
3811	4.07671e+21	
3812	4.07432e+21	
3813	4.07205e+21	
3814	4.07059e+21	
3815	4.06872e+21	
3816	4.06649e+21	
3817	4.06436e+21	
3818	4.06118e+21	
3819	4.05805e+21	
3820	4.0547e+21	
3821	4.05224e+21	
3822	4.04998e+21	
3823	4.0473e+21	
3824	4.04479e+21	
3825	4.04249e+21	
3826	4.04003e+21	
3827	4.037e+21	
3828	4.03326e+21	
3829	4.02964e+21	
3830	4.02752e+21	
3831	4.02408e+21	
3832	4.02071e+21	
3833	4.01864e+21	
3834	4.01715e+21	
3835	4.01504e+21	
3836	4.01287e+21	
3837	4.00963e+21	
3838	4.00571e+21	
3839	4.00319e+21	
3840	4.00187e+21	
3841	4.00032e+21	
3842	3.99857e+21	
3843	3.99758e+21	
3844	3.99618e+21	
3845	3.99441e+21	
3846	3.99239e+21	
3847	3.99034e+21	
3848	3.98777e+21	
3849	3.98524e+21	
3850	3.98336e+21	
3851	3.98206e+21	
3852	3.98054e+21	
3853	3.97829e+21	
3854	3.97642e+21	
3855	3.97449e+21	
3856	3.97273e+21	
3857	3.97061e+21	
3858	3.96724e+21	
3859	3.96415e+21	
3860	3.96238e+21	
3861	3.95977e+21	
3862	3.95595e+21	
3863	3.95169e+21	
3864	3.94833e+21	
3865	3.94509e+21	
3866	3.94146e+21	
3867	3.93854e+21	
3868	3.93469e+21	
3869	3.93253e+21	
3870	3.92995e+21	
3871	3.92739e+21	
3872	3.92513e+21	
3873	3.92242e+21	
3874	3.9183e+21	
3875	3.91398e+21	
3876	3.91053e+21	
3877	3.90764e+21	
3878	3.90456e+21	
3879	3.9016e+21	
3880	3.89797e+21	
3881	3.89548e+21	
3882	3.89249e+21	
3883	3.88775e+21	
3884	3.88302e+21	
3885	3.87933e+21	
3886	3.87661e+21	
3887	3.87319e+21	
3888	3.8707e+21	
3889	3.8688e+21	
3890	3.86673e+21	
3891	3.86252e+21	
3892	3.85836e+21	
3893	3.85532e+21	
3894	3.85332e+21	
3895	3.85105e+21	
3896	3.84914e+21	
3897	3.84595e+21	
3898	3.84415e+21	
3899	3.84143e+21	
3900	3.83821e+21	
3901	3.83418e+21	
3902	3.83014e+21	
3903	3.82723e+21	
3904	3.82453e+21	
3905	3.8217e+21	
3906	3.81867e+21	
3907	3.81546e+21	
3908	3.81242e+21	
3909	3.80962e+21	
3910	3.8061e+21	
3911	3.80235e+21	
3912	3.7988e+21	
3913	3.79517e+21	
3914	3.79231e+21	
3915	3.78934e+21	
3916	3.78577e+21	
3917	3.78139e+21	
3918	3.77876e+21	
3919	3.77547e+21	
3920	3.7717e+21	
3921	3.76901e+21	
3922	3.76709e+21	
3923	3.76468e+21	
3924	3.76243e+21	
3925	3.75995e+21	
3926	3.75738e+21	
3927	3.75532e+21	
3928	3.75224e+21	
3929	3.74958e+21	
3930	3.74692e+21	
3931	3.74481e+21	
3932	3.74306e+21	
3933	3.74115e+21	
3934	3.73951e+21	
3935	3.73751e+21	
3936	3.73545e+21	
3937	3.73342e+21	
3938	3.73149e+21	
3939	3.72966e+21	
3940	3.72781e+21	
3941	3.72643e+21	
3942	3.72472e+21	
3943	3.72271e+21	
3944	3.72035e+21	
3945	3.71744e+21	
3946	3.71375e+21	
3947	3.7111e+21	
3948	3.70935e+21	
3949	3.7072e+21	
3950	3.705e+21	
3951	3.70232e+21	
3952	3.69981e+21	
3953	3.69725e+21	
3954	3.69441e+21	
3955	3.691e+21	
3956	3.68842e+21	
3957	3.68595e+21	
3958	3.68423e+21	
3959	3.68182e+21	
3960	3.67953e+21	
3961	3.67698e+21	
3962	3.67509e+21	
3963	3.67378e+21	
3964	3.67213e+21	
3965	3.67068e+21	
3966	3.66921e+21	
3967	3.66796e+21	
3968	3.66658e+21	
3969	3.66527e+21	
3970	3.66383e+21	
3971	3.66192e+21	
3972	3.65959e+21	
3973	3.65688e+21	
3974	3.65517e+21	
3975	3.65272e+21	
3976	3.6513e+21	
3977	3.6499e+21	
3978	3.64806e+21	
3979	3.64614e+21	
3980	3.64432e+21	
3981	3.64218e+21	
3982	3.63957e+21	
3983	3.63804e+21	
3984	3.63617e+21	
3985	3.63359e+21	
3986	3.63082e+21	
3987	3.6286e+21	
3988	3.62625e+21	
3989	3.62218e+21	
3990	3.61937e+21	
3991	3.61549e+21	
3992	3.61228e+21	
3993	3.60868e+21	
3994	3.60625e+21	
3995	3.60438e+21	
3996	3.60271e+21	
3997	3.60147e+21	
3998	3.59993e+21	
3999	3.59864e+21	
4000	3.59684e+21	
4001	3.59404e+21	
4002	3.5919e+21	
4003	3.59068e+21	
4004	3.58866e+21	
4005	3.58629e+21	
4006	3.58372e+21	
4007	3.58159e+21	
4008	3.57999e+21	
4009	3.57663e+21	
4010	3.57371e+21	
4011	3.57149e+21	
4012	3.56991e+21	
4013	3.56762e+21	
4014	3.56509e+21	
4015	3.5621e+21	
4016	3.55927e+21	
4017	3.55702e+21	
4018	3.5533e+21	
4019	3.54992e+21	
4020	3.5475e+21	
4021	3.54606e+21	
4022	3.54436e+21	
4023	3.54228e+21	
4024	3.53891e+21	
4025	3.5355e+21	
4026	3.53327e+21	
4027	3.52927e+21	
4028	3.52692e+21	
4029	3.52486e+21	
4030	3.52297e+21	
4031	3.52126e+21	
4032	3.51904e+21	
4033	3.51715e+21	
4034	3.51609e+21	
4035	3.5141e+21	
4036	3.51204e+21	
4037	3.50983e+21	
4038	3.50692e+21	
4039	3.50407e+21	
4040	3.50147e+21	
4041	3.49899e+21	
4042	3.4969e+21	
4043	3.49465e+21	
4044	3.49229e+21	
4045	3.49006e+21	
4046	3.48738e+21	
4047	3.48464e+21	
4048	3.48255e+21	
4049	3.48059e+21	
4050	3.47897e+21	
4051	3.47709e+21	
4052	3.47508e+21	
4053	3.47244e+21	
4054	3.46887e+21	
4055	3.46582e+21	
4056	3.46411e+21	
4057	3.46239e+21	
4058	3.46036e+21	
4059	3.45849e+21	
4060	3.45726e+21	
4061	3.45538e+21	
4062	3.45295e+21	
4063	3.45107e+21	
4064	3.44865e+21	
4065	3.44671e+21	
4066	3.44506e+21	
4067	3.44325e+21	
4068	3.44123e+21	
4069	3.43845e+21	
4070	3.43679e+21	
4071	3.43427e+21	
4072	3.43093e+21	
4073	3.42784e+21	
4074	3.42463e+21	
4075	3.42133e+21	
4076	3.41813e+21	
4077	3.41589e+21	
4078	3.41332e+21	
4079	3.41092e+21	
4080	3.40857e+21	
4081	3.40558e+21	
4082	3.4033e+21	
4083	3.40095e+21	
4084	3.39843e+21	
4085	3.39696e+21	
4086	3.39584e+21	
4087	3.39357e+21	
4088	3.39197e+21	
4089	3.38979e+21	
4090	3.38791e+21	
4091	3.38621e+21	
4092	3.38449e+21	
4093	3.38317e+21	
4094	3.38164e+21	
4095	3.37946e+21	
4096	3.378e+21	
4097	3.37559e+21	
4098	3.37319e+21	
4099	3.37003e+21	
4100	3.36662e+21	
4101	3.36421e+21	
4102	3.36178e+21	
4103	3.35934e+21	
4104	3.35755e+21	
4105	3.35617e+21	
4106	3.35443e+21	
4107	3.35166e+21	
4108	3.3479e+21	
4109	3.34562e+21	
4110	3.34318e+21	
4111	3.34061e+21	
4112	3.33755e+21	
4113	3.33447e+21	
4114	3.3327e+21	
4115	3.33163e+21	
4116	3.33068e+21	
4117	3.3292e+21	
4118	3.32778e+21	
4119	3.32624e+21	
4120	3.32432e+21	
4121	3.32111e+21	
4122	3.31814e+21	
4123	3.31615e+21	
4124	3.31438e+21	
4125	3.31234e+21	
4126	3.3108e+21	
4127	3.30914e+21	
4128	3.30747e+21	
4129	3.30572e+21	
4130	3.30271e+21	
4131	3.29994e+21	
4132	3.29723e+21	
4133	3.29508e+21	
4134	3.29218e+21	
4135	3.28989e+21	
4136	3.28712e+21	
4137	3.28409e+21	
4138	3.28207e+21	
4139	3.2797e+21	
4140	3.27718e+21	
4141	3.2751e+21	
4142	3.27336e+21	
4143	3.27109e+21	
4144	3.26899e+21	
4145	3.26679e+21	
4146	3.26469e+21	
4147	3.26261e+21	
4148	3.2606e+21	
4149	3.25915e+21	
4150	3.25704e+21	
4151	3.2549e+21	
4152	3.25314e+21	
4153	3.25111e+21	
4154	3.24972e+21	
4155	3.24753e+21	
4156	3.24401e+21	
4157	3.23909e+21	
4158	3.23558e+21	
4159	3.23179e+21	
4160	3.22923e+21	
4161	3.22653e+21	
4162	3.22416e+21	
4163	3.22241e+21	
4164	3.22062e+21	
4165	3.21819e+21	
4166	3.21529e+21	
4167	3.21289e+21	
4168	3.21072e+21	
4169	3.2089e+21	
4170	3.20757e+21	
4171	3.20629e+21	
4172	3.20503e+21	
4173	3.20378e+21	
4174	3.2021e+21	
4175	3.19995e+21	
4176	3.19768e+21	
4177	3.1954e+21	
4178	3.19302e+21	
4179	3.19106e+21	
4180	3.18905e+21	
4181	3.18745e+21	
4182	3.18616e+21	
4183	3.18456e+21	
4184	3.18319e+21	
4185	3.18144e+21	
4186	3.17866e+21	
4187	3.17637e+21	
4188	3.1737e+21	
4189	3.17071e+21	
4190	3.16765e+21	
4191	3.16521e+21	
4192	3.16317e+21	
4193	3.16146e+21	
4194	3.15975e+21	
4195	3.1572e+21	
4196	3.15479e+21	
4197	3.15276e+21	
4198	3.15092e+21	
4199	3.14934e+21	
4200	3.14783e+21	
4201	3.14615e+21	
4202	3.14432e+21	
4203	3.14205e+21	
4204	3.14021e+21	
4205	3.13735e+21	
4206	3.13491e+21	
4207	3.1328e+21	
4208	3.13073e+21	
4209	3.129e+21	
4210	3.12794e+21	
4211	3.12566e+21	
4212	3.1229e+21	
4213	3.12049e+21	
4214	3.118e+21	
4215	3.1153e+21	
4216	3.11253e+21	
4217	3.10952e+21	
4218	3.10751e+21	
4219	3.10622e+21	
4220	3.10475e+21	
4221	3.10241e+21	
4222	3.10094e+21	
4223	3.09954e+21	
4224	3.098e+21	
4225	3.0957e+21	
4226	3.09408e+21	
4227	3.09273e+21	
4228	3.0917e+21	
4229	3.0903e+21	
4230	3.08894e+21	
4231	3.08722e+21	
4232	3.08534e+21	
4233	3.08276e+21	
4234	3.07976e+21	
4235	3.07713e+21	
4236	3.07509e+21	
4237	3.07353e+21	
4238	3.07076e+21	
4239	3.06879e+21	
4240	3.06763e+21	
4241	3.06624e+21	
4242	3.06457e+21	
4243	3.06225e+21	
4244	3.06008e+21	
4245	3.05844e+21	
4246	3.05603e+21	
4247	3.05374e+21	
4248	3.05144e+21	
4249	3.04932e+21	
4250	3.04766e+21	
4251	3.04597e+21	
4252	3.04383e+21	
4253	3.04231e+21	
4254	3.04071e+21	
4255	3.03952e+21	
4256	3.03829e+21	
4257	3.03753e+21	
4258	3.0366e+21	
4259	3.0354e+21	
4260	3.03352e+21	
4261	3.03216e+21	
4262	3.0307e+21	
4263	3.02828e+21	
4264	3.02676e+21	
4265	3.02527e+21	
4266	3.02402e+21	
4267	3.02249e+21	
4268	3.02083e+21	
4269	3.01877e+21	
4270	3.01544e+21	
4271	3.01279e+21	
4272	3.01102e+21	
4273	3.00933e+21	
4274	3.00767e+21	
4275	3.00625e+21	
4276	3.0049e+21	
4277	3.00317e+21	
4278	3.00205e+21	
4279	3.00086e+21	
4280	2.99949e+21	
4281	2.99758e+21	
4282	2.99607e+21	
4283	2.99453e+21	
4284	2.99278e+21	
4285	2.99084e+21	
4286	2.98965e+21	
4287	2.98803e+21	
4288	2.98608e+21	
4289	2.98474e+21	
4290	2.98336e+21	
4291	2.98183e+21	
4292	2.98029e+21	
4293	2.9791e+21	
4294	2.97765e+21	
4295	2.97622e+21	
4296	2.97474e+21	
4297	2.97322e+21	
4298	2.97153e+21	
4299	2.96994e+21	
4300	2.96769e+21	
4301	2.96638e+21	
4302	2.96526e+21	
4303	2.9641e+21	
4304	2.96242e+21	
4305	2.96107e+21	
4306	2.95908e+21	
4307	2.9573e+21	
4308	2.95533e+21	
4309	2.95394e+21	
4310	2.95174e+21	
4311	2.9486e+21	
4312	2.94729e+21	
4313	2.94583e+21	
4314	2.94366e+21	
4315	2.94191e+21	
4316	2.9402e+21	
4317	2.93773e+21	
4318	2.93428e+21	
4319	2.93092e+21	
4320	2.92807e+21	
4321	2.92577e+21	
4322	2.92434e+21	
4323	2.92304e+21	
4324	2.9221e+21	
4325	2.92108e+21	
4326	2.91926e+21	
4327	2.9176e+21	
4328	2.91575e+21	
4329	2.91465e+21	
4330	2.91305e+21	
4331	2.91159e+21	
4332	2.91042e+21	
4333	2.90936e+21	
4334	2.90771e+21	
4335	2.90635e+21	
4336	2.90487e+21	
4337	2.90368e+21	
4338	2.90211e+21	
4339	2.90052e+21	
4340	2.89861e+21	
4341	2.89722e+21	
4342	2.89632e+21	
4343	2.89504e+21	
4344	2.89328e+21	
4345	2.89181e+21	
4346	2.89048e+21	
4347	2.88881e+21	
4348	2.88617e+21	
4349	2.88311e+21	
4350	2.8812e+21	
4351	2.87903e+21	
4352	2.87644e+21	
4353	2.87421e+21	
4354	2.87227e+21	
4355	2.87125e+21	
4356	2.86933e+21	
4357	2.86645e+21	
4358	2.86387e+21	
4359	2.86188e+21	
4360	2.85961e+21	
4361	2.85799e+21	
4362	2.85621e+21	
4363	2.85488e+21	
4364	2.85394e+21	
4365	2.85313e+21	
4366	2.85222e+21	
4367	2.85142e+21	
4368	2.84971e+21	
4369	2.84767e+21	
4370	2.84617e+21	
4371	2.84358e+21	
4372	2.84119e+21	
4373	2.83934e+21	
4374	2.83777e+21	
4375	2.83619e+21	
4376	2.83458e+21	
4377	2.83356e+21	
4378	2.83176e+21	
4379	2.83045e+21	
4380	2.82859e+21	
4381	2.82698e+21	
4382	2.82393e+21	
4383	2.82121e+21	
4384	2.81896e+21	
4385	2.81789e+21	
4386	2.8168e+21	
4387	2.81516e+21	
4388	2.81372e+21	
4389	2.81251e+21	
4390	2.81138e+21	
4391	2.80978e+21	
4392	2.80766e+21	
4393	2.80617e+21	
4394	2.80446e+21	
4395	2.80295e+21	
4396	2.80145e+21	
4397	2.80009e+21	
4398	2.79866e+21	
4399	2.79666e+21	
4400	2.79437e+21	
4401	2.79291e+21	
4402	2.79121e+21	
4403	2.78928e+21	
4404	2.78816e+21	
4405	2.78675e+21	
4406	2.7851e+21	
4407	2.78349e+21	
4408	2.78151e+21	
4409	2.7792e+21	
4410	2.7771e+21	
4411	2.77559e+21	
4412	2.77426e+21	
4413	2.77296e+21	
4414	2.77186e+21	
4415	2.771e+21	
4416	2.77016e+21	
4417	2.76921e+21	
4418	2.76791e+21	
4419	2.76669e+21	
4420	2.76548e+21	
4421	2.76396e+21	
4422	2.76266e+21	
4423	2.76119e+21	
4424	2.76019e+21	
4425	2.75922e+21	
4426	2.75813e+21	
4427	2.75606e+21	
4428	2.75424e+21	
4429	2.75164e+21	
4430	2.74911e+21	
4431	2.74647e+21	
4432	2.7437e+21	
4433	2.74113e+21	
4434	2.73963e+21	
4435	2.73807e+21	
4436	2.7361e+21	
4437	2.73417e+21	
4438	2.7321e+21	
4439	2.73028e+21	
4440	2.72767e+21	
4441	2.72603e+21	
4442	2.72455e+21	
4443	2.72202e+21	
4444	2.72012e+21	
4445	2.71821e+21	
4446	2.71718e+21	
4447	2.71602e+21	
4448	2.71486e+21	
4449	2.71361e+21	
4450	2.71202e+21	
4451	2.71038e+21	
4452	2.70923e+21	
4453	2.7084e+21	
4454	2.70624e+21	
4455	2.70459e+21	
4456	2.7033e+21	
4457	2.70232e+21	
4458	2.69979e+21	
4459	2.69882e+21	
4460	2.69795e+21	
4461	2.69682e+21	
4462	2.69474e+21	
4463	2.69274e+21	
4464	2.69076e+21	
4465	2.68923e+21	
4466	2.68726e+21	
4467	2.68451e+21	
4468	2.68267e+21	
4469	2.68158e+21	
4470	2.68033e+21	
4471	2.67878e+21	
4472	2.67738e+21	
4473	2.6761e+21	
4474	2.675e+21	
4475	2.67332e+21	
4476	2.67063e+21	
4477	2.66811e+21	
4478	2.66564e+21	
4479	2.66312e+21	
4480	2.66157e+21	
4481	2.66012e+21	
4482	2.659e+21	
4483	2.6581e+21	
4484	2.6572e+21	
4485	2.6555e+21	
4486	2.65353e+21	
4487	2.65124e+21	
4488	2.649e+21	
4489	2.64643e+21	
4490	2.64444e+21	
4491	2.64326e+21	
4492	2.64193e+21	
4493	2.64066e+21	
4494	2.63938e+21	
4495	2.63804e+21	
4496	2.63682e+21	
4497	2.63575e+21	
4498	2.63367e+21	
4499	2.6319e+21	
4500	2.63052e+21	
4501	2.62937e+21	
4502	2.62826e+21	
4503	2.62749e+21	
4504	2.62652e+21	
4505	2.62528e+21	
4506	2.62417e+21	
4507	2.62295e+21	
4508	2.62122e+21	
4509	2.61899e+21	
4510	2.61705e+21	
4511	2.61594e+21	
4512	2.61464e+21	
4513	2.61339e+21	
4514	2.61191e+21	
4515	2.61003e+21	
4516	2.60821e+21	
4517	2.6069e+21	
4518	2.60503e+21	
4519	2.60268e+21	
4520	2.59971e+21	
4521	2.59774e+21	
4522	2.59632e+21	
4523	2.59526e+21	
4524	2.59386e+21	
4525	2.59282e+21	
4526	2.59164e+21	
4527	2.59015e+21	
4528	2.58876e+21	
4529	2.5866e+21	
4530	2.58503e+21	
4531	2.58355e+21	
4532	2.58225e+21	
4533	2.58115e+21	
4534	2.58045e+21	
4535	2.57967e+21	
4536	2.5788e+21	
4537	2.57784e+21	
4538	2.57632e+21	
4539	2.57459e+21	
4540	2.57331e+21	
4541	2.57198e+21	
4542	2.57023e+21	
4543	2.56806e+21	
4544	2.56611e+21	
4545	2.56479e+21	
4546	2.56288e+21	
4547	2.5611e+21	
4548	2.55979e+21	
4549	2.55869e+21	
4550	2.557e+21	
4551	2.55453e+21	
4552	2.55306e+21	
4553	2.5514e+21	
4554	2.54839e+21	
4555	2.54619e+21	
4556	2.54385e+21	
4557	2.54231e+21	
4558	2.54052e+21	
4559	2.53951e+21	
4560	2.53883e+21	
4561	2.53803e+21	
4562	2.53728e+21	
4563	2.53645e+21	
4564	2.53442e+21	
4565	2.53292e+21	
4566	2.53176e+21	
4567	2.53053e+21	
4568	2.52973e+21	
4569	2.52825e+21	
4570	2.52697e+21	
4571	2.52589e+21	
4572	2.52509e+21	
4573	2.52411e+21	
4574	2.52276e+21	
4575	2.52097e+21	
4576	2.5187e+21	
4577	2.51596e+21	
4578	2.51396e+21	
4579	2.51269e+21	
4580	2.51122e+21	
4581	2.51023e+21	
4582	2.50945e+21	
4583	2.50893e+21	
4584	2.50757e+21	
4585	2.50618e+21	
4586	2.50472e+21	
4587	2.50376e+21	
4588	2.50286e+21	
4589	2.50122e+21	
4590	2.49943e+21	
4591	2.49831e+21	
4592	2.49737e+21	
4593	2.49637e+21	
4594	2.49549e+21	
4595	2.49379e+21	
4596	2.49219e+21	
4597	2.49094e+21	
4598	2.48931e+21	
4599	2.48756e+21	
4600	2.48655e+21	
4601	2.48547e+21	
4602	2.48454e+21	
4603	2.48383e+21	
4604	2.4827e+21	
4605	2.48137e+21	
4606	2.47948e+21	
4607	2.47752e+21	
4608	2.47387e+21	
4609	2.47003e+21	
4610	2.46757e+21	
4611	2.46589e+21	
4612	2.46477e+21	
4613	2.46333e+21	
4614	2.46212e+21	
4615	2.46145e+21	
4616	2.46071e+21	
4617	2.45992e+21	
4618	2.45886e+21	
4619	2.45717e+21	
4620	2.45559e+21	
4621	2.45313e+21	
4622	2.45134e+21	
4623	2.44939e+21	
4624	2.44857e+21	
4625	2.44707e+21	
4626	2.44553e+21	
4627	2.44306e+21	
4628	2.4411e+21	
4629	2.43831e+21	
4630	2.43555e+21	
4631	2.43315e+21	
4632	2.43112e+21	
4633	2.42885e+21	
4634	2.42608e+21	
4635	2.42392e+21	
4636	2.42271e+21	
4637	2.42143e+21	
4638	2.42042e+21	
4639	2.41983e+21	
4640	2.41835e+21	
4641	2.41619e+21	
4642	2.41517e+21	
4643	2.41381e+21	
4644	2.41146e+21	
4645	2.40888e+21	
4646	2.40761e+21	
4647	2.40642e+21	
4648	2.40533e+21	
4649	2.40413e+21	
4650	2.4034e+21	
4651	2.40243e+21	
4652	2.40132e+21	
4653	2.40022e+21	
4654	2.3989e+21	
4655	2.39704e+21	
4656	2.39476e+21	
4657	2.39326e+21	
4658	2.39055e+21	
4659	2.3869e+21	
4660	2.38516e+21	
4661	2.38362e+21	
4662	2.38179e+21	
4663	2.37933e+21	
4664	2.37777e+21	
4665	2.37546e+21	
4666	2.373e+21	
4667	2.37027e+21	
4668	2.36772e+21	
4669	2.36457e+21	
4670	2.36228e+21	
4671	2.36059e+21	
4672	2.3592e+21	
4673	2.35811e+21	
4674	2.35718e+21	
4675	2.35618e+21	
4676	2.35538e+21	
4677	2.35442e+21	
4678	2.35313e+21	
4679	2.35193e+21	
4680	2.35067e+21	
4681	2.34943e+21	
4682	2.34749e+21	
4683	2.34608e+21	
4684	2.34462e+21	
4685	2.34355e+21	
4686	2.34229e+21	
4687	2.34142e+21	
4688	2.34067e+21	
4689	2.3395e+21	
4690	2.33716e+21	
4691	2.3349e+21	
4692	2.33251e+21	
4693	2.32925e+21	
4694	2.32725e+21	
4695	2.32593e+21	
4696	2.32479e+21	
4697	2.32359e+21	
4698	2.32268e+21	
4699	2.32161e+21	
4700	2.32048e+21	
4701	2.31961e+21	
4702	2.31817e+21	
4703	2.31679e+21	
4704	2.31538e+21	
4705	2.31329e+21	
4706	2.31126e+21	
4707	2.3104e+21	
4708	2.30955e+21	
4709	2.30824e+21	
4710	2.3066e+21	
4711	2.30492e+21	
4712	2.30326e+21	
4713	2.3013e+21	
4714	2.29847e+21	
4715	2.29609e+21	
4716	2.29447e+21	
4717	2.29312e+21	
4718	2.29175e+21	
4719	2.29059e+21	
4720	2.28961e+21	
4721	2.28857e+21	
4722	2.28753e+21	
4723	2.28672e+21	
4724	2.28493e+21	
4725	2.28325e+21	
4726	2.28226e+21	
4727	2.28152e+21	
4728	2.28056e+21	
4729	2.27972e+21	
4730	2.27892e+21	
4731	2.27793e+21	
4732	2.27701e+21	
4733	2.27596e+21	
4734	2.27459e+21	
4735	2.27232e+21	
4736	2.26932e+21	
4737	2.26681e+21	
4738	2.26521e+21	
4739	2.26372e+21	
4740	2.26244e+21	
4741	2.26131e+21	
4742	2.26006e+21	
4743	2.2586e+21	
4744	2.25725e+21	
4745	2.25598e+21	
4746	2.25415e+21	
4747	2.25153e+21	
4748	2.24895e+21	
4749	2.24758e+21	
4750	2.24564e+21	
4751	2.24455e+21	
4752	2.24328e+21	
4753	2.24241e+21	
4754	2.2414e+21	
4755	2.24051e+21	
4756	2.23968e+21	
4757	2.23872e+21	
4758	2.23761e+21	
4759	2.2364e+21	
4760	2.23511e+21	
4761	2.2342e+21	
4762	2.23333e+21	
4763	2.23236e+21	
4764	2.23164e+21	
4765	2.231e+21	
4766	2.23018e+21	
4767	2.22845e+21	
4768	2.22561e+21	
4769	2.22244e+21	
4770	2.21906e+21	
4771	2.21723e+21	
4772	2.21565e+21	
4773	2.21404e+21	
4774	2.21249e+21	
4775	2.21146e+21	
4776	2.21065e+21	
4777	2.2096e+21	
4778	2.20838e+21	
4779	2.20651e+21	
4780	2.20421e+21	
4781	2.20232e+21	
4782	2.20062e+21	
4783	2.19936e+21	
4784	2.19813e+21	
4785	2.19726e+21	
4786	2.19648e+21	
4787	2.19571e+21	
4788	2.195e+21	
4789	2.19422e+21	
4790	2.1931e+21	
4791	2.19183e+21	
4792	2.1898e+21	
4793	2.18772e+21	
4794	2.18497e+21	
4795	2.18173e+21	
4796	2.18038e+21	
4797	2.17916e+21	
4798	2.17781e+21	
4799	2.17706e+21	
4800	2.1761e+21	
4801	2.17489e+21	
4802	2.17383e+21	
4803	2.17268e+21	
4804	2.17139e+21	
4805	2.17e+21	
4806	2.16934e+21	
4807	2.16819e+21	
4808	2.1667e+21	
4809	2.16548e+21	
4810	2.16467e+21	
4811	2.1637e+21	
4812	2.16246e+21	
4813	2.16117e+21	
4814	2.16003e+21	
4815	2.15926e+21	
4816	2.15818e+21	
4817	2.15735e+21	
4818	2.15628e+21	
4819	2.1549e+21	
4820	2.15349e+21	
4821	2.15162e+21	
4822	2.15002e+21	
4823	2.14822e+21	
4824	2.14614e+21	
4825	2.14411e+21	
4826	2.14284e+21	
4827	2.14199e+21	
4828	2.14146e+21	
4829	2.14055e+21	
4830	2.1397e+21	
4831	2.13891e+21	
4832	2.13789e+21	
4833	2.1371e+21	
4834	2.1363e+21	
4835	2.13521e+21	
4836	2.13428e+21	
4837	2.13331e+21	
4838	2.1325e+21	
4839	2.13184e+21	
4840	2.13115e+21	
4841	2.13037e+21	
4842	2.12958e+21	
4843	2.12849e+21	
4844	2.12652e+21	
4845	2.12374e+21	
4846	2.12126e+21	
4847	2.11957e+21	
4848	2.11861e+21	
4849	2.11719e+21	
4850	2.11617e+21	
4851	2.11508e+21	
4852	2.11345e+21	
4853	2.11234e+21	
4854	2.11099e+21	
4855	2.1095e+21	
4856	2.10799e+21	
4857	2.10639e+21	
4858	2.1032e+21	
4859	2.10156e+21	
4860	2.10015e+21	
4861	2.0993e+21	
4862	2.09864e+21	
4863	2.09822e+21	
4864	2.09773e+21	
4865	2.09692e+21	
4866	2.09628e+21	
4867	2.09492e+21	
4868	2.09374e+21	
4869	2.09267e+21	
4870	2.09156e+21	
4871	2.08997e+21	
4872	2.08852e+21	
4873	2.08724e+21	
4874	2.08554e+21	
4875	2.08442e+21	
4876	2.08325e+21	
4877	2.08201e+21	
4878	2.08058e+21	
4879	2.07942e+21	
4880	2.07841e+21	
4881	2.0771e+21	
4882	2.07606e+21	
4883	2.0748e+21	
4884	2.0734e+21	
4885	2.07237e+21	
4886	2.07053e+21	
4887	2.06864e+21	
4888	2.06759e+21	
4889	2.06663e+21	
4890	2.0657e+21	
4891	2.06494e+21	
4892	2.06416e+21	
4893	2.06371e+21	
4894	2.06308e+21	
4895	2.06217e+21	
4896	2.06069e+21	
4897	2.0586e+21	
4898	2.0568e+21	
4899	2.0554e+21	
4900	2.05437e+21	
4901	2.05278e+21	
4902	2.05131e+21	
4903	2.05054e+21	
4904	2.04967e+21	
4905	2.04885e+21	
4906	2.04772e+21	
4907	2.04632e+21	
4908	2.04384e+21	
4909	2.04205e+21	
4910	2.04088e+21	
4911	2.03991e+21	
4912	2.0391e+21	
4913	2.03805e+21	
4914	2.03728e+21	
4915	2.03652e+21	
4916	2.0356e+21	
4917	2.03498e+21	
4918	2.03413e+21	
4919	2.03287e+21	
4920	2.03158e+21	
4921	2.02971e+21	
4922	2.02732e+21	
4923	2.02612e+21	
4924	2.02485e+21	
4925	2.0234e+21	
4926	2.02217e+21	
4927	2.02126e+21	
4928	2.02003e+21	
4929	2.01785e+21	
4930	2.01607e+21	
4931	2.01438e+21	
4932	2.0122e+21	
4933	2.01068e+21	
4934	2.00944e+21	
4935	2.00859e+21	
4936	2.00763e+21	
4937	2.00686e+21	
4938	2.00613e+21	
4939	2.00561e+21	
4940	2.00475e+21	
4941	2.00381e+21	
4942	2.00275e+21	
4943	2.00156e+21	
4944	2.00009e+21	
4945	1.9984e+21	
4946	1.9972e+21	
4947	1.99624e+21	
4948	1.99559e+21	
4949	1.99471e+21	
4950	1.99406e+21	
4951	1.99331e+21	
4952	1.9925e+21	
4953	1.99078e+21	
4954	1.98919e+21	
4955	1.98705e+21	
4956	1.98554e+21	
4957	1.98408e+21	
4958	1.98161e+21	
4959	1.97964e+21	
4960	1.97821e+21	
4961	1.97678e+21	
4962	1.97547e+21	
4963	1.97396e+21	
4964	1.97188e+21	
4965	1.96972e+21	
4966	1.96711e+21	
4967	1.96548e+21	
4968	1.96444e+21	
4969	1.9635e+21	
4970	1.96243e+21	
4971	1.96142e+21	
4972	1.96052e+21	
4973	1.9597e+21	
4974	1.95905e+21	
4975	1.95832e+21	
4976	1.95761e+21	
4977	1.95693e+21	
4978	1.9563e+21	
4979	1.95514e+21	
4980	1.95377e+21	
4981	1.9526e+21	
4982	1.94996e+21	
4983	1.94857e+21	
4984	1.9467e+21	
4985	1.94445e+21	
4986	1.94253e+21	
4987	1.94043e+21	
4988	1.93916e+21	
4989	1.93796e+21	
4990	1.93713e+21	
4991	1.93622e+21	
4992	1.935e+21	
4993	1.93373e+21	
4994	1.93253e+21	
4995	1.93143e+21	
4996	1.93011e+21	
4997	1.92873e+21	
4998	1.92708e+21	
4999	1.92577e+21	
5000	1.924e+21	
# iterates cost: 406.611
