# Reading DATA...
# Reading Matrix Successfully!
BICG
0	3.96658e+34
1	3.60307e+33	
2	8.13661e+32	
3	2.84061e+32	
4	1.09595e+32	
5	5.63013e+31	
6	3.17353e+31	
7	1.74757e+31	
8	1.12009e+31	
9	7.17691e+30	
10	4.91016e+30	
11	3.72116e+30	
12	2.81758e+30	
13	2.14462e+30	
14	1.65042e+30	
15	1.28025e+30	
16	1.00155e+30	
17	8.05497e+29	
18	6.46126e+29	
19	5.458e+29	
20	4.60817e+29	
21	3.82172e+29	
22	3.21781e+29	
23	2.62569e+29	
24	2.16631e+29	
25	1.82326e+29	
26	1.55414e+29	
27	1.36056e+29	
28	1.17587e+29	
29	9.89535e+28	
30	8.73442e+28	
31	7.86692e+28	
32	7.0258e+28	
33	6.23977e+28	
34	5.55332e+28	
35	5.01419e+28	
36	4.37308e+28	
37	3.92962e+28	
38	3.44407e+28	
39	3.09577e+28	
40	2.78189e+28	
41	2.6339e+28	
42	2.35428e+28	
43	2.15566e+28	
44	1.93208e+28	
45	1.80293e+28	
46	1.61448e+28	
47	1.42593e+28	
48	1.43473e+28	
49	1.26417e+28	
50	1.14658e+28	
51	1.02968e+28	
52	9.40888e+27	
53	8.80657e+27	
54	8.15431e+27	
55	7.56776e+27	
56	6.9638e+27	
57	6.51098e+27	
58	5.90443e+27	
59	5.53499e+27	
60	5.10111e+27	
61	5.053e+27	
62	4.59907e+27	
63	4.43485e+27	
64	4.06064e+27	
65	3.72184e+27	
66	3.38259e+27	
67	3.1385e+27	
68	3.0566e+27	
69	2.93041e+27	
70	2.72128e+27	
71	2.51303e+27	
72	2.32724e+27	
73	2.26395e+27	
74	2.25262e+27	
75	2.19436e+27	
76	2.18295e+27	
77	2.11477e+27	
78	2.04907e+27	
79	1.91326e+27	
80	1.80506e+27	
81	1.74462e+27	
82	1.63139e+27	
83	1.49553e+27	
84	1.50285e+27	
85	1.45734e+27	
86	1.32644e+27	
87	1.18577e+27	
88	1.17569e+27	
89	1.09708e+27	
90	1.02803e+27	
91	9.66562e+26	
92	9.45407e+26	
93	8.91681e+26	
94	8.71502e+26	
95	8.1416e+26	
96	8.25386e+26	
97	7.65108e+26	
98	7.75891e+26	
99	7.43768e+26	
100	7.0977e+26	
101	7.42448e+26	
102	6.9584e+26	
103	6.4292e+26	
104	6.28025e+26	
105	5.90277e+26	
106	6.0145e+26	
107	5.83531e+26	
108	5.79911e+26	
109	5.67753e+26	
110	5.42429e+26	
111	5.3903e+26	
112	5.45881e+26	
113	5.70717e+26	
114	5.55058e+26	
115	5.26087e+26	
116	4.82429e+26	
117	4.59595e+26	
118	4.68685e+26	
119	4.63079e+26	
120	4.43669e+26	
121	4.34368e+26	
122	4.31335e+26	
123	4.17849e+26	
124	3.88383e+26	
125	3.80335e+26	
126	3.6555e+26	
127	3.56841e+26	
128	3.4362e+26	
129	3.33937e+26	
130	3.22701e+26	
131	3.14124e+26	
132	3.18483e+26	
133	2.88499e+26	
134	2.87519e+26	
135	2.76696e+26	
136	2.69093e+26	
137	2.74581e+26	
138	2.71083e+26	
139	2.71066e+26	
140	2.61161e+26	
141	2.5936e+26	
142	2.58905e+26	
143	2.50662e+26	
144	2.54101e+26	
145	2.46407e+26	
146	2.36394e+26	
147	2.35237e+26	
148	2.2016e+26	
149	2.15042e+26	
150	2.11306e+26	
151	1.96177e+26	
152	1.84279e+26	
153	1.67595e+26	
154	1.65335e+26	
155	1.54709e+26	
156	1.51958e+26	
157	1.45447e+26	
158	1.41388e+26	
159	1.39774e+26	
160	1.36704e+26	
161	1.402e+26	
162	1.38922e+26	
163	1.27792e+26	
164	1.21153e+26	
165	1.21794e+26	
166	1.1942e+26	
167	1.17521e+26	
168	1.15459e+26	
169	1.0732e+26	
170	1.01056e+26	
171	1.01098e+26	
172	1.08774e+26	
173	1.06753e+26	
174	1.02764e+26	
175	9.95652e+25	
176	1.0336e+26	
177	1.01448e+26	
178	1.04725e+26	
179	1.1023e+26	
180	1.07973e+26	
181	1.04133e+26	
182	9.93502e+25	
183	9.57778e+25	
184	9.28093e+25	
185	9.30862e+25	
186	8.85062e+25	
187	8.46147e+25	
188	8.50342e+25	
189	8.15998e+25	
190	7.80654e+25	
191	7.30844e+25	
192	7.18546e+25	
193	7.16162e+25	
194	6.89446e+25	
195	6.88595e+25	
196	6.27057e+25	
197	5.96533e+25	
198	5.75975e+25	
199	5.7995e+25	
200	5.97212e+25	
201	5.94415e+25	
202	5.83693e+25	
203	5.65061e+25	
204	5.43772e+25	
205	5.57838e+25	
206	5.68441e+25	
207	5.52707e+25	
208	5.4692e+25	
209	5.25451e+25	
210	5.41361e+25	
211	5.18618e+25	
212	5.63348e+25	
213	5.71484e+25	
214	5.48592e+25	
215	5.28566e+25	
216	5.32087e+25	
217	5.26253e+25	
218	5.00269e+25	
219	4.59224e+25	
220	4.27726e+25	
221	4.25389e+25	
222	4.29499e+25	
223	4.25148e+25	
224	4.30628e+25	
225	4.16281e+25	
226	4.06542e+25	
227	4.09205e+25	
228	4.01727e+25	
229	3.90254e+25	
230	3.88608e+25	
231	3.84339e+25	
232	3.94388e+25	
233	3.79009e+25	
234	3.78626e+25	
235	3.72851e+25	
236	3.66756e+25	
237	3.6881e+25	
238	3.62501e+25	
239	3.53935e+25	
240	3.39895e+25	
241	3.4226e+25	
242	3.35171e+25	
243	3.12308e+25	
244	2.92419e+25	
245	2.86799e+25	
246	2.73603e+25	
247	2.70974e+25	
248	2.75098e+25	
249	2.90292e+25	
250	2.64446e+25	
251	2.60889e+25	
252	2.43921e+25	
253	2.38908e+25	
254	2.31048e+25	
255	2.10238e+25	
256	2.06344e+25	
257	1.98809e+25	
258	1.93257e+25	
259	1.98034e+25	
260	1.95347e+25	
261	1.78961e+25	
262	1.79535e+25	
263	1.84354e+25	
264	1.78966e+25	
265	1.75794e+25	
266	1.75433e+25	
267	1.80434e+25	
268	1.81855e+25	
269	1.78739e+25	
270	1.77952e+25	
271	1.71161e+25	
272	1.63531e+25	
273	1.54488e+25	
274	1.43696e+25	
275	1.5576e+25	
276	1.58495e+25	
277	1.61061e+25	
278	1.62775e+25	
279	1.62349e+25	
280	1.61741e+25	
281	1.59227e+25	
282	1.66744e+25	
283	1.55797e+25	
284	1.36888e+25	
285	1.28893e+25	
286	1.14341e+25	
287	1.08176e+25	
288	1.0915e+25	
289	1.03982e+25	
290	1.04376e+25	
291	1.01739e+25	
292	9.94259e+24	
293	9.74895e+24	
294	9.52031e+24	
295	9.20789e+24	
296	9.40362e+24	
297	9.28114e+24	
298	9.7927e+24	
299	1.00055e+25	
300	9.69504e+24	
301	9.63227e+24	
302	9.86225e+24	
303	1.06709e+25	
304	1.16036e+25	
305	1.96029e+25	
306	1.61621e+26	
307	6.38158e+25	
308	1.60161e+25	
309	1.12425e+25	
310	9.39649e+24	
311	8.86999e+24	
312	8.5314e+24	
313	8.96302e+24	
314	8.33264e+24	
315	8.39989e+24	
316	8.46814e+24	
317	8.15867e+24	
318	8.10793e+24	
319	7.86742e+24	
320	7.57723e+24	
321	7.06578e+24	
322	7.11162e+24	
323	6.84492e+24	
324	6.93184e+24	
325	6.79959e+24	
326	6.80091e+24	
327	6.85665e+24	
328	6.98517e+24	
329	6.79622e+24	
330	6.71159e+24	
331	6.83106e+24	
332	6.9656e+24	
333	6.81206e+24	
334	6.5768e+24	
335	7.12202e+24	
336	6.93743e+24	
337	6.78843e+24	
338	6.75331e+24	
339	6.88002e+24	
340	7.92147e+24	
341	8.58795e+24	
342	1.10327e+25	
343	2.21173e+25	
344	4.46758e+28	
345	2.27696e+25	
346	9.53784e+24	
347	6.8639e+24	
348	5.74927e+24	
349	5.19201e+24	
350	4.89485e+24	
351	4.52947e+24	
352	4.35711e+24	
353	4.54012e+24	
354	4.77653e+24	
355	4.68932e+24	
356	4.5078e+24	
357	4.73382e+24	
358	5.97707e+24	
359	1.73941e+25	
360	7.88085e+25	
361	6.83789e+24	
362	4.49729e+24	
363	3.80555e+24	
364	3.43446e+24	
365	3.66051e+24	
366	3.64396e+24	
367	3.74011e+24	
368	3.78023e+24	
369	3.8316e+24	
370	3.97706e+24	
371	3.921e+24	
372	3.61885e+24	
373	3.69964e+24	
374	3.58279e+24	
375	3.63183e+24	
376	3.65616e+24	
377	3.51154e+24	
378	3.26319e+24	
379	3.08816e+24	
380	3.22284e+24	
381	3.18377e+24	
382	3.05592e+24	
383	3.07698e+24	
384	3.02546e+24	
385	3.13484e+24	
386	3.20925e+24	
387	2.90809e+24	
388	2.89927e+24	
389	2.94055e+24	
390	2.83788e+24	
391	2.80079e+24	
392	2.73141e+24	
393	2.74735e+24	
394	2.77174e+24	
395	2.65506e+24	
396	2.62746e+24	
397	2.67974e+24	
398	2.78833e+24	
399	2.73007e+24	
400	2.73931e+24	
401	2.47519e+24	
402	2.57282e+24	
403	2.4269e+24	
404	2.27896e+24	
405	2.26281e+24	
406	2.24528e+24	
407	2.50979e+24	
408	2.84702e+24	
409	3.51619e+24	
410	3.88719e+24	
411	3.89475e+24	
412	3.64973e+24	
413	3.12795e+24	
414	2.96232e+24	
415	2.82722e+24	
416	2.70093e+24	
417	2.92897e+24	
418	2.86129e+24	
419	3.62675e+24	
420	7.23347e+24	
421	7.44158e+25	
422	2.85848e+25	
423	5.7365e+24	
424	3.43012e+24	
425	2.75715e+24	
426	2.69748e+24	
427	2.47853e+24	
428	2.37107e+24	
429	2.15057e+24	
430	2.04776e+24	
431	2.22415e+24	
432	2.25513e+24	
433	2.29035e+24	
434	2.44053e+24	
435	2.83414e+24	
436	4.61639e+24	
437	9.92362e+24	
438	2.85897e+26	
439	2.3646e+25	
440	5.31712e+24	
441	3.00057e+24	
442	2.18943e+24	
443	2.09229e+24	
444	2.06873e+24	
445	2.04866e+24	
446	2.24384e+24	
447	2.34115e+24	
448	2.47419e+24	
449	2.50205e+24	
450	2.14611e+24	
451	1.72913e+24	
452	1.53913e+24	
453	1.51293e+24	
454	1.56256e+24	
455	1.91953e+24	
456	2.50296e+24	
457	3.32545e+24	
458	2.96813e+24	
459	2.03237e+24	
460	1.40471e+24	
461	1.4038e+24	
462	2.09328e+24	
463	6.21541e+24	
464	2.83582e+26	
465	1.16778e+25	
466	2.9205e+24	
467	1.70865e+24	
468	1.34766e+24	
469	1.20196e+24	
470	1.14087e+24	
471	1.11273e+24	
472	1.13961e+24	
473	1.11992e+24	
474	1.27632e+24	
475	2.09162e+24	
476	3.91551e+24	
477	6.44166e+25	
478	1.13209e+25	
479	2.30231e+24	
480	1.15433e+24	
481	9.29341e+23	
482	1.0567e+24	
483	1.6762e+24	
484	2.34579e+24	
485	2.92697e+24	
486	2.13272e+24	
487	1.35761e+24	
488	9.28505e+23	
489	9.07493e+23	
490	9.84986e+23	
491	1.25247e+24	
492	2.17234e+24	
493	9.93361e+24	
494	3.96677e+25	
495	3.11378e+24	
496	1.5821e+24	
497	1.16362e+24	
498	1.02083e+24	
499	1.03025e+24	
500	1.02047e+24	
501	1.16282e+24	
502	1.40877e+24	
503	1.58552e+24	
504	1.76503e+24	
505	1.44153e+24	
506	1.18135e+24	
507	9.76614e+23	
508	9.49875e+23	
509	8.88275e+23	
510	8.87051e+23	
511	8.84215e+23	
512	8.56872e+23	
513	8.70607e+23	
514	9.79244e+23	
515	1.13728e+24	
516	1.94383e+24	
517	8.61143e+24	
518	3.57592e+25	
519	2.68061e+24	
520	1.17728e+24	
521	9.35202e+23	
522	1.01538e+24	
523	1.19672e+24	
524	1.40562e+24	
525	2.19506e+24	
526	3.83201e+24	
527	1.37088e+25	
528	4.8739e+26	
529	8.00824e+24	
530	3.1515e+24	
531	1.92613e+24	
532	1.57294e+24	
533	1.54154e+24	
534	1.54932e+24	
535	2.13623e+24	
536	3.60321e+24	
537	8.59213e+24	
538	2.65311e+26	
539	1.6015e+25	
540	3.43423e+24	
541	1.70953e+24	
542	1.06519e+24	
543	8.99138e+23	
544	6.67257e+23	
545	6.48752e+23	
546	9.228e+23	
547	3.2759e+24	
548	6.9998e+25	
549	1.81757e+24	
550	7.73578e+23	
551	5.85816e+23	
552	5.36518e+23	
553	5.07809e+23	
554	5.56429e+23	
555	8.08973e+23	
556	1.44661e+24	
557	4.40374e+24	
558	1.89718e+27	
559	5.48035e+24	
560	1.64163e+24	
561	8.64279e+23	
562	6.12142e+23	
563	4.65433e+23	
564	4.31434e+23	
565	4.11633e+23	
566	4.29078e+23	
567	5.13301e+23	
568	6.88796e+23	
569	1.00042e+24	
570	1.34478e+24	
571	1.51912e+24	
572	1.47527e+24	
573	1.68761e+24	
574	2.52642e+24	
575	4.76152e+24	
576	1.29892e+25	
577	3.85446e+26	
578	3.4817e+25	
579	7.19921e+24	
580	3.29546e+24	
581	2.62716e+24	
582	1.96341e+24	
583	1.50559e+24	
584	1.18438e+24	
585	1.01179e+24	
586	9.13402e+23	
587	7.99491e+23	
588	7.33603e+23	
589	6.51594e+23	
590	6.75109e+23	
591	6.98007e+23	
592	7.83128e+23	
593	9.71802e+23	
594	1.45243e+24	
595	2.2959e+24	
596	5.70293e+24	
597	8.7602e+25	
598	1.97699e+25	
599	3.53456e+24	
600	1.76294e+24	
601	1.12523e+24	
602	8.98716e+23	
603	9.31031e+23	
604	1.30379e+24	
605	1.7676e+24	
606	1.96304e+24	
607	2.7915e+24	
608	6.76866e+24	
609	5.62779e+25	
610	5.78281e+25	
611	6.72635e+24	
612	3.02711e+24	
613	2.1848e+24	
614	1.93551e+24	
615	2.37039e+24	
616	3.12099e+24	
617	1.68417e+24	
618	7.22712e+23	
619	3.49183e+23	
620	8.40193e+23	
621	2.19366e+24	
622	5.32539e+24	
623	1.0082e+25	
624	1.40872e+25	
625	1.65136e+25	
626	1.60178e+25	
627	2.1776e+25	
628	5.16827e+25	
629	1.53185e+26	
630	1.26869e+27	
631	2.14697e+27	
632	1.67754e+26	
633	4.42912e+25	
634	3.14063e+24	
635	1.68885e+25	
636	6.48718e+25	
637	9.24735e+25	
638	8.43012e+25	
639	5.30158e+25	
640	2.31286e+25	
641	8.65985e+24	
642	3.34743e+24	
643	1.13223e+24	
644	3.89845e+23	
645	2.7554e+23	
646	7.30083e+23	
647	1.40489e+24	
648	1.40618e+24	
649	9.27733e+23	
650	6.94947e+23	
651	7.49651e+23	
652	1.11467e+24	
653	1.36218e+24	
654	1.24421e+24	
655	5.99919e+23	
656	3.0605e+23	
657	2.09952e+23	
658	2.65015e+23	
659	3.84891e+23	
660	3.90814e+23	
661	3.30581e+23	
662	3.0381e+23	
663	2.77807e+23	
664	2.67864e+23	
665	2.68673e+23	
666	2.42102e+23	
667	2.68789e+23	
668	2.96701e+23	
669	3.37259e+23	
670	3.2456e+23	
671	2.58016e+23	
672	2.42909e+23	
673	2.38221e+23	
674	2.77213e+23	
675	3.63134e+23	
676	4.53613e+23	
677	4.41688e+23	
678	4.40404e+23	
679	3.22729e+23	
680	2.11421e+23	
681	1.76509e+23	
682	2.5126e+23	
683	6.02646e+23	
684	2.96075e+24	
685	8.86713e+31	
686	3.19987e+24	
687	7.79957e+23	
688	4.92804e+23	
689	5.05586e+23	
690	3.8862e+23	
691	2.88228e+23	
692	2.17683e+23	
693	2.10998e+23	
694	2.15665e+23	
695	1.83992e+23	
696	1.67246e+23	
697	1.64811e+23	
698	1.73808e+23	
699	1.71782e+23	
700	1.83298e+23	
701	1.84608e+23	
702	1.73209e+23	
703	1.72866e+23	
704	1.77296e+23	
705	1.56699e+23	
706	1.65919e+23	
707	1.56418e+23	
708	1.64762e+23	
709	1.62524e+23	
710	1.5451e+23	
711	1.46845e+23	
712	1.50818e+23	
713	1.47691e+23	
714	1.42977e+23	
715	1.44565e+23	
716	1.45267e+23	
717	1.44599e+23	
718	1.71031e+23	
719	2.49465e+23	
720	6.48177e+23	
721	4.10943e+25	
722	4.48088e+23	
723	2.17567e+23	
724	1.56789e+23	
725	1.31419e+23	
726	1.15281e+23	
727	1.11066e+23	
728	1.08236e+23	
729	1.10584e+23	
730	1.03809e+23	
731	1.32173e+23	
732	1.70999e+23	
733	2.51261e+23	
734	7.13343e+23	
735	5.37285e+24	
736	9.75167e+24	
737	9.19779e+23	
738	3.52226e+23	
739	2.48525e+23	
740	2.2995e+23	
741	2.03964e+23	
742	1.87735e+23	
743	1.6137e+23	
744	1.27564e+23	
745	1.23066e+23	
746	1.41939e+23	
747	1.44961e+23	
748	1.42908e+23	
749	1.27358e+23	
750	1.5341e+23	
751	2.11009e+23	
752	2.84541e+23	
753	4.27122e+23	
754	2.8347e+23	
755	1.94764e+23	
756	1.31896e+23	
757	1.11279e+23	
758	1.34725e+23	
759	1.4172e+23	
760	1.26068e+23	
761	1.04032e+23	
762	9.09361e+22	
763	1.14955e+23	
764	2.0094e+23	
765	5.3803e+23	
766	1.57336e+24	
767	4.38704e+24	
768	5.00214e+25	
769	2.0964e+25	
770	3.55485e+24	
771	1.22952e+24	
772	4.19899e+23	
773	2.0646e+23	
774	1.16122e+23	
775	1.35717e+23	
776	2.21279e+23	
777	2.70428e+23	
778	1.90052e+23	
779	2.08374e+23	
780	2.49655e+23	
781	4.97557e+23	
782	7.81904e+23	
783	8.19376e+23	
784	5.12017e+23	
785	2.11621e+23	
786	9.31127e+22	
787	7.01001e+22	
788	9.36911e+22	
789	1.76733e+23	
790	3.66246e+23	
791	1.32669e+24	
792	5.88623e+27	
793	1.27977e+24	
794	2.81973e+23	
795	1.27744e+23	
796	7.84966e+22	
797	6.16641e+22	
798	5.9936e+22	
799	7.01244e+22	
800	9.60929e+22	
801	1.87883e+23	
802	5.0447e+23	
803	9.14878e+23	
804	1.22974e+24	
805	1.24059e+24	
806	8.18206e+23	
807	7.55437e+23	
808	5.71767e+23	
809	2.98799e+23	
810	3.50439e+23	
811	9.34748e+23	
812	3.68052e+26	
813	6.04088e+23	
814	1.1148e+23	
815	8.15196e+22	
816	2.26374e+23	
817	6.29516e+23	
818	1.82412e+24	
819	7.60242e+24	
820	3.88735e+27	
821	5.57838e+24	
822	1.12785e+24	
823	3.52132e+23	
824	1.59623e+23	
825	9.06134e+22	
826	9.04905e+22	
827	8.40075e+22	
828	9.42905e+22	
829	7.72924e+22	
830	6.07321e+22	
831	5.05009e+22	
832	4.74049e+22	
833	5.15513e+22	
834	5.58952e+22	
835	8.07165e+22	
836	1.07235e+23	
837	1.28085e+23	
838	9.36432e+22	
839	7.22937e+22	
840	5.53856e+22	
841	5.95988e+22	
842	1.09911e+23	
843	2.97597e+23	
844	1.08515e+24	
845	4.25624e+24	
846	1.31795e+28	
847	5.01511e+24	
848	1.52608e+24	
849	7.74833e+23	
850	4.0926e+23	
851	3.46028e+23	
852	3.14507e+23	
853	4.42142e+23	
854	1.16993e+24	
855	2.29583e+24	
856	4.23595e+24	
857	4.63846e+24	
858	1.85224e+24	
859	3.60642e+23	
860	9.41925e+23	
861	3.54784e+24	
862	3.30544e+25	
863	9.59643e+25	
864	6.81127e+24	
865	2.22189e+24	
866	1.0076e+24	
867	1.22288e+24	
868	3.27326e+24	
869	1.54548e+25	
870	3.30117e+26	
871	6.6616e+24	
872	1.47039e+24	
873	8.94346e+23	
874	7.209e+23	
875	6.06648e+23	
876	3.91582e+23	
877	3.68231e+23	
878	8.34713e+23	
879	3.35085e+24	
880	2.23701e+25	
881	1.38914e+26	
882	6.50947e+24	
883	2.29494e+24	
884	1.47635e+24	
885	1.14795e+24	
886	7.16672e+23	
887	4.83357e+23	
888	6.09788e+23	
889	2.07236e+24	
890	5.37192e+25	
891	5.79919e+24	
892	1.39295e+24	
893	8.8381e+23	
894	8.94571e+23	
895	8.05985e+23	
896	6.30456e+23	
897	4.72795e+23	
898	2.87488e+23	
899	2.21867e+23	
900	1.04587e+23	
901	9.76327e+22	
902	2.05893e+23	
903	4.11983e+23	
904	5.23368e+23	
905	3.89369e+23	
906	3.56358e+23	
907	4.52e+23	
908	4.52267e+23	
909	3.79002e+23	
910	3.60228e+23	
911	2.8627e+23	
912	4.13673e+23	
913	7.03981e+23	
914	2.03742e+24	
915	1.38801e+25	
916	1.28834e+25	
917	1.6703e+24	
918	6.71591e+23	
919	3.83128e+23	
920	3.26474e+23	
921	3.5862e+23	
922	4.45286e+23	
923	4.00578e+23	
924	5.86263e+23	
925	6.85661e+23	
926	8.10679e+23	
927	1.40273e+24	
928	2.6622e+24	
929	2.45595e+24	
930	1.07278e+23	
931	1.55002e+24	
932	1.99372e+25	
933	4.05645e+25	
934	3.37731e+24	
935	1.42208e+24	
936	6.91388e+23	
937	3.87066e+23	
938	2.47558e+23	
939	2.1109e+23	
940	3.00542e+23	
941	2.96728e+23	
942	3.11718e+23	
943	5.8686e+23	
944	1.06701e+24	
945	9.48785e+24	
946	1.07251e+25	
947	1.10632e+24	
948	3.50526e+23	
949	1.14933e+23	
950	6.97614e+22	
951	6.84806e+22	
952	9.07398e+22	
953	1.1377e+23	
954	1.54679e+23	
955	1.67643e+23	
956	1.38344e+23	
957	9.05778e+22	
958	7.49741e+22	
959	7.80878e+22	
960	7.53147e+22	
961	7.04501e+22	
962	7.24109e+22	
963	7.72584e+22	
964	7.8148e+22	
965	8.88508e+22	
966	7.7328e+22	
967	7.43757e+22	
968	8.60736e+22	
969	1.01407e+23	
970	1.11785e+23	
971	9.4198e+22	
972	8.17629e+22	
973	8.94597e+22	
974	1.06523e+23	
975	1.28796e+23	
976	1.26621e+23	
977	1.61475e+23	
978	2.81271e+23	
979	3.96169e+23	
980	3.07875e+23	
981	1.5926e+23	
982	1.61181e+23	
983	2.08634e+23	
984	2.55902e+23	
985	2.80865e+23	
986	5.0116e+23	
987	8.4696e+23	
988	2.25547e+24	
989	1.64134e+25	
990	2.03811e+25	
991	2.01917e+24	
992	4.7931e+23	
993	2.03286e+23	
994	1.37958e+23	
995	6.47957e+22	
996	5.64031e+22	
997	9.20375e+22	
998	1.41513e+23	
999	2.04815e+23	
1000	2.48277e+23	
1001	2.92274e+23	
1002	2.091e+23	
1003	1.12311e+23	
1004	7.44417e+22	
1005	6.35286e+22	
1006	6.50028e+22	
1007	5.40444e+22	
1008	4.73026e+22	
1009	5.06345e+22	
1010	5.30093e+22	
1011	5.35685e+22	
1012	5.70373e+22	
1013	5.971e+22	
1014	5.21265e+22	
1015	5.34128e+22	
1016	4.77258e+22	
1017	4.48591e+22	
1018	4.91587e+22	
1019	5.49022e+22	
1020	5.56775e+22	
1021	5.58769e+22	
1022	6.89153e+22	
1023	7.69809e+22	
1024	1.40303e+23	
1025	8.53348e+23	
1026	6.12014e+23	
1027	1.27773e+23	
1028	9.37835e+22	
1029	7.62118e+22	
1030	7.27209e+22	
1031	5.88665e+22	
1032	6.05475e+22	
1033	5.9736e+22	
1034	5.68149e+22	
1035	6.92291e+22	
1036	6.66952e+22	
1037	6.49117e+22	
1038	8.13746e+22	
1039	1.16108e+23	
1040	1.17257e+24	
1041	3.53452e+23	
1042	1.1588e+23	
1043	9.29066e+22	
1044	7.01544e+22	
1045	5.83215e+22	
1046	5.77416e+22	
1047	6.49008e+22	
1048	6.50542e+22	
1049	6.4052e+22	
1050	6.04461e+22	
1051	6.22045e+22	
1052	6.08376e+22	
1053	6.10588e+22	
1054	5.75157e+22	
1055	7.01472e+22	
1056	7.49203e+22	
1057	8.57459e+22	
1058	1.05836e+23	
1059	1.92975e+23	
1060	5.14341e+23	
1061	5.84901e+25	
1062	3.77631e+23	
1063	1.27102e+23	
1064	8.54243e+22	
1065	9.49612e+22	
1066	8.81312e+22	
1067	7.28396e+22	
1068	6.78815e+22	
1069	7.45998e+22	
1070	8.48742e+22	
1071	9.66104e+22	
1072	1.03661e+23	
1073	1.00407e+23	
1074	8.36999e+22	
1075	6.91883e+22	
1076	6.50018e+22	
1077	7.50671e+22	
1078	6.99942e+22	
1079	8.32016e+22	
1080	9.1359e+22	
1081	9.55933e+22	
1082	1.22555e+23	
1083	1.4749e+23	
1084	1.86871e+23	
1085	2.37432e+23	
1086	4.12341e+23	
1087	2.10869e+24	
1088	2.49748e+25	
1089	7.72927e+23	
1090	1.93782e+23	
1091	9.72303e+22	
1092	7.53838e+22	
1093	5.16353e+22	
1094	4.2301e+22	
1095	4.48487e+22	
1096	5.19435e+22	
1097	5.37774e+22	
1098	5.64162e+22	
1099	8.47385e+22	
1100	2.06005e+23	
1101	5.16236e+26	
1102	2.51735e+23	
1103	1.27609e+23	
1104	8.74608e+22	
1105	6.61877e+22	
1106	6.34736e+22	
1107	6.55395e+22	
1108	5.88666e+22	
1109	6.24469e+22	
1110	6.26819e+22	
1111	6.57652e+22	
1112	6.58534e+22	
1113	7.53634e+22	
1114	8.15572e+22	
1115	8.00152e+22	
1116	5.01738e+22	
1117	4.48099e+22	
1118	4.41748e+22	
1119	3.96569e+22	
1120	4.13986e+22	
1121	4.17768e+22	
1122	4.73534e+22	
1123	5.3898e+22	
1124	5.08546e+22	
1125	4.50166e+22	
1126	5.85723e+22	
1127	6.14499e+22	
1128	6.40981e+22	
1129	5.18185e+22	
1130	5.40389e+22	
1131	5.55642e+22	
1132	4.45726e+22	
1133	3.79904e+22	
1134	3.77873e+22	
1135	5.24554e+22	
1136	5.01246e+22	
1137	4.73972e+22	
1138	6.66744e+22	
1139	6.07777e+22	
1140	5.8717e+22	
1141	4.74318e+22	
1142	5.29858e+22	
1143	6.10677e+22	
1144	5.25439e+22	
1145	6.10534e+22	
1146	8.35513e+22	
1147	9.98544e+22	
1148	9.10537e+22	
1149	5.60138e+22	
1150	4.85949e+22	
1151	4.64394e+22	
1152	4.36518e+22	
1153	4.97391e+22	
1154	5.34121e+22	
1155	5.70461e+22	
1156	7.93592e+22	
1157	7.3489e+22	
1158	8.29531e+22	
1159	7.94754e+22	
1160	5.19118e+22	
1161	4.70214e+22	
1162	5.61054e+22	
1163	6.03854e+22	
1164	6.40247e+22	
1165	1.04661e+23	
1166	1.52884e+23	
1167	4.80745e+23	
1168	4.20301e+25	
1169	6.51964e+23	
1170	1.64467e+23	
1171	7.45489e+22	
1172	5.03159e+22	
1173	5.87631e+22	
1174	7.63467e+22	
1175	6.7678e+22	
1176	1.28715e+23	
1177	5.51692e+23	
1178	2.96533e+26	
1179	5.33928e+23	
1180	1.81194e+23	
1181	1.49981e+23	
1182	1.98699e+23	
1183	1.44821e+23	
1184	2.72953e+23	
1185	9.40562e+23	
1186	1.90256e+24	
1187	5.74958e+24	
1188	1.63607e+28	
1189	6.22995e+24	
1190	1.79142e+24	
1191	8.00168e+23	
1192	1.02487e+24	
1193	1.81614e+24	
1194	4.42983e+24	
1195	9.54428e+25	
1196	1.92948e+25	
1197	2.73834e+24	
1198	1.02115e+24	
1199	3.19992e+23	
1200	1.13574e+23	
1201	5.14209e+22	
1202	1.6369e+23	
1203	2.30957e+23	
1204	2.27352e+23	
1205	2.78695e+23	
1206	4.40028e+23	
1207	2.68672e+23	
1208	1.32628e+23	
1209	1.21216e+23	
1210	1.06171e+23	
1211	6.53031e+22	
1212	4.89298e+22	
1213	3.7907e+22	
1214	6.17303e+22	
1215	1.00107e+23	
1216	1.39027e+23	
1217	8.77164e+23	
1218	1.94046e+24	
1219	1.80638e+23	
1220	6.65429e+22	
1221	3.9418e+22	
1222	3.12428e+22	
1223	4.58282e+22	
1224	4.79138e+22	
1225	7.20757e+22	
1226	6.31253e+22	
1227	3.89706e+22	
1228	3.98084e+22	
1229	3.8127e+22	
1230	3.82901e+22	
1231	3.88418e+22	
1232	2.99407e+22	
1233	3.15732e+22	
1234	3.6248e+22	
1235	4.17252e+22	
1236	5.68818e+22	
1237	8.92172e+22	
1238	1.69346e+23	
1239	7.90572e+23	
1240	1.5753e+25	
1241	3.49577e+23	
1242	1.58637e+23	
1243	7.55589e+22	
1244	5.11183e+22	
1245	6.44096e+22	
1246	7.5823e+22	
1247	1.32161e+23	
1248	1.73383e+24	
1249	6.2201e+23	
1250	1.2664e+23	
1251	8.94738e+22	
1252	5.08769e+22	
1253	3.23969e+22	
1254	3.19993e+22	
1255	3.9961e+22	
1256	6.02446e+22	
1257	1.53928e+23	
1258	5.7267e+23	
1259	1.83575e+24	
1260	1.08659e+23	
1261	4.31303e+22	
1262	4.78749e+22	
1263	3.60741e+22	
1264	2.45917e+22	
1265	2.89099e+22	
1266	2.53791e+22	
1267	2.88661e+22	
1268	2.53308e+22	
1269	1.91523e+22	
1270	2.18683e+22	
1271	2.00479e+22	
1272	1.87019e+22	
1273	1.71791e+22	
1274	1.8004e+22	
1275	1.66136e+22	
1276	1.70183e+22	
1277	1.61961e+22	
1278	1.2684e+22	
1279	1.48254e+22	
1280	1.53753e+22	
1281	1.28392e+22	
1282	1.43473e+22	
1283	1.48893e+22	
1284	1.72939e+22	
1285	1.7029e+22	
1286	1.2341e+22	
1287	1.18089e+22	
1288	9.18947e+21	
1289	9.0342e+21	
1290	9.56914e+21	
1291	1.01604e+22	
1292	1.62543e+22	
1293	2.62669e+22	
1294	1.30375e+23	
1295	2.06134e+25	
1296	8.89127e+22	
1297	2.54934e+22	
1298	1.45657e+22	
1299	1.40833e+22	
1300	2.87406e+22	
1301	3.61912e+22	
1302	2.34871e+22	
1303	2.02703e+22	
1304	2.14559e+22	
1305	1.61315e+22	
1306	1.34596e+22	
1307	1.25886e+22	
1308	1.50165e+22	
1309	2.19492e+22	
1310	3.26537e+22	
1311	1.1689e+23	
1312	8.78665e+23	
1313	3.45715e+22	
1314	1.89233e+22	
1315	1.68175e+22	
1316	1.37791e+22	
1317	1.53154e+22	
1318	1.65408e+22	
1319	1.80588e+22	
1320	3.56219e+22	
1321	4.7319e+23	
1322	1.84741e+23	
1323	3.8652e+22	
1324	1.97396e+22	
1325	1.39743e+22	
1326	1.4906e+22	
1327	1.23654e+22	
1328	1.21764e+22	
1329	1.29144e+22	
1330	1.32753e+22	
1331	1.4091e+22	
1332	1.51824e+22	
1333	1.37027e+22	
1334	1.18742e+22	
1335	1.25419e+22	
1336	1.10613e+22	
1337	9.85964e+21	
1338	1.05343e+22	
1339	9.79022e+21	
1340	9.0545e+21	
1341	1.07734e+22	
1342	1.20276e+22	
1343	1.1943e+22	
1344	1.24791e+22	
1345	1.08471e+22	
1346	1.17856e+22	
1347	1.18004e+22	
1348	1.08629e+22	
1349	1.70612e+22	
1350	1.54246e+22	
1351	1.12837e+22	
1352	2.3027e+22	
1353	8.65097e+22	
1354	1.05321e+24	
1355	3.64727e+22	
1356	1.27115e+22	
1357	9.47032e+21	
1358	7.63604e+21	
1359	7.68807e+21	
1360	8.46062e+21	
1361	7.87871e+21	
1362	8.64222e+21	
1363	5.99926e+21	
1364	6.0173e+21	
1365	6.35568e+21	
1366	6.46491e+21	
1367	9.31989e+21	
1368	1.07733e+22	
1369	1.92905e+22	
1370	5.50082e+24	
1371	1.40453e+22	
1372	7.26216e+21	
1373	5.36526e+21	
1374	3.86379e+21	
1375	4.28636e+21	
1376	4.43133e+21	
1377	4.09586e+21	
1378	4.29706e+21	
1379	4.89266e+21	
1380	5.7373e+21	
1381	5.68162e+21	
1382	6.98668e+21	
1383	7.32825e+21	
1384	7.86583e+21	
1385	8.58187e+21	
1386	6.5834e+21	
1387	7.03091e+21	
1388	6.86061e+21	
1389	6.19028e+21	
1390	7.25346e+21	
1391	7.03619e+21	
1392	6.94102e+21	
1393	6.16592e+21	
1394	5.75852e+21	
1395	5.74662e+21	
1396	5.63196e+21	
1397	6.09924e+21	
1398	8.30195e+21	
1399	1.40492e+22	
1400	1.5866e+22	
1401	2.85145e+22	
1402	1.76472e+23	
1403	2.13169e+25	
1404	1.52152e+23	
1405	3.04792e+22	
1406	1.33182e+22	
1407	1.24642e+22	
1408	8.82107e+21	
1409	7.67906e+21	
1410	9.74609e+21	
1411	6.65501e+21	
1412	6.52458e+21	
1413	5.48344e+21	
1414	5.09885e+21	
1415	4.68567e+21	
1416	4.83504e+21	
1417	4.70284e+21	
1418	4.02413e+21	
1419	5.25056e+21	
1420	5.47839e+21	
1421	5.13853e+21	
1422	5.69791e+21	
1423	5.96195e+21	
1424	5.4637e+21	
1425	6.30567e+21	
1426	5.82862e+21	
1427	7.0417e+21	
1428	7.14442e+21	
1429	7.86411e+21	
1430	6.66092e+21	
1431	6.48716e+21	
1432	5.16916e+21	
1433	4.99956e+21	
1434	5.79288e+21	
1435	4.56796e+21	
1436	4.17794e+21	
1437	4.03848e+21	
1438	3.78451e+21	
1439	3.72074e+21	
1440	3.6155e+21	
1441	2.92634e+21	
1442	3.12276e+21	
1443	3.82114e+21	
1444	4.29666e+21	
1445	4.92998e+21	
1446	6.67058e+21	
1447	6.532e+21	
1448	7.74537e+21	
1449	6.85122e+21	
1450	6.99167e+21	
1451	5.42056e+21	
1452	4.26394e+21	
1453	4.42051e+21	
1454	3.88816e+21	
1455	3.98534e+21	
1456	4.16858e+21	
1457	3.78148e+21	
1458	3.91741e+21	
1459	4.17648e+21	
1460	3.56664e+21	
1461	3.72554e+21	
1462	5.1423e+21	
1463	9.12486e+21	
1464	1.99928e+24	
1465	1.08856e+22	
1466	4.48671e+21	
1467	3.86173e+21	
1468	3.93158e+21	
1469	3.78604e+21	
1470	4.24015e+21	
1471	4.35331e+21	
1472	4.97122e+21	
1473	6.32908e+21	
1474	1.85532e+22	
1475	1.35556e+25	
1476	1.53402e+22	
1477	5.7384e+21	
1478	3.81705e+21	
1479	3.92069e+21	
1480	4.02451e+21	
1481	4.02893e+21	
1482	5.1709e+21	
1483	8.26074e+21	
1484	7.60462e+21	
1485	9.75372e+21	
1486	6.9433e+21	
1487	6.4198e+21	
1488	4.36224e+21	
1489	4.21853e+21	
1490	4.53092e+21	
1491	4.04262e+21	
1492	4.76541e+21	
1493	6.01392e+21	
1494	6.87064e+21	
1495	2.26731e+22	
1496	6.57913e+22	
1497	1.38684e+23	
1498	4.86017e+23	
1499	1.2099e+24	
1500	6.7129e+23	
1501	1.5748e+23	
1502	1.63402e+22	
1503	4.53705e+23	
1504	1.52082e+26	
1505	4.83316e+23	
1506	1.86543e+23	
1507	4.64901e+23	
1508	3.80336e+24	
1509	3.99933e+26	
1510	2.65382e+24	
1511	5.08763e+23	
1512	2.00784e+23	
1513	1.08533e+23	
1514	5.04668e+22	
1515	1.88948e+22	
1516	1.54444e+22	
1517	1.50185e+22	
1518	2.87427e+22	
1519	1.21772e+23	
1520	1.00829e+25	
1521	2.53238e+23	
1522	8.48722e+22	
1523	4.51154e+22	
1524	3.28482e+22	
1525	5.67094e+22	
1526	5.14275e+22	
1527	3.57372e+22	
1528	6.38938e+22	
1529	1.81207e+23	
1530	2.75602e+23	
1531	1.43221e+23	
1532	5.45043e+21	
1533	2.13683e+23	
1534	3.75893e+24	
1535	3.3497e+24	
1536	2.97069e+23	
1537	6.77777e+22	
1538	3.04795e+22	
1539	2.39837e+22	
1540	1.13007e+22	
1541	7.68602e+21	
1542	8.91731e+21	
1543	5.50018e+21	
1544	6.03441e+21	
1545	5.88111e+21	
1546	6.0983e+21	
1547	5.64838e+21	
1548	4.35633e+21	
1549	6.77602e+21	
1550	6.50716e+21	
1551	7.40921e+21	
1552	9.73792e+21	
1553	7.30528e+21	
1554	6.76821e+21	
1555	4.89933e+21	
1556	3.08444e+21	
1557	3.01866e+21	
1558	3.48468e+21	
1559	2.9731e+21	
1560	2.7639e+21	
1561	3.14798e+21	
1562	3.46477e+21	
1563	3.64533e+21	
1564	4.66162e+21	
1565	8.84488e+21	
1566	1.43633e+22	
1567	1.08063e+23	
1568	5.67936e+22	
1569	8.47405e+21	
1570	4.02266e+21	
1571	3.27801e+21	
1572	3.27447e+21	
1573	3.1422e+21	
1574	3.82302e+21	
1575	5.2953e+21	
1576	1.29814e+22	
1577	1.8239e+23	
1578	3.64528e+22	
1579	8.9184e+21	
1580	1.03601e+22	
1581	6.33139e+21	
1582	4.71013e+21	
1583	4.50935e+21	
1584	4.46335e+21	
1585	3.66561e+21	
1586	4.68797e+21	
1587	5.65054e+21	
1588	1.19499e+22	
1589	1.03588e+23	
1590	5.44662e+22	
1591	8.66304e+21	
1592	4.82275e+21	
1593	4.74144e+21	
1594	5.06945e+21	
1595	4.34086e+21	
1596	5.13897e+21	
1597	5.86627e+21	
1598	9.04408e+21	
1599	1.62132e+22	
1600	1.49487e+22	
1601	9.84924e+21	
1602	5.07826e+21	
1603	7.52158e+21	
1604	2.92593e+22	
1605	5.33656e+24	
1606	3.25879e+22	
1607	9.52261e+21	
1608	6.08469e+21	
1609	5.43005e+21	
1610	5.6335e+21	
1611	5.94019e+21	
1612	4.05283e+21	
1613	3.92766e+21	
1614	4.51711e+21	
1615	5.1579e+21	
1616	6.44114e+21	
1617	4.77309e+21	
1618	5.07832e+21	
1619	5.415e+21	
1620	4.91274e+21	
1621	5.27432e+21	
1622	4.77918e+21	
1623	4.75745e+21	
1624	5.21601e+21	
1625	5.395e+21	
1626	5.16963e+21	
1627	4.41625e+21	
1628	4.65575e+21	
1629	5.49997e+21	
1630	5.72451e+21	
1631	7.79412e+21	
1632	8.80112e+21	
1633	1.19977e+22	
1634	7.44689e+22	
1635	1.57195e+23	
1636	1.57425e+22	
1637	7.74822e+21	
1638	7.50251e+21	
1639	8.92753e+21	
1640	1.25985e+22	
1641	1.04341e+23	
1642	2.47583e+23	
1643	1.9674e+22	
1644	9.45066e+21	
1645	3.8344e+21	
1646	3.21602e+21	
1647	2.91428e+21	
1648	2.80976e+21	
1649	2.74804e+21	
1650	3.07278e+21	
1651	6.84039e+21	
1652	2.02441e+22	
1653	6.04053e+22	
1654	7.03929e+21	
1655	5.30383e+21	
1656	3.97967e+21	
1657	2.91757e+21	
1658	2.61756e+21	
1659	2.70755e+21	
1660	2.73959e+21	
1661	3.86126e+21	
1662	3.35829e+21	
1663	4.53576e+21	
1664	5.77041e+21	
1665	1.04119e+22	
1666	9.53465e+22	
1667	9.04239e+22	
1668	1.80407e+22	
1669	9.41959e+21	
1670	6.34143e+21	
1671	6.90996e+21	
1672	7.20237e+21	
1673	8.62101e+21	
1674	1.00085e+22	
1675	1.1328e+22	
1676	1.43278e+22	
1677	1.0439e+22	
1678	7.25471e+21	
1679	6.89639e+21	
1680	5.45772e+21	
1681	6.57187e+21	
1682	7.97421e+21	
1683	8.45405e+21	
1684	7.62684e+21	
1685	8.93886e+21	
1686	6.93908e+21	
1687	9.94494e+21	
1688	8.27167e+21	
1689	6.45729e+21	
1690	7.76108e+21	
1691	8.42541e+21	
1692	9.93159e+21	
1693	7.61967e+21	
1694	7.07715e+21	
1695	8.87867e+21	
1696	7.67735e+21	
1697	1.0326e+22	
1698	1.40615e+22	
1699	1.32646e+22	
1700	1.24638e+22	
1701	1.30583e+22	
1702	1.54574e+22	
1703	1.36292e+22	
1704	1.3137e+22	
1705	1.09745e+22	
1706	1.31458e+22	
1707	1.64654e+22	
1708	1.33589e+22	
1709	1.53176e+22	
1710	1.4903e+22	
1711	1.54412e+22	
1712	1.47035e+22	
1713	1.76321e+22	
1714	2.62333e+22	
1715	6.06353e+22	
1716	9.14573e+22	
1717	2.45679e+23	
1718	4.76007e+24	
1719	6.40365e+23	
1720	8.21662e+22	
1721	4.25868e+22	
1722	2.61877e+22	
1723	2.17811e+22	
1724	1.79563e+22	
1725	2.04346e+22	
1726	2.13549e+22	
1727	1.97063e+22	
1728	1.39376e+22	
1729	1.33593e+22	
1730	1.56649e+22	
1731	1.57697e+22	
1732	2.53801e+22	
1733	5.54193e+22	
1734	2.02897e+24	
1735	1.34893e+23	
1736	3.28289e+22	
1737	2.20253e+22	
1738	2.00728e+22	
1739	1.50059e+22	
1740	1.2338e+22	
1741	1.15511e+22	
1742	1.17431e+22	
1743	1.29868e+22	
1744	2.10853e+22	
1745	2.1284e+22	
1746	1.84253e+22	
1747	1.6919e+22	
1748	2.44876e+22	
1749	1.82206e+22	
1750	1.40672e+22	
1751	1.85382e+22	
1752	1.49651e+22	
1753	1.2415e+22	
1754	1.43235e+22	
1755	1.14236e+22	
1756	1.40964e+22	
1757	1.48367e+22	
1758	1.50045e+22	
1759	1.21033e+22	
1760	1.01632e+22	
1761	1.24793e+22	
1762	1.43694e+22	
1763	1.44982e+22	
1764	1.44891e+22	
1765	1.22794e+22	
1766	1.17886e+22	
1767	1.43645e+22	
1768	1.57627e+22	
1769	1.80866e+22	
1770	1.49707e+22	
1771	2.05725e+22	
1772	2.18321e+22	
1773	2.26709e+22	
1774	2.34522e+22	
1775	2.65124e+22	
1776	3.83716e+22	
1777	1.78548e+23	
1778	4.65988e+25	
1779	1.57203e+23	
1780	3.67725e+22	
1781	2.93131e+22	
1782	2.78404e+22	
1783	2.82774e+22	
1784	3.17883e+22	
1785	2.9278e+22	
1786	2.95286e+22	
1787	3.12754e+22	
1788	2.73663e+22	
1789	2.3046e+22	
1790	1.90264e+22	
1791	1.55557e+22	
1792	1.77127e+22	
1793	1.6973e+22	
1794	2.29397e+22	
1795	3.90529e+22	
1796	4.40747e+22	
1797	1.10325e+23	
1798	2.35478e+24	
1799	1.70642e+23	
1800	5.28262e+22	
1801	2.73813e+22	
1802	2.04973e+22	
1803	2.08894e+22	
1804	2.85063e+22	
1805	2.67551e+22	
1806	3.58668e+22	
1807	5.47559e+22	
1808	6.22794e+22	
1809	9.72558e+22	
1810	1.03013e+23	
1811	9.76127e+22	
1812	8.28066e+22	
1813	1.90271e+23	
1814	3.19787e+24	
1815	7.73945e+23	
1816	1.40263e+23	
1817	7.97332e+22	
1818	6.83863e+22	
1819	4.30415e+22	
1820	7.07261e+22	
1821	4.67379e+22	
1822	7.43048e+22	
1823	1.19891e+23	
1824	3.34603e+23	
1825	5.96597e+23	
1826	5.36053e+23	
1827	5.16048e+24	
1828	7.15593e+25	
1829	2.65422e+28	
1830	9.27057e+26	
1831	1.85834e+25	
1832	2.87461e+24	
1833	1.07544e+24	
1834	2.94672e+23	
1835	1.9184e+23	
1836	1.68814e+23	
1837	3.92846e+23	
1838	3.6993e+23	
1839	4.38193e+23	
1840	6.9022e+23	
1841	1.56476e+24	
1842	9.06507e+24	
1843	5.6309e+26	
1844	5.3826e+24	
1845	1.02116e+24	
1846	1.29505e+23	
1847	3.69439e+23	
1848	2.08075e+24	
1849	2.23707e+24	
1850	1.86845e+24	
1851	9.43308e+23	
1852	6.20144e+23	
1853	3.88902e+23	
1854	2.22704e+23	
1855	1.15194e+23	
1856	9.66683e+22	
1857	9.68635e+22	
1858	9.56582e+22	
1859	1.202e+23	
1860	2.33104e+23	
1861	5.90055e+23	
1862	1.53771e+24	
1863	1.41541e+26	
1864	4.01423e+24	
1865	8.58433e+23	
1866	6.39522e+23	
1867	3.30294e+23	
1868	5.47693e+23	
1869	2.26856e+23	
1870	2.39291e+23	
1871	1.64782e+23	
1872	1.3113e+23	
1873	8.8158e+22	
1874	9.64865e+22	
1875	8.84158e+22	
1876	5.01103e+22	
1877	3.80012e+22	
1878	3.47456e+22	
1879	3.7617e+22	
1880	3.96544e+22	
1881	2.93621e+22	
1882	3.63785e+22	
1883	3.07049e+22	
1884	3.04495e+22	
1885	3.77683e+22	
1886	3.86746e+22	
1887	6.33338e+22	
1888	4.08541e+22	
1889	4.14668e+22	
1890	3.01038e+22	
1891	2.68339e+22	
1892	3.55287e+22	
1893	3.01235e+22	
1894	2.88054e+22	
1895	3.6197e+22	
1896	2.8849e+22	
1897	4.02231e+22	
1898	3.43236e+22	
1899	4.85206e+22	
1900	1.07397e+23	
1901	1.76611e+24	
1902	3.22756e+23	
1903	6.12923e+22	
1904	2.76774e+22	
1905	2.14561e+22	
1906	1.94605e+22	
1907	1.65068e+22	
1908	2.33929e+22	
1909	1.71857e+22	
1910	1.84106e+22	
1911	1.82222e+22	
1912	2.12511e+22	
1913	2.88084e+22	
1914	3.00137e+22	
1915	3.15218e+22	
1916	3.32236e+22	
1917	4.79146e+22	
1918	1.21291e+23	
1919	8.38402e+22	
1920	5.67122e+22	
1921	4.85264e+22	
1922	7.79357e+22	
1923	3.44306e+23	
1924	4.69409e+25	
1925	1.81396e+23	
1926	7.50383e+22	
1927	2.93619e+22	
1928	2.39425e+22	
1929	1.43937e+22	
1930	1.73855e+22	
1931	2.2843e+22	
1932	5.31979e+22	
1933	5.19149e+23	
1934	3.85102e+23	
1935	4.42925e+22	
1936	2.72757e+22	
1937	1.757e+22	
1938	1.79226e+22	
1939	1.20275e+22	
1940	1.43837e+22	
1941	1.60466e+22	
1942	1.74846e+22	
1943	1.89917e+22	
1944	1.85927e+22	
1945	1.90033e+22	
1946	1.508e+22	
1947	1.44806e+22	
1948	1.46585e+22	
1949	1.47223e+22	
1950	1.67917e+22	
1951	2.28098e+22	
1952	3.95475e+22	
1953	5.38765e+22	
1954	1.09845e+23	
1955	8.5516e+22	
1956	3.55479e+22	
1957	2.70057e+22	
1958	8.6695e+22	
1959	1.72326e+24	
1960	8.94009e+23	
1961	1.42849e+23	
1962	8.24792e+22	
1963	4.28327e+22	
1964	3.70135e+22	
1965	3.36489e+22	
1966	2.94074e+22	
1967	3.35818e+22	
1968	2.44367e+22	
1969	2.39066e+22	
1970	2.52552e+22	
1971	2.05517e+22	
1972	2.25137e+22	
1973	1.84742e+22	
1974	1.7096e+22	
1975	2.97696e+22	
1976	2.10997e+22	
1977	3.94464e+22	
1978	7.88024e+22	
1979	2.09364e+23	
1980	2.89766e+24	
1981	1.12727e+24	
1982	1.72327e+23	
1983	6.98844e+22	
1984	2.78791e+22	
1985	2.70911e+22	
1986	2.50888e+22	
1987	1.67888e+22	
1988	1.33766e+22	
1989	1.42467e+22	
1990	1.22788e+22	
1991	9.68211e+21	
1992	8.91826e+21	
1993	8.8883e+21	
1994	1.169e+22	
1995	1.891e+22	
1996	3.05682e+22	
1997	9.37433e+22	
1998	4.67643e+23	
1999	3.01493e+24	
2000	1.57095e+23	
2001	8.7525e+22	
2002	3.39563e+22	
2003	1.81763e+22	
2004	1.472e+22	
2005	2.12849e+22	
2006	3.34372e+22	
2007	4.10014e+22	
2008	1.23364e+23	
2009	6.27436e+26	
2010	1.32344e+23	
2011	4.85299e+22	
2012	1.52481e+22	
2013	1.41749e+22	
2014	1.84966e+22	
2015	4.27253e+22	
2016	1.23177e+23	
2017	6.00741e+23	
2018	5.7982e+25	
2019	1.22842e+24	
2020	2.34576e+23	
2021	1.72988e+23	
2022	1.71958e+23	
2023	1.69355e+23	
2024	1.21491e+23	
2025	7.28144e+22	
2026	4.04406e+22	
2027	5.62282e+22	
2028	4.64016e+22	
2029	5.61796e+22	
2030	7.78423e+22	
2031	1.7858e+23	
2032	2.31483e+24	
2033	8.77418e+22	
2034	3.55502e+22	
2035	2.94678e+22	
2036	1.21802e+22	
2037	1.10221e+22	
2038	1.06173e+22	
2039	8.44229e+21	
2040	1.03242e+22	
2041	8.04597e+21	
2042	1.06897e+22	
2043	8.7778e+21	
2044	7.15298e+21	
2045	5.47306e+21	
2046	5.81654e+21	
2047	5.98923e+21	
2048	5.99004e+21	
2049	3.70938e+21	
2050	3.26976e+21	
2051	4.4023e+21	
2052	7.33578e+21	
2053	1.03269e+22	
2054	1.66018e+22	
2055	1.50938e+22	
2056	1.02464e+22	
2057	6.22425e+21	
2058	3.79193e+21	
2059	2.59749e+21	
2060	2.38633e+21	
2061	2.08999e+21	
2062	2.06581e+21	
2063	2.04072e+21	
2064	1.48662e+21	
2065	3.25763e+21	
2066	3.67896e+21	
2067	2.59945e+21	
2068	2.60546e+21	
2069	1.73214e+21	
2070	2.64448e+21	
2071	1.93523e+21	
2072	2.41921e+21	
2073	3.99732e+21	
2074	5.17058e+21	
2075	4.6816e+21	
2076	1.14942e+22	
2077	2.43528e+23	
2078	7.54356e+22	
2079	1.06451e+22	
2080	3.67637e+21	
2081	3.33181e+21	
2082	2.30767e+21	
2083	4.59112e+21	
2084	4.28365e+21	
2085	5.35368e+21	
2086	6.80436e+21	
2087	7.94908e+21	
2088	2.20714e+22	
2089	9.8208e+23	
2090	2.28396e+22	
2091	1.07681e+22	
2092	4.42271e+21	
2093	4.62219e+21	
2094	3.38231e+21	
2095	5.36769e+21	
2096	9.29399e+21	
2097	2.45878e+22	
2098	2.08427e+23	
2099	3.18422e+23	
2100	4.60244e+22	
2101	5.22641e+21	
2102	7.06528e+21	
2103	8.4157e+21	
2104	1.37604e+22	
2105	1.56148e+22	
2106	1.06586e+22	
2107	2.48825e+22	
2108	7.02949e+22	
2109	8.17863e+23	
2110	1.7908e+24	
2111	2.06452e+23	
2112	1.12032e+23	
2113	4.91506e+22	
2114	3.04176e+22	
2115	3.94668e+22	
2116	3.88175e+22	
2117	5.56047e+22	
2118	6.03412e+22	
2119	4.63436e+22	
2120	8.04379e+22	
2121	3.84959e+22	
2122	4.48636e+21	
2123	6.71782e+21	
2124	2.18563e+22	
2125	5.11361e+22	
2126	1.12461e+23	
2127	1.63644e+23	
2128	5.13141e+23	
2129	2.63669e+24	
2130	2.9398e+26	
2131	1.58214e+24	
2132	3.28987e+23	
2133	9.79862e+22	
2134	6.61365e+22	
2135	2.30471e+22	
2136	1.2646e+22	
2137	9.61176e+21	
2138	4.90497e+21	
2139	1.31254e+21	
2140	7.7222e+20	
2141	2.37743e+21	
2142	8.51736e+21	
2143	1.36282e+22	
2144	1.6056e+22	
2145	1.19096e+22	
2146	4.50825e+21	
2147	4.38308e+21	
2148	1.39406e+21	
2149	1.81838e+21	
2150	5.81707e+20	
2151	6.17849e+20	
2152	4.61207e+20	
2153	6.94312e+20	
2154	6.89611e+20	
2155	1.69985e+21	
2156	1.96345e+21	
2157	1.17646e+21	
2158	8.25301e+20	
2159	5.22416e+20	
2160	6.06177e+20	
2161	5.15898e+20	
2162	6.41136e+20	
2163	5.39665e+20	
2164	4.5106e+20	
2165	4.05361e+20	
2166	7.2633e+20	
2167	4.65865e+20	
2168	6.39137e+20	
2169	4.22377e+20	
2170	4.88849e+20	
2171	8.29768e+20	
2172	1.39815e+21	
2173	2.14944e+21	
2174	2.12502e+21	
2175	2.0143e+21	
2176	1.85904e+21	
2177	1.30512e+21	
2178	1.39735e+21	
2179	1.9955e+21	
2180	1.51006e+21	
2181	1.87803e+21	
2182	3.17455e+21	
2183	2.28541e+22	
2184	1.26299e+22	
2185	3.61076e+21	
2186	1.49913e+21	
2187	1.33623e+21	
2188	7.38632e+20	
2189	1.04368e+21	
2190	9.61226e+20	
2191	6.47982e+20	
2192	6.54078e+20	
2193	4.67155e+20	
2194	4.58153e+20	
2195	5.16997e+20	
2196	5.21128e+20	
2197	8.03855e+20	
2198	1.48716e+21	
2199	8.96785e+21	
2200	4.785e+22	
2201	2.23132e+21	
2202	1.4095e+21	
2203	6.00454e+20	
2204	4.04239e+20	
2205	3.16872e+20	
2206	3.84199e+20	
2207	3.15158e+20	
2208	2.47168e+20	
2209	3.23131e+20	
2210	2.76017e+20	
2211	2.02028e+20	
2212	2.17745e+20	
2213	2.14901e+20	
2214	3.03436e+20	
2215	2.56939e+20	
2216	2.30253e+20	
2217	2.78525e+20	
2218	2.84795e+20	
2219	2.83006e+20	
2220	3.10208e+20	
2221	2.0463e+20	
2222	2.08648e+20	
2223	1.39316e+20	
2224	1.42418e+20	
2225	1.6095e+20	
2226	1.08957e+20	
2227	1.38267e+20	
2228	1.15819e+20	
2229	1.0575e+20	
2230	8.5778e+19	
2231	6.35174e+19	
2232	6.36902e+19	
2233	6.39712e+19	
2234	8.01527e+19	
2235	6.80393e+19	
2236	1.2416e+20	
2237	1.18687e+20	
2238	6.51543e+20	
2239	1.87521e+22	
2240	1.57114e+20	
2241	1.34853e+20	
2242	1.2771e+20	
2243	1.26885e+20	
2244	1.45219e+20	
2245	1.28054e+20	
2246	1.2385e+20	
2247	1.31721e+20	
2248	1.29939e+20	
2249	1.82883e+20	
2250	2.16666e+20	
2251	4.89301e+20	
2252	1.02369e+21	
2253	2.59498e+21	
2254	1.07622e+24	
2255	1.86195e+21	
2256	6.36879e+20	
2257	4.51439e+20	
2258	4.07911e+20	
2259	3.49636e+20	
2260	4.42858e+20	
2261	5.3403e+20	
2262	7.08723e+20	
2263	1.13291e+21	
2264	1.63254e+21	
2265	5.10435e+21	
2266	4.69732e+22	
2267	3.18021e+22	
2268	7.40912e+21	
2269	2.50478e+21	
2270	2.58469e+21	
2271	2.76595e+21	
2272	2.7593e+21	
2273	1.98606e+21	
2274	1.4051e+21	
2275	3.58193e+21	
2276	3.6111e+21	
2277	6.82604e+21	
2278	9.70999e+21	
2279	4.51344e+21	
2280	2.7217e+21	
2281	1.20993e+21	
2282	1.24445e+21	
2283	2.29384e+21	
2284	2.82023e+21	
2285	8.2074e+21	
2286	3.30686e+22	
2287	1.34313e+24	
2288	1.64736e+22	
2289	3.29116e+21	
2290	5.91525e+20	
2291	5.24531e+20	
2292	2.46212e+21	
2293	2.45226e+21	
2294	3.40304e+21	
2295	1.52688e+21	
2296	8.61562e+20	
2297	4.90819e+20	
2298	3.23016e+20	
2299	3.15207e+20	
2300	2.99814e+20	
2301	3.39127e+20	
2302	5.28727e+20	
2303	6.04248e+20	
2304	1.14388e+21	
2305	1.39838e+21	
2306	2.80438e+21	
2307	4.34393e+22	
2308	3.78285e+22	
2309	2.65878e+21	
2310	1.13539e+21	
2311	2.31318e+20	
2312	2.49743e+21	
2313	3.97363e+21	
2314	2.44705e+21	
2315	1.21189e+21	
2316	7.60842e+20	
2317	3.64076e+20	
2318	5.78225e+20	
2319	5.43257e+20	
2320	6.24207e+20	
2321	5.78402e+20	
2322	1.00084e+21	
2323	1.36393e+21	
2324	3.17559e+21	
2325	1.1799e+21	
2326	1.07877e+21	
2327	8.06065e+20	
2328	7.84535e+20	
2329	1.14402e+21	
2330	1.4341e+21	
2331	4.7835e+21	
2332	1.11843e+22	
2333	3.38395e+22	
2334	9.77167e+25	
2335	3.69611e+22	
2336	8.42635e+21	
2337	3.97195e+21	
2338	2.9668e+21	
2339	3.33908e+21	
2340	3.90732e+21	
2341	4.93525e+21	
2342	4.71599e+21	
2343	8.96018e+21	
2344	1.29028e+22	
2345	2.41221e+22	
2346	1.44249e+22	
2347	2.24607e+22	
2348	4.23397e+22	
2349	5.49229e+22	
2350	5.25125e+22	
2351	6.27216e+22	
2352	2.703e+22	
2353	2.38184e+22	
2354	3.45972e+22	
2355	1.37554e+23	
2356	1.27975e+25	
2357	2.331e+23	
2358	5.19055e+22	
2359	8.03092e+21	
2360	2.9823e+21	
2361	1.35324e+21	
2362	2.67639e+21	
2363	3.67907e+21	
2364	9.71414e+21	
2365	1.16587e+23	
2366	1.12797e+23	
2367	1.35256e+22	
2368	3.25981e+21	
2369	2.10083e+21	
2370	1.91794e+21	
2371	2.51726e+21	
2372	5.83003e+21	
2373	2.13355e+22	
2374	1.15269e+23	
2375	1.878e+23	
2376	9.86936e+21	
2377	3.96696e+21	
2378	1.82324e+21	
2379	2.36373e+21	
2380	2.74831e+21	
2381	1.26115e+22	
2382	2.04999e+23	
2383	2.585e+23	
2384	1.9101e+22	
2385	4.32149e+21	
2386	1.38844e+21	
2387	1.49321e+21	
2388	2.82336e+21	
2389	4.80304e+21	
2390	3.96713e+21	
2391	4.73423e+21	
2392	4.0499e+21	
2393	4.91478e+21	
2394	4.37425e+21	
2395	6.76114e+21	
2396	1.59796e+22	
2397	3.44891e+22	
2398	9.54045e+22	
2399	3.01259e+23	
2400	6.30566e+23	
2401	1.63195e+24	
2402	4.10452e+24	
2403	3.56903e+24	
2404	1.44652e+22	
2405	4.94509e+24	
2406	4.75209e+25	
2407	4.60479e+25	
2408	3.47275e+24	
2409	1.1476e+24	
2410	4.78003e+23	
2411	2.83725e+23	
2412	6.83832e+22	
2413	3.35617e+22	
2414	1.01657e+22	
2415	8.70748e+21	
2416	3.27042e+22	
2417	3.19839e+22	
2418	6.32283e+22	
2419	3.87293e+22	
2420	3.03473e+22	
2421	1.52442e+22	
2422	7.34228e+21	
2423	3.88417e+21	
2424	1.89051e+21	
2425	1.59065e+21	
2426	1.84503e+21	
2427	4.69117e+21	
2428	7.22856e+21	
2429	1.00626e+22	
2430	2.58752e+22	
2431	3.86265e+23	
2432	5.3616e+22	
2433	6.62343e+21	
2434	4.57143e+21	
2435	2.90278e+21	
2436	1.99947e+21	
2437	2.55493e+21	
2438	3.8361e+21	
2439	4.85452e+21	
2440	7.07391e+21	
2441	7.36381e+21	
2442	9.27205e+21	
2443	4.79504e+21	
2444	4.5674e+21	
2445	2.16248e+21	
2446	2.62234e+21	
2447	4.30082e+21	
2448	1.29343e+22	
2449	7.19651e+22	
2450	5.16466e+23	
2451	4.54154e+22	
2452	1.47914e+22	
2453	6.98291e+21	
2454	9.52781e+21	
2455	8.53915e+21	
2456	1.34117e+22	
2457	1.73671e+22	
2458	1.98226e+22	
2459	1.43055e+22	
2460	6.2933e+22	
2461	2.9404e+24	
2462	4.3841e+22	
2463	1.3214e+22	
2464	9.67811e+21	
2465	1.36191e+22	
2466	1.42288e+22	
2467	1.90184e+22	
2468	1.64358e+22	
2469	1.34133e+22	
2470	1.30713e+22	
2471	1.35121e+22	
2472	1.27026e+22	
2473	1.29245e+22	
2474	1.47466e+22	
2475	2.37987e+22	
2476	9.9651e+22	
2477	1.94817e+23	
2478	1.76234e+22	
2479	1.23924e+22	
2480	1.05881e+22	
2481	1.2446e+22	
2482	1.41926e+22	
2483	1.36714e+22	
2484	1.26005e+22	
2485	1.73033e+22	
2486	2.14342e+22	
2487	2.641e+22	
2488	1.89436e+22	
2489	1.26802e+22	
2490	1.35261e+22	
2491	1.44193e+22	
2492	1.92249e+22	
2493	2.11078e+22	
2494	3.22619e+22	
2495	4.19707e+22	
2496	4.94122e+22	
2497	3.1631e+22	
2498	3.04987e+22	
2499	1.87668e+22	
2500	1.96484e+22	
2501	1.51429e+22	
2502	1.7912e+22	
2503	1.53187e+22	
2504	1.31211e+22	
2505	1.023e+22	
2506	8.23995e+21	
2507	8.98957e+21	
2508	8.72857e+21	
2509	8.45365e+21	
2510	9.34496e+21	
2511	1.13825e+22	
2512	7.85373e+21	
2513	9.93052e+21	
2514	9.71783e+21	
2515	4.81143e+21	
2516	3.60338e+21	
2517	3.52608e+21	
2518	8.21769e+21	
2519	1.09397e+22	
2520	1.39548e+22	
2521	1.13617e+22	
2522	9.01711e+21	
2523	7.73754e+21	
2524	8.20655e+21	
2525	1.00808e+22	
2526	8.74852e+21	
2527	1.32879e+22	
2528	1.26866e+22	
2529	1.40783e+22	
2530	1.07038e+22	
2531	1.03468e+22	
2532	9.44768e+21	
2533	1.87925e+22	
2534	1.83201e+22	
2535	3.77868e+22	
2536	9.66366e+22	
2537	3.97847e+25	
2538	9.49704e+22	
2539	2.21532e+22	
2540	1.14979e+22	
2541	6.69014e+21	
2542	8.80864e+21	
2543	1.19809e+22	
2544	1.92202e+22	
2545	3.08064e+22	
2546	3.019e+22	
2547	2.98635e+22	
2548	3.45277e+22	
2549	2.07434e+22	
2550	2.4403e+22	
2551	3.28266e+22	
2552	7.65244e+22	
2553	2.77507e+23	
2554	1.59754e+26	
2555	5.14361e+23	
2556	2.77406e+23	
2557	1.33366e+23	
2558	1.29993e+23	
2559	3.93863e+22	
2560	3.3921e+22	
2561	2.55688e+22	
2562	3.40297e+22	
2563	3.45988e+22	
2564	5.47345e+22	
2565	9.06349e+22	
2566	8.87539e+22	
2567	5.49226e+22	
2568	2.52637e+22	
2569	1.68134e+22	
2570	1.3963e+22	
2571	1.12043e+22	
2572	1.17691e+22	
2573	1.94838e+22	
2574	4.64514e+22	
2575	6.31271e+22	
2576	9.42686e+22	
2577	1.7341e+23	
2578	1.1782e+23	
2579	6.55967e+22	
2580	2.41252e+22	
2581	3.98959e+22	
2582	5.60067e+22	
2583	3.05545e+23	
2584	2.98314e+25	
2585	1.70635e+23	
2586	3.07925e+22	
2587	1.11226e+22	
2588	7.9976e+21	
2589	8.29618e+21	
2590	1.08251e+22	
2591	3.29859e+22	
2592	5.18861e+22	
2593	2.71961e+22	
2594	1.29666e+22	
2595	6.36095e+21	
2596	8.98736e+21	
2597	9.25431e+21	
2598	1.41604e+23	
2599	2.57067e+22	
2600	4.4702e+21	
2601	3.67699e+21	
2602	6.21942e+21	
2603	2.4361e+22	
2604	3.85288e+22	
2605	9.82469e+22	
2606	2.5804e+23	
2607	2.44874e+24	
2608	1.32381e+23	
2609	2.27004e+22	
2610	8.77654e+21	
2611	4.19934e+21	
2612	4.38318e+21	
2613	5.75199e+21	
2614	6.81991e+21	
2615	4.06054e+21	
2616	2.09694e+21	
2617	2.29314e+21	
2618	2.61024e+21	
2619	3.56339e+21	
2620	4.57788e+21	
2621	8.3064e+21	
2622	7.11969e+21	
2623	7.20158e+21	
2624	9.89157e+21	
2625	1.93978e+22	
2626	2.49865e+22	
2627	1.8843e+22	
2628	6.88991e+21	
2629	5.85991e+21	
2630	7.23174e+21	
2631	1.89658e+22	
2632	2.64273e+22	
2633	4.8327e+22	
2634	6.41862e+22	
2635	2.0937e+23	
2636	2.54987e+24	
2637	1.96577e+24	
2638	4.25325e+23	
2639	2.49952e+23	
2640	2.60936e+23	
2641	1.14349e+23	
2642	2.09641e+23	
2643	5.24731e+23	
2644	1.94283e+24	
2645	3.40775e+25	
2646	5.58119e+23	
2647	3.86691e+23	
2648	1.99595e+23	
2649	1.35103e+23	
2650	3.5071e+22	
2651	3.9003e+22	
2652	3.98534e+22	
2653	2.11139e+23	
2654	3.94161e+23	
2655	2.9271e+24	
2656	6.93636e+24	
2657	5.35004e+23	
2658	2.1404e+23	
2659	7.49318e+22	
2660	4.09359e+22	
2661	8.93174e+22	
2662	5.52239e+22	
2663	3.44892e+22	
2664	1.20458e+22	
2665	5.26629e+21	
2666	1.67946e+21	
2667	7.54664e+20	
2668	2.46069e+21	
2669	3.07867e+21	
2670	3.83895e+21	
2671	5.1321e+21	
2672	6.89853e+21	
2673	4.41943e+21	
2674	1.45292e+21	
2675	6.8144e+20	
2676	3.48102e+20	
2677	3.87497e+20	
2678	4.64203e+20	
2679	5.73314e+20	
2680	4.02111e+20	
2681	3.8438e+20	
2682	2.22315e+20	
2683	2.52293e+20	
2684	1.9098e+20	
2685	1.76023e+20	
2686	7.81482e+20	
2687	2.51632e+21	
2688	5.53157e+22	
2689	2.44442e+22	
2690	3.29643e+21	
2691	1.09369e+21	
2692	2.19655e+20	
2693	1.31689e+20	
2694	3.33592e+20	
2695	5.81988e+20	
2696	4.12366e+20	
2697	1.51903e+20	
2698	6.74617e+19	
2699	2.1132e+19	
2700	1.87411e+19	
2701	3.55711e+19	
2702	5.80674e+19	
2703	5.69684e+19	
2704	1.34265e+20	
2705	1.70036e+20	
2706	3.68818e+23	
2707	1.00674e+20	
2708	3.63987e+19	
2709	1.86136e+19	
2710	1.09678e+19	
2711	9.83298e+18	
2712	1.32394e+19	
2713	2.99292e+19	
2714	3.32737e+19	
2715	2.43201e+19	
2716	2.45825e+19	
2717	1.93976e+19	
2718	1.56619e+19	
2719	1.47988e+19	
2720	9.3978e+18	
2721	1.07903e+19	
2722	1.34119e+19	
2723	1.6231e+19	
2724	1.47401e+19	
2725	2.60296e+19	
2726	3.36983e+19	
2727	5.34495e+19	
2728	1.10915e+20	
2729	1.99322e+20	
2730	1.42247e+21	
2731	4.60521e+20	
2732	1.56153e+20	
2733	8.93485e+19	
2734	8.22141e+19	
2735	7.7152e+19	
2736	7.99149e+19	
2737	1.03141e+20	
2738	1.32115e+20	
2739	1.61443e+20	
2740	6.83453e+19	
2741	6.33804e+19	
2742	1.01733e+20	
2743	6.69506e+20	
2744	1.91305e+21	
2745	1.23292e+20	
2746	2.94077e+19	
2747	1.05613e+19	
2748	5.02468e+18	
2749	4.29006e+18	
2750	5.96641e+18	
2751	7.49772e+18	
2752	1.30552e+19	
2753	5.26138e+19	
2754	1.20388e+20	
2755	6.01675e+18	
2756	3.81933e+18	
2757	2.07264e+18	
2758	9.28134e+17	
2759	6.07336e+17	
2760	6.74941e+17	
2761	9.26661e+17	
2762	8.17967e+17	
2763	6.93442e+17	
2764	1.10165e+18	
2765	1.66818e+18	
2766	2.32831e+18	
2767	3.61544e+18	
2768	6.24861e+18	
2769	3.23234e+19	
2770	1.06211e+20	
2771	4.27052e+18	
2772	1.60499e+18	
2773	2.01731e+18	
2774	2.40139e+18	
2775	3.71249e+18	
2776	3.30404e+18	
2777	3.87122e+18	
2778	6.4893e+18	
2779	1.0176e+19	
2780	1.98802e+19	
2781	2.21102e+19	
2782	1.68141e+19	
2783	1.27095e+19	
2784	7.27309e+18	
2785	8.10174e+18	
2786	7.38996e+18	
2787	8.29522e+18	
2788	9.46298e+18	
2789	4.60522e+19	
2790	1.3664e+21	
2791	2.57844e+20	
2792	2.78075e+19	
2793	1.11478e+19	
2794	6.68627e+18	
2795	5.39424e+18	
2796	5.73544e+18	
2797	5.27513e+18	
2798	4.75435e+18	
2799	4.66062e+18	
2800	3.97192e+18	
2801	3.75136e+18	
2802	4.36065e+18	
2803	5.05788e+18	
2804	4.73892e+18	
2805	3.28067e+18	
2806	2.22828e+18	
2807	2.24986e+18	
2808	3.08905e+18	
2809	2.65085e+18	
2810	1.79675e+18	
2811	1.47303e+18	
2812	1.7346e+18	
2813	1.75786e+18	
2814	1.41835e+18	
2815	6.50517e+17	
2816	4.01984e+17	
2817	4.37591e+17	
2818	4.40043e+17	
2819	5.93691e+17	
2820	8.46136e+17	
2821	3.98908e+17	
2822	4.4249e+17	
2823	3.98286e+17	
2824	3.6483e+17	
2825	3.47417e+17	
2826	4.77546e+17	
2827	6.47336e+17	
2828	3.95689e+17	
2829	3.24352e+18	
2830	9.08465e+19	
2831	1.85561e+18	
2832	7.22253e+17	
2833	6.41129e+17	
2834	1.01462e+18	
2835	1.73584e+18	
2836	1.04028e+18	
2837	8.24927e+17	
2838	1.07025e+18	
2839	1.46991e+18	
2840	1.78575e+18	
2841	9.81196e+18	
2842	1.37426e+21	
2843	1.34421e+19	
2844	3.19629e+18	
2845	3.54308e+18	
2846	4.2538e+18	
2847	5.60696e+18	
2848	6.25652e+18	
2849	9.56846e+18	
2850	1.3613e+19	
2851	1.15888e+19	
2852	1.35125e+19	
2853	2.15119e+19	
2854	3.48726e+19	
2855	4.10492e+19	
2856	2.04834e+19	
2857	1.88796e+19	
2858	2.61538e+19	
2859	2.44899e+19	
2860	3.519e+19	
2861	4.73565e+19	
2862	3.89271e+19	
2863	5.01632e+19	
2864	2.22088e+20	
2865	1.79591e+23	
2866	1.60499e+20	
2867	2.37093e+19	
2868	1.41246e+19	
2869	1.52186e+19	
2870	1.1419e+19	
2871	1.45037e+19	
2872	1.80631e+19	
2873	1.96682e+19	
2874	1.96445e+19	
2875	1.62364e+19	
2876	1.14918e+19	
2877	1.15204e+19	
2878	9.94708e+18	
2879	9.15744e+18	
2880	9.4708e+18	
2881	9.04937e+18	
2882	9.88643e+18	
2883	1.15901e+19	
2884	7.19814e+18	
2885	5.46186e+18	
2886	2.97884e+18	
2887	1.97242e+18	
2888	1.51285e+18	
2889	2.39363e+18	
2890	2.02271e+18	
2891	4.86938e+18	
2892	7.71429e+18	
2893	1.27605e+19	
2894	3.61655e+19	
2895	7.20363e+19	
2896	2.38395e+20	
2897	1.3056e+23	
2898	3.64791e+20	
2899	4.9404e+19	
2900	6.46069e+19	
2901	9.71121e+19	
2902	9.25718e+19	
2903	2.78827e+20	
2904	1.87728e+21	
2905	4.94392e+23	
2906	2.27848e+21	
2907	5.32939e+20	
2908	2.84511e+19	
2909	5.55382e+20	
2910	2.91142e+21	
2911	3.20709e+21	
2912	1.86754e+21	
2913	1.40799e+21	
2914	1.64655e+21	
2915	1.3514e+21	
2916	7.72806e+20	
2917	3.14781e+20	
2918	8.76765e+20	
2919	1.06775e+21	
2920	2.78315e+21	
2921	2.89265e+22	
2922	2.92676e+22	
2923	4.49375e+21	
2924	1.9158e+21	
2925	1.70437e+21	
2926	2.786e+21	
2927	2.13911e+22	
2928	2.71499e+23	
2929	1.00699e+23	
2930	2.94027e+22	
2931	8.5089e+21	
2932	4.44267e+21	
2933	4.58168e+21	
2934	2.16598e+21	
2935	1.15714e+21	
2936	1.29079e+21	
2937	1.40756e+21	
2938	7.69865e+20	
2939	3.5883e+20	
2940	4.32884e+20	
2941	6.80292e+20	
2942	1.68509e+21	
2943	3.77589e+21	
2944	1.4352e+22	
2945	4.02314e+23	
2946	1.14969e+22	
2947	1.97144e+21	
2948	2.02684e+21	
2949	9.2948e+20	
2950	3.70982e+20	
2951	3.59637e+20	
2952	4.85906e+20	
2953	9.33962e+20	
2954	1.36005e+21	
2955	8.46371e+20	
2956	1.00243e+21	
2957	1.16924e+21	
2958	6.69989e+20	
2959	7.53146e+20	
2960	9.80963e+20	
2961	7.59698e+20	
2962	7.92809e+20	
2963	1.43811e+21	
2964	1.08244e+21	
2965	1.08202e+21	
2966	6.05382e+20	
2967	6.20257e+20	
2968	1.25994e+21	
2969	2.63472e+21	
2970	2.18323e+21	
2971	1.75756e+21	
2972	1.06572e+21	
2973	5.77425e+20	
2974	4.96247e+20	
2975	4.19935e+20	
2976	4.72877e+20	
2977	3.4436e+20	
2978	3.02545e+20	
2979	1.36671e+20	
2980	1.32184e+20	
2981	1.16861e+20	
2982	1.14528e+20	
2983	1.51762e+20	
2984	1.82001e+20	
2985	1.65191e+20	
2986	6.04741e+20	
2987	7.34431e+20	
2988	8.44151e+20	
2989	4.4036e+23	
2990	8.97482e+20	
2991	2.0742e+20	
2992	8.8422e+19	
2993	3.05778e+19	
2994	1.65101e+19	
2995	1.08842e+19	
2996	1.0123e+19	
2997	1.05266e+19	
2998	2.06185e+19	
2999	6.61348e+19	
3000	5.21745e+20	
3001	2.19817e+19	
3002	4.65572e+18	
3003	2.74932e+18	
3004	4.98462e+18	
3005	4.43265e+18	
3006	3.83782e+18	
3007	4.03674e+18	
3008	4.80432e+18	
3009	9.39273e+18	
3010	1.3072e+19	
3011	1.29956e+19	
3012	2.36784e+19	
3013	2.15208e+19	
3014	1.5687e+19	
3015	2.7005e+19	
3016	3.11877e+19	
3017	3.01087e+19	
3018	9.48104e+19	
3019	1.58776e+21	
3020	5.41543e+21	
3021	3.00396e+20	
3022	1.06141e+20	
3023	3.55339e+19	
3024	1.30763e+19	
3025	5.47424e+18	
3026	5.94973e+18	
3027	6.19691e+18	
3028	2.89525e+18	
3029	1.31871e+18	
3030	1.14081e+18	
3031	1.57378e+18	
3032	1.35755e+18	
3033	1.09135e+18	
3034	8.54218e+17	
3035	9.41792e+17	
3036	1.20369e+18	
3037	1.70651e+18	
3038	1.2561e+18	
3039	7.96062e+17	
3040	6.37973e+17	
3041	3.85509e+17	
3042	4.56545e+17	
3043	3.93191e+17	
3044	3.38332e+17	
3045	3.70977e+17	
3046	3.80459e+17	
3047	4.03461e+17	
3048	2.85723e+17	
3049	3.51144e+17	
3050	5.5331e+17	
3051	8.59384e+17	
3052	1.02606e+18	
3053	3.5005e+18	
3054	5.05137e+19	
3055	2.81114e+19	
3056	3.75922e+18	
3057	2.05934e+18	
3058	1.94129e+18	
3059	1.7621e+18	
3060	1.11591e+18	
3061	1.02155e+18	
3062	1.35642e+18	
3063	7.25485e+17	
3064	4.99482e+17	
3065	6.93156e+17	
3066	6.48841e+17	
3067	6.73375e+17	
3068	1.62649e+18	
3069	6.78111e+19	
3070	2.28548e+18	
3071	7.38592e+17	
3072	7.09952e+17	
3073	5.46106e+17	
3074	8.59369e+17	
3075	1.07825e+18	
3076	8.71729e+17	
3077	1.11305e+18	
3078	7.07633e+17	
3079	5.07388e+17	
3080	6.4433e+17	
3081	6.9067e+17	
3082	5.4759e+17	
3083	5.0708e+17	
3084	6.80538e+17	
3085	9.80551e+17	
3086	1.09438e+18	
3087	1.48272e+18	
3088	1.41995e+18	
3089	1.58832e+18	
3090	1.27791e+18	
3091	1.48782e+18	
3092	1.58187e+18	
3093	1.32713e+18	
3094	4.95689e+18	
3095	1.50757e+21	
3096	2.42354e+18	
3097	4.96718e+17	
3098	2.98895e+17	
3099	3.41316e+17	
3100	2.56526e+17	
3101	1.63535e+17	
3102	1.63933e+17	
3103	3.4087e+17	
3104	3.55369e+17	
3105	5.65312e+17	
3106	5.9304e+19	
3107	1.93807e+18	
3108	5.46974e+17	
3109	3.39961e+17	
3110	7.04352e+17	
3111	6.6154e+17	
3112	4.35592e+17	
3113	3.08453e+17	
3114	3.79233e+17	
3115	2.07206e+17	
3116	1.39152e+17	
3117	1.80975e+17	
3118	2.02419e+17	
3119	2.29688e+17	
3120	3.483e+17	
3121	3.66595e+17	
3122	2.25677e+17	
3123	2.92786e+17	
3124	3.37144e+17	
3125	2.99055e+17	
3126	2.59234e+17	
3127	2.43962e+17	
3128	2.80752e+17	
3129	2.33089e+17	
3130	1.74512e+17	
3131	2.31855e+17	
3132	3.77577e+17	
3133	3.99694e+17	
3134	3.92125e+17	
3135	1.30577e+17	
3136	2.01952e+16	
3137	4.00668e+16	
3138	1.05911e+17	
3139	2.35533e+17	
3140	1.45715e+18	
3141	9.04534e+19	
3142	9.73074e+17	
3143	2.12965e+17	
3144	1.23921e+17	
3145	7.26868e+16	
3146	6.06094e+16	
3147	4.92541e+16	
3148	4.23747e+16	
3149	2.74917e+16	
3150	5.84763e+16	
3151	7.07279e+16	
3152	1.0733e+17	
3153	1.26595e+17	
3154	9.1654e+16	
3155	6.99556e+16	
3156	2.31156e+16	
3157	6.82367e+16	
3158	2.22966e+17	
3159	4.17171e+17	
3160	5.1249e+17	
3161	1.18127e+18	
3162	9.40474e+18	
3163	4.38798e+20	
3164	4.19733e+18	
3165	4.93146e+17	
3166	2.78193e+17	
3167	8.37092e+16	
3168	6.41714e+16	
3169	1.22613e+17	
3170	9.78466e+17	
3171	8.0262e+17	
3172	6.70038e+16	
3173	1.75333e+16	
3174	5.88166e+15	
3175	2.44738e+15	
3176	7.88381e+15	
3177	2.05082e+16	
3178	6.18335e+16	
3179	1.65971e+17	
3180	1.0342e+17	
3181	1.03788e+17	
3182	5.15062e+16	
3183	1.8766e+16	
3184	9.91945e+15	
3185	1.92364e+16	
3186	5.44944e+16	
3187	8.12122e+16	
3188	3.57158e+16	
3189	8.17552e+15	
3190	1.10571e+16	
3191	1.34663e+16	
3192	1.88639e+16	
3193	3.37734e+16	
3194	1.09361e+17	
3195	1.24841e+19	
3196	1.5641e+17	
3197	3.78532e+16	
3198	2.61725e+16	
3199	1.6253e+16	
3200	1.61189e+16	
3201	2.40118e+16	
3202	1.51009e+16	
3203	1.61198e+16	
3204	1.29061e+16	
3205	1.20582e+16	
3206	1.7435e+16	
3207	2.13122e+16	
3208	2.40826e+16	
3209	5.43921e+16	
3210	1.73409e+17	
3211	2.42932e+18	
3212	4.05623e+16	
3213	1.56355e+16	
3214	8.88567e+15	
3215	5.67506e+15	
3216	5.84183e+15	
3217	4.77651e+15	
3218	7.86688e+15	
3219	1.00719e+16	
3220	1.52485e+16	
3221	2.26072e+16	
3222	2.93807e+16	
3223	4.25244e+16	
3224	2.75771e+16	
3225	1.84157e+16	
3226	1.32492e+16	
3227	9.41774e+15	
3228	1.60423e+16	
3229	1.99373e+16	
3230	4.17984e+16	
3231	2.60123e+17	
3232	3.01461e+18	
3233	7.09132e+17	
3234	8.97037e+16	
3235	1.6832e+16	
3236	9.30354e+15	
3237	1.89014e+16	
3238	5.97096e+16	
3239	2.6716e+16	
3240	1.4134e+16	
3241	1.57145e+16	
3242	1.19627e+16	
3243	8.6407e+15	
3244	1.50869e+16	
3245	1.38266e+16	
3246	1.06867e+16	
3247	9.96245e+15	
3248	1.69497e+16	
3249	3.85262e+16	
3250	7.33696e+16	
3251	1.29373e+17	
3252	1.56606e+17	
3253	1.47873e+17	
3254	1.75979e+17	
3255	1.28427e+17	
3256	2.07575e+17	
3257	3.19157e+17	
3258	4.75809e+17	
3259	4.42981e+17	
3260	5.5424e+17	
3261	9.40147e+17	
3262	2.35729e+18	
3263	5.26872e+18	
3264	1.6327e+19	
3265	1.70313e+20	
3266	1.07367e+20	
3267	1.05532e+19	
3268	3.15854e+18	
3269	1.90507e+18	
3270	1.32001e+18	
3271	1.69099e+18	
3272	1.45412e+18	
3273	8.73926e+17	
3274	1.23491e+18	
3275	1.4398e+18	
3276	2.63222e+18	
3277	3.8765e+18	
3278	1.02697e+19	
3279	5.78957e+20	
3280	1.03866e+19	
3281	3.50919e+18	
3282	3.16538e+18	
3283	4.37148e+18	
3284	3.98592e+18	
3285	2.44471e+18	
3286	3.01639e+18	
3287	5.53696e+18	
3288	7.66828e+18	
3289	8.94931e+19	
3290	2.70589e+19	
3291	4.03821e+18	
3292	1.93411e+18	
3293	8.25915e+17	
3294	9.58897e+17	
3295	4.34068e+17	
3296	6.89365e+17	
3297	2.21037e+18	
3298	1.91491e+19	
3299	3.26965e+19	
3300	9.41414e+18	
3301	6.08305e+18	
3302	5.60588e+18	
3303	5.8244e+18	
3304	6.28281e+18	
3305	1.14277e+19	
3306	2.47504e+19	
3307	6.88551e+19	
3308	7.86778e+20	
3309	3.35189e+20	
3310	2.77659e+19	
3311	5.48809e+18	
3312	3.40055e+19	
3313	3.33566e+19	
3314	1.38516e+19	
3315	5.8839e+18	
3316	2.42077e+18	
3317	1.312e+18	
3318	4.75795e+17	
3319	4.10739e+17	
3320	3.82256e+17	
3321	3.17025e+17	
3322	2.58741e+17	
3323	1.86493e+17	
3324	1.71341e+17	
3325	1.97088e+17	
3326	2.84922e+17	
3327	2.62522e+17	
3328	2.60541e+17	
3329	3.19293e+17	
3330	3.53004e+17	
3331	3.36687e+17	
3332	3.35268e+17	
3333	5.83764e+17	
3334	5.72901e+17	
3335	4.50157e+17	
3336	3.27583e+17	
3337	2.73057e+17	
3338	2.73338e+17	
3339	2.30236e+17	
3340	2.00099e+17	
3341	1.1518e+17	
3342	8.8855e+16	
3343	6.52265e+16	
3344	5.50314e+16	
3345	4.10042e+16	
3346	4.30764e+16	
3347	5.11165e+16	
3348	4.72857e+16	
3349	4.67164e+16	
3350	1.24425e+17	
3351	1.98467e+18	
3352	7.64921e+16	
3353	3.10123e+16	
3354	1.75984e+16	
3355	2.17067e+16	
3356	2.25364e+16	
3357	2.05682e+16	
3358	5.45178e+16	
3359	6.9947e+16	
3360	1.05391e+17	
3361	2.02204e+17	
3362	2.09769e+17	
3363	8.7153e+16	
3364	4.26892e+16	
3365	2.40255e+16	
3366	2.00028e+16	
3367	1.78796e+16	
3368	3.23196e+16	
3369	4.01835e+16	
3370	1.92387e+16	
3371	1.54134e+16	
3372	1.98235e+16	
3373	1.76022e+16	
3374	4.25277e+16	
3375	8.04383e+16	
3376	3.03415e+17	
3377	6.14357e+18	
3378	9.04601e+17	
3379	2.0048e+17	
3380	4.64459e+16	
3381	2.34587e+16	
3382	1.44893e+16	
3383	1.00418e+16	
3384	9.96657e+15	
3385	5.71987e+15	
3386	4.4534e+15	
3387	4.70462e+15	
3388	4.40239e+15	
3389	4.14469e+15	
3390	4.39277e+15	
3391	4.98637e+15	
3392	3.35125e+15	
3393	9.44332e+15	
3394	8.33686e+17	
3395	7.1128e+15	
3396	2.59212e+15	
3397	1.49393e+15	
3398	8.82681e+14	
3399	1.12147e+15	
3400	1.12011e+15	
3401	1.08837e+15	
3402	1.45224e+15	
3403	1.28726e+15	
3404	1.31444e+15	
3405	1.76004e+15	
3406	2.08837e+15	
3407	1.91503e+15	
3408	1.93115e+15	
3409	3.20424e+15	
3410	3.66419e+15	
3411	2.59491e+15	
3412	4.7622e+15	
3413	3.23542e+15	
3414	4.41989e+15	
3415	1.79589e+15	
3416	8.61362e+14	
3417	1.07357e+15	
3418	1.25566e+15	
3419	4.17567e+15	
3420	2.54618e+16	
3421	5.27562e+19	
3422	3.27435e+16	
3423	1.32914e+16	
3424	6.05211e+15	
3425	5.12871e+15	
3426	3.77377e+15	
3427	4.73065e+15	
3428	1.03894e+16	
3429	5.6351e+16	
3430	2.12598e+18	
3431	2.58304e+16	
3432	7.79328e+15	
3433	5.59246e+15	
3434	5.01217e+15	
3435	3.35759e+15	
3436	4.62524e+15	
3437	8.40075e+15	
3438	8.9733e+15	
3439	4.93714e+15	
3440	4.24324e+14	
3441	5.27951e+14	
3442	2.75237e+15	
3443	1.35046e+16	
3444	3.17789e+17	
3445	2.30375e+16	
3446	3.21178e+15	
3447	2.01043e+15	
3448	1.29066e+15	
3449	1.14655e+15	
3450	1.00011e+15	
3451	7.51441e+14	
3452	7.44206e+14	
3453	8.36668e+14	
3454	1.76798e+15	
3455	3.39246e+15	
3456	5.55237e+15	
3457	1.81794e+17	
3458	8.18157e+15	
3459	1.39516e+15	
3460	6.67094e+14	
3461	3.89152e+14	
3462	2.31978e+14	
3463	1.3697e+14	
3464	8.3131e+13	
3465	1.26319e+14	
3466	1.8572e+14	
3467	1.67505e+14	
3468	1.24761e+14	
3469	7.83191e+13	
3470	5.82357e+13	
3471	3.83639e+13	
3472	4.8146e+13	
3473	2.54528e+13	
3474	2.43599e+13	
3475	1.63369e+13	
3476	1.62651e+13	
3477	2.13918e+13	
3478	2.61826e+13	
3479	3.83266e+13	
3480	3.05425e+13	
3481	2.97937e+13	
3482	3.56261e+13	
3483	2.8735e+13	
3484	3.06745e+13	
3485	3.51132e+13	
3486	3.97565e+13	
3487	5.79284e+13	
3488	3.4331e+13	
3489	3.33317e+13	
3490	3.56522e+13	
3491	2.92612e+13	
3492	1.89185e+13	
3493	1.3785e+13	
3494	1.08781e+13	
3495	7.13537e+12	
3496	7.10016e+12	
3497	9.4991e+12	
3498	8.10584e+12	
3499	6.03796e+12	
3500	4.78661e+12	
3501	7.49959e+12	
3502	9.44315e+12	
3503	8.30099e+12	
3504	1.01102e+13	
3505	8.42563e+12	
3506	5.01593e+12	
3507	3.7717e+12	
3508	3.98831e+12	
3509	4.66467e+12	
3510	7.68797e+12	
3511	8.19835e+12	
3512	4.74189e+12	
3513	3.68527e+12	
3514	3.94745e+12	
3515	4.19387e+12	
3516	3.12278e+12	
3517	3.77324e+12	
3518	4.44413e+12	
3519	4.95916e+12	
3520	7.37468e+12	
3521	1.67e+13	
3522	1.36728e+14	
3523	4.8748e+13	
3524	8.06218e+12	
3525	4.67988e+12	
3526	3.85865e+12	
3527	4.90627e+12	
3528	1.1664e+13	
3529	4.43308e+13	
3530	9.68747e+13	
3531	8.7365e+12	
3532	4.64456e+12	
3533	2.89855e+12	
3534	1.90031e+12	
3535	2.13984e+12	
3536	1.98252e+12	
3537	2.00572e+12	
3538	2.63127e+12	
3539	2.9783e+12	
3540	8.20132e+12	
3541	1.17376e+14	
3542	2.1474e+13	
3543	6.08134e+12	
3544	2.86617e+12	
3545	2.42326e+12	
3546	2.62982e+12	
3547	3.08586e+12	
3548	3.18829e+12	
3549	4.44809e+12	
3550	1.25731e+13	
3551	4.91058e+15	
3552	1.68344e+13	
3553	4.59068e+12	
3554	2.65902e+12	
3555	2.57167e+12	
3556	2.36331e+12	
3557	4.03145e+12	
3558	6.00519e+12	
3559	7.80688e+12	
3560	1.2901e+13	
3561	1.51965e+13	
3562	1.14417e+13	
3563	1.17345e+13	
3564	1.18998e+13	
3565	9.97556e+12	
3566	7.00837e+12	
3567	1.08982e+13	
3568	1.67305e+13	
3569	3.0225e+13	
3570	3.29717e+14	
3571	1.08259e+14	
3572	9.25417e+12	
3573	3.91838e+12	
3574	6.08875e+12	
3575	4.01706e+12	
3576	3.73628e+12	
3577	3.90211e+12	
3578	3.81315e+12	
3579	4.90291e+12	
3580	5.00597e+12	
3581	5.36848e+12	
3582	4.70172e+12	
3583	1.29717e+13	
3584	3.35251e+13	
3585	5.98644e+13	
3586	2.43679e+14	
3587	1.3152e+15	
3588	2.31774e+14	
3589	5.08962e+15	
3590	1.3249e+14	
3591	3.05842e+13	
3592	2.87945e+13	
3593	1.58738e+13	
3594	9.46422e+12	
3595	8.07651e+12	
3596	7.50459e+12	
3597	6.66189e+12	
3598	7.29998e+12	
3599	9.30326e+12	
3600	8.46154e+12	
3601	8.10915e+12	
3602	8.92075e+12	
3603	6.45761e+12	
3604	1.07654e+13	
3605	7.63658e+12	
3606	6.09794e+12	
3607	5.47576e+12	
3608	4.78909e+12	
3609	4.05665e+12	
3610	4.51882e+12	
3611	5.70676e+12	
3612	1.95256e+13	
3613	1.91196e+15	
3614	1.23808e+13	
3615	5.32232e+12	
3616	3.90446e+12	
3617	2.48927e+12	
3618	2.35294e+12	
3619	3.09038e+12	
3620	2.93414e+12	
3621	4.96428e+12	
3622	9.37181e+12	
3623	1.3455e+14	
3624	2.848e+13	
3625	7.38645e+12	
3626	4.64991e+12	
3627	6.21582e+12	
3628	6.20352e+12	
3629	5.15026e+12	
3630	4.02464e+12	
3631	3.88837e+12	
3632	3.66245e+12	
3633	3.85457e+12	
3634	4.0789e+12	
3635	5.33382e+12	
3636	5.26896e+12	
3637	5.24375e+12	
3638	5.43662e+12	
3639	5.01298e+12	
3640	5.39263e+12	
3641	8.5003e+12	
3642	7.13498e+12	
3643	6.3549e+12	
3644	6.66995e+12	
3645	5.50408e+12	
3646	5.41349e+12	
3647	3.69362e+12	
3648	4.45199e+12	
3649	4.78982e+12	
3650	7.61642e+12	
3651	1.00954e+13	
3652	1.52112e+13	
3653	3.4643e+13	
3654	3.53035e+14	
3655	5.17304e+14	
3656	4.51791e+13	
3657	2.36658e+13	
3658	1.23049e+13	
3659	1.10936e+13	
3660	9.51261e+12	
3661	1.29854e+13	
3662	7.71348e+12	
3663	5.45307e+12	
3664	4.36914e+12	
3665	4.79222e+12	
3666	4.6648e+12	
3667	4.41856e+12	
3668	3.88764e+12	
3669	4.15279e+12	
3670	5.28851e+12	
3671	2.64332e+13	
3672	8.92767e+13	
3673	5.64375e+12	
3674	2.28503e+12	
3675	1.71449e+12	
3676	2.4577e+12	
3677	2.22758e+12	
3678	1.9385e+12	
3679	1.6294e+12	
3680	1.49002e+12	
3681	1.4674e+12	
3682	1.14921e+12	
3683	8.73592e+11	
3684	1.06085e+12	
3685	1.75563e+12	
3686	1.89593e+12	
3687	1.86764e+12	
3688	1.93541e+12	
3689	3.35661e+12	
3690	4.73271e+12	
3691	5.31916e+12	
3692	3.47011e+12	
3693	2.63791e+12	
3694	1.06599e+12	
3695	6.78198e+11	
3696	4.92825e+11	
3697	1.02902e+12	
3698	1.41651e+12	
3699	1.62088e+12	
3700	8.91022e+11	
3701	1.31765e+12	
3702	1.94389e+12	
3703	2.47791e+12	
3704	6.30983e+12	
3705	1.06128e+13	
3706	2.59482e+13	
3707	7.54287e+13	
3708	4.25602e+14	
3709	2.57004e+16	
3710	3.71012e+14	
3711	1.86656e+15	
3712	5.48432e+14	
3713	1.42783e+14	
3714	4.04926e+13	
3715	2.65003e+13	
3716	1.43186e+13	
3717	7.32738e+12	
3718	4.16638e+12	
3719	2.43543e+12	
3720	1.84688e+12	
3721	1.62823e+12	
3722	2.56862e+12	
3723	1.03939e+13	
3724	7.52041e+14	
3725	4.85174e+12	
3726	1.01432e+12	
3727	4.88224e+11	
3728	4.86047e+11	
3729	6.30272e+11	
3730	5.35487e+11	
3731	7.25126e+11	
3732	1.18789e+12	
3733	1.16418e+13	
3734	2.95674e+13	
3735	2.88046e+12	
3736	1.16478e+12	
3737	4.47262e+11	
3738	1.93181e+11	
3739	1.24484e+11	
3740	1.38171e+11	
3741	1.84187e+11	
3742	1.96415e+11	
3743	3.03369e+12	
3744	8.98606e+11	
3745	1.05398e+11	
3746	9.87076e+10	
3747	7.7954e+10	
3748	5.32038e+10	
3749	4.29163e+10	
3750	3.50698e+10	
3751	2.51735e+10	
3752	3.17501e+10	
3753	2.99259e+10	
3754	4.93451e+10	
3755	3.74138e+10	
3756	3.01123e+10	
3757	5.18736e+10	
3758	4.29081e+10	
3759	7.18366e+10	
3760	1.08125e+11	
3761	6.87252e+10	
3762	9.78332e+10	
3763	1.48252e+11	
3764	8.89589e+11	
3765	4.13947e+12	
3766	2.1564e+11	
3767	9.4952e+10	
3768	6.39466e+10	
3769	4.67505e+10	
3770	3.61644e+10	
3771	2.17229e+10	
3772	1.74436e+10	
3773	1.7079e+10	
3774	2.09663e+10	
3775	1.77279e+10	
3776	2.2814e+10	
3777	2.27891e+10	
3778	2.99312e+10	
3779	2.37921e+10	
3780	2.48503e+10	
3781	2.66946e+10	
3782	2.71966e+10	
3783	3.65676e+10	
3784	1.17309e+11	
3785	8.65444e+13	
3786	1.225e+11	
3787	2.97264e+10	
3788	2.26668e+10	
3789	2.44584e+10	
3790	2.19316e+10	
3791	2.32035e+10	
3792	1.38752e+10	
3793	1.44507e+10	
3794	1.49084e+10	
3795	9.26811e+09	
3796	9.64221e+09	
3797	8.18965e+09	
3798	8.43532e+09	
3799	9.39027e+09	
3800	1.21428e+10	
3801	1.91506e+10	
3802	2.5011e+10	
3803	3.59995e+10	
3804	1.48603e+10	
3805	9.99635e+09	
3806	1.93762e+10	
3807	5.56664e+10	
3808	1.33554e+11	
3809	8.39072e+11	
3810	1.14369e+12	
3811	1.37027e+11	
3812	4.2418e+10	
3813	1.79408e+10	
3814	9.19725e+09	
3815	7.56669e+09	
3816	7.0019e+09	
3817	9.74845e+09	
3818	8.27438e+09	
3819	7.20699e+09	
3820	9.60189e+09	
3821	1.28936e+10	
3822	1.01169e+10	
3823	7.14086e+09	
3824	6.42607e+09	
3825	5.96322e+09	
3826	7.03491e+09	
3827	1.35396e+10	
3828	1.48487e+10	
3829	6.49061e+10	
3830	8.83582e+11	
3831	7.6322e+11	
3832	6.10528e+10	
3833	1.64064e+10	
3834	1.46908e+10	
3835	1.67678e+10	
3836	1.24699e+10	
3837	1.96077e+10	
3838	3.77456e+10	
3839	1.4699e+11	
3840	5.3263e+12	
3841	1.3524e+11	
3842	3.6351e+10	
3843	1.83046e+10	
3844	2.91316e+10	
3845	7.72802e+10	
3846	1.03184e+11	
3847	8.27505e+10	
3848	7.66447e+10	
3849	5.12646e+10	
3850	3.62352e+10	
3851	2.24563e+10	
3852	1.80321e+10	
3853	1.4788e+10	
3854	1.12892e+10	
3855	1.34688e+10	
3856	1.44658e+10	
3857	1.08503e+10	
3858	1.32973e+10	
3859	1.14567e+10	
3860	6.03412e+09	
3861	6.40565e+09	
3862	5.5928e+09	
3863	7.5974e+09	
3864	8.44461e+09	
3865	1.00436e+10	
3866	1.02606e+10	
3867	1.09501e+10	
3868	1.11775e+10	
3869	1.14655e+10	
3870	8.71046e+09	
3871	1.0067e+10	
3872	9.78225e+09	
3873	7.58174e+09	
3874	7.10837e+09	
3875	7.97785e+09	
3876	8.58099e+09	
3877	8.85703e+09	
3878	8.94939e+09	
3879	1.01063e+10	
3880	7.19292e+09	
3881	5.42067e+09	
3882	6.86513e+09	
3883	9.4733e+09	
3884	1.98872e+10	
3885	1.83802e+11	
3886	2.36337e+11	
3887	2.77846e+10	
3888	1.77015e+10	
3889	1.20153e+10	
3890	1.21154e+10	
3891	1.52677e+10	
3892	2.21145e+10	
3893	3.58305e+10	
3894	1.38848e+11	
3895	4.6712e+11	
3896	4.10053e+10	
3897	1.095e+10	
3898	9.28319e+09	
3899	8.81032e+09	
3900	6.69701e+09	
3901	6.93769e+09	
3902	8.07707e+09	
3903	9.72654e+09	
3904	1.37485e+10	
3905	1.07744e+10	
3906	2.33821e+10	
3907	1.99473e+11	
3908	5.95593e+11	
3909	3.50041e+10	
3910	1.26658e+10	
3911	8.78543e+09	
3912	9.33185e+09	
3913	9.66689e+09	
3914	1.03046e+10	
3915	1.52628e+10	
3916	1.81906e+10	
3917	1.51316e+10	
3918	1.88678e+10	
3919	1.32407e+10	
3920	8.71676e+09	
3921	1.02649e+10	
3922	9.68664e+09	
3923	9.40473e+09	
3924	1.08266e+10	
3925	9.24716e+09	
3926	7.95142e+09	
3927	1.00246e+10	
3928	7.70538e+09	
3929	9.71524e+09	
3930	1.71491e+10	
3931	1.47966e+10	
3932	1.08654e+10	
3933	9.1164e+09	
3934	7.67842e+09	
3935	9.1892e+09	
3936	1.06736e+10	
3937	9.61782e+09	
3938	9.45741e+09	
3939	1.04272e+10	
3940	1.05128e+10	
3941	1.10619e+10	
3942	1.12865e+10	
3943	1.56664e+10	
3944	1.43644e+10	
3945	2.29449e+10	
3946	1.07881e+11	
3947	1.33936e+12	
3948	4.95138e+10	
3949	2.39415e+10	
3950	1.31473e+10	
3951	1.2879e+10	
3952	9.62924e+09	
3953	9.21652e+09	
3954	1.1406e+10	
3955	9.08829e+09	
3956	8.04429e+09	
3957	8.11426e+09	
3958	4.61426e+09	
3959	3.73568e+09	
3960	2.90385e+09	
3961	4.24767e+09	
3962	5.11587e+09	
3963	4.32601e+09	
3964	7.28803e+09	
3965	1.22308e+10	
3966	2.26773e+10	
3967	1.38331e+11	
3968	3.91718e+11	
3969	2.97351e+10	
3970	1.55839e+10	
3971	8.4873e+09	
3972	5.48432e+09	
3973	8.60894e+09	
3974	1.06754e+10	
3975	8.30587e+09	
3976	7.80016e+09	
3977	1.8592e+09	
3978	6.98724e+08	
3979	1.60438e+09	
3980	4.23838e+09	
3981	8.53197e+09	
3982	8.79349e+09	
3983	7.81356e+09	
3984	1.80649e+10	
3985	1.71916e+10	
3986	2.88142e+10	
3987	6.01328e+10	
3988	1.1104e+11	
3989	3.27271e+11	
3990	9.32794e+14	
3991	3.2244e+11	
3992	6.21502e+10	
3993	2.97597e+10	
3994	1.86355e+10	
3995	3.02821e+10	
3996	3.04409e+10	
3997	5.44273e+10	
3998	1.35598e+11	
3999	1.94252e+11	
4000	9.02313e+11	
4001	2.48174e+13	
4002	7.0478e+11	
4003	3.18918e+11	
4004	1.54943e+11	
4005	7.85768e+10	
4006	3.8433e+10	
4007	5.361e+10	
4008	1.11966e+11	
4009	2.32427e+11	
4010	6.00787e+11	
4011	1.04767e+16	
4012	3.68104e+11	
4013	3.39036e+10	
4014	8.14091e+09	
4015	3.85425e+09	
4016	1.71434e+09	
4017	1.16729e+09	
4018	3.54604e+09	
4019	6.32201e+09	
4020	6.07001e+09	
4021	7.27851e+09	
4022	6.32002e+09	
4023	2.63404e+09	
4024	1.26817e+09	
4025	6.71185e+08	
4026	1.32387e+09	
4027	3.77571e+09	
4028	4.60243e+09	
4029	4.0084e+09	
4030	4.07294e+09	
4031	2.08064e+09	
4032	1.54537e+09	
4033	2.04138e+09	
4034	8.14909e+09	
4035	6.10693e+10	
4036	1.15253e+11	
4037	1.1816e+10	
4038	6.95308e+09	
4039	3.618e+09	
4040	1.80048e+09	
4041	7.83465e+08	
4042	4.72677e+08	
4043	4.29659e+08	
4044	7.99137e+08	
4045	7.90329e+08	
4046	6.17751e+08	
4047	1.44079e+09	
4048	5.20313e+09	
4049	9.86423e+10	
4050	1.5736e+09	
4051	5.24013e+08	
4052	2.1309e+08	
4053	2.44287e+08	
4054	2.47737e+08	
4055	3.47346e+08	
4056	3.7781e+08	
4057	1.50248e+08	
4058	2.55238e+08	
4059	2.53847e+08	
4060	3.29199e+08	
4061	2.6886e+08	
4062	1.76416e+08	
4063	1.19092e+08	
4064	9.99879e+07	
4065	7.87969e+07	
4066	6.51946e+07	
4067	8.33286e+07	
4068	9.32168e+07	
4069	1.63714e+08	
4070	1.95433e+08	
4071	1.45791e+08	
4072	1.2583e+08	
4073	1.59105e+08	
4074	9.71571e+07	
4075	7.16644e+07	
4076	6.68219e+07	
4077	6.47488e+07	
4078	1.03603e+08	
4079	8.06756e+07	
4080	7.1395e+07	
4081	5.24232e+07	
4082	4.93148e+07	
4083	4.06817e+07	
4084	6.6547e+07	
4085	9.07475e+07	
4086	1.58428e+08	
4087	2.36012e+08	
4088	2.81184e+08	
4089	3.22872e+08	
4090	4.89436e+08	
4091	5.54632e+08	
4092	1.42913e+09	
4093	5.86067e+09	
4094	6.9268e+11	
4095	4.61006e+09	
4096	1.24484e+09	
4097	1.0427e+09	
4098	5.10144e+08	
4099	3.1736e+08	
4100	1.91606e+08	
4101	1.36008e+08	
4102	1.58455e+08	
4103	1.87808e+08	
4104	1.96092e+08	
4105	2.72985e+08	
4106	2.45615e+08	
4107	3.44116e+08	
4108	7.589e+08	
4109	4.8785e+09	
4110	7.8539e+09	
4111	8.87611e+08	
4112	6.79823e+08	
4113	6.76159e+08	
4114	7.67636e+08	
4115	8.69125e+08	
4116	1.50339e+09	
4117	1.17392e+10	
4118	9.2874e+10	
4119	3.57463e+09	
4120	1.14483e+09	
4121	9.83478e+08	
4122	8.23272e+08	
4123	6.46206e+08	
4124	7.76111e+08	
4125	1.18993e+09	
4126	1.63744e+09	
4127	2.56324e+10	
4128	6.21459e+09	
4129	1.63821e+09	
4130	7.12222e+08	
4131	4.57087e+08	
4132	3.64882e+08	
4133	4.32097e+08	
4134	5.39782e+08	
4135	4.34162e+08	
4136	4.28827e+08	
4137	4.2806e+08	
4138	7.01135e+08	
4139	4.47468e+09	
4140	3.35046e+10	
4141	1.40912e+09	
4142	4.42022e+08	
4143	4.1433e+08	
4144	3.90784e+08	
4145	3.285e+08	
4146	4.97794e+08	
4147	2.89783e+08	
4148	3.90374e+08	
4149	2.90751e+08	
4150	2.18062e+08	
4151	2.33561e+08	
4152	1.71682e+08	
4153	1.93197e+08	
4154	1.82196e+08	
4155	1.75626e+08	
4156	2.608e+08	
4157	3.3258e+08	
4158	3.70905e+08	
4159	3.54602e+08	
4160	3.69631e+08	
4161	7.64919e+08	
4162	8.05589e+08	
4163	1.04852e+09	
4164	5.40701e+09	
4165	3.3066e+11	
4166	7.6765e+09	
4167	2.82661e+09	
4168	1.4943e+09	
4169	1.50452e+09	
4170	8.09105e+08	
4171	8.88014e+08	
4172	7.53737e+08	
4173	7.45821e+08	
4174	1.65832e+09	
4175	1.86288e+09	
4176	1.52474e+09	
4177	1.26135e+09	
4178	1.48704e+09	
4179	1.86344e+09	
4180	2.00308e+09	
4181	6.49863e+09	
4182	1.58567e+10	
4183	3.54151e+12	
4184	9.35834e+09	
4185	2.80899e+09	
4186	1.68949e+09	
4187	1.18308e+09	
4188	1.12767e+09	
4189	1.40464e+09	
4190	1.48765e+09	
4191	1.53017e+09	
4192	1.60893e+09	
4193	2.01779e+09	
4194	1.38357e+09	
4195	1.37451e+09	
4196	1.33147e+09	
4197	8.42048e+08	
4198	7.87363e+08	
4199	6.97848e+08	
4200	7.9096e+08	
4201	1.21499e+09	
4202	1.14187e+09	
4203	1.32607e+09	
4204	8.86585e+08	
4205	8.51069e+08	
4206	7.46934e+08	
4207	6.90498e+08	
4208	8.70391e+08	
4209	7.63155e+08	
4210	6.46276e+08	
4211	5.97613e+08	
4212	5.96428e+08	
4213	5.11498e+08	
4214	3.93529e+08	
4215	3.54635e+08	
4216	3.29404e+08	
4217	3.43023e+08	
4218	3.3592e+08	
4219	4.15926e+08	
4220	3.91954e+08	
4221	5.18912e+08	
4222	5.14136e+08	
4223	3.05993e+08	
4224	2.69198e+08	
4225	3.2279e+08	
4226	3.13428e+08	
4227	3.77796e+08	
4228	2.8353e+08	
4229	2.37823e+08	
4230	2.19014e+08	
4231	1.37328e+08	
4232	1.20628e+08	
4233	1.02806e+08	
4234	1.52198e+08	
4235	1.67873e+08	
4236	1.67334e+08	
4237	1.47413e+08	
4238	7.52404e+07	
4239	6.21782e+07	
4240	5.71935e+07	
4241	7.82259e+07	
4242	5.95659e+07	
4243	9.94875e+07	
4244	9.51488e+07	
4245	6.86145e+07	
4246	4.44728e+07	
4247	4.55017e+07	
4248	4.44743e+07	
4249	5.11943e+07	
4250	5.06246e+07	
4251	7.28054e+07	
4252	1.57267e+08	
4253	2.72093e+08	
4254	1.31847e+09	
4255	9.50126e+10	
4256	9.07132e+08	
4257	3.56336e+08	
4258	2.38322e+08	
4259	1.0543e+08	
4260	8.88798e+07	
4261	1.35402e+08	
4262	2.67888e+08	
4263	2.3606e+08	
4264	4.73714e+08	
4265	1.46442e+09	
4266	7.35965e+09	
4267	5.04126e+10	
4268	1.71312e+09	
4269	6.43192e+08	
4270	3.56469e+08	
4271	1.33283e+08	
4272	4.00105e+08	
4273	1.00108e+09	
4274	4.37657e+09	
4275	1.07077e+13	
4276	5.72155e+09	
4277	2.19955e+09	
4278	1.47787e+09	
4279	9.25546e+08	
4280	1.14114e+09	
4281	2.24211e+09	
4282	8.36568e+09	
4283	6.55587e+10	
4284	2.83956e+09	
4285	8.98613e+08	
4286	5.52312e+08	
4287	3.20614e+08	
4288	2.75556e+08	
4289	2.4528e+08	
4290	2.87708e+08	
4291	1.4348e+09	
4292	2.60422e+09	
4293	1.25661e+10	
4294	1.90519e+10	
4295	3.31035e+09	
4296	1.21235e+09	
4297	5.69596e+08	
4298	2.85622e+08	
4299	3.94857e+08	
4300	3.30749e+08	
4301	3.27732e+08	
4302	2.51944e+08	
4303	2.02198e+08	
4304	2.00493e+08	
4305	1.82964e+08	
4306	1.39938e+08	
4307	1.76971e+08	
4308	6.70148e+07	
4309	5.41531e+07	
4310	8.09596e+07	
4311	1.9526e+08	
4312	6.50639e+08	
4313	6.75576e+09	
4314	8.0296e+09	
4315	5.80201e+08	
4316	3.37574e+08	
4317	1.45482e+08	
4318	5.44539e+07	
4319	5.59403e+07	
4320	9.61384e+07	
4321	2.92997e+08	
4322	7.3176e+09	
4323	7.08046e+08	
4324	2.75838e+08	
4325	1.10273e+08	
4326	9.90377e+07	
4327	1.03348e+08	
4328	6.84862e+07	
4329	5.1785e+07	
4330	4.20424e+07	
4331	4.37642e+07	
4332	3.49539e+07	
4333	2.11493e+07	
4334	2.22676e+07	
4335	1.9095e+07	
4336	1.402e+07	
4337	1.39621e+07	
4338	2.05442e+07	
4339	1.91198e+07	
4340	2.42838e+07	
4341	3.01338e+07	
4342	2.84892e+07	
4343	2.93436e+07	
4344	2.2717e+07	
4345	2.1506e+07	
4346	2.80829e+07	
4347	2.38159e+07	
4348	2.60055e+07	
4349	2.70952e+07	
4350	2.76193e+07	
4351	3.24204e+07	
4352	4.44791e+07	
4353	4.84404e+07	
4354	4.98877e+07	
4355	5.0421e+07	
4356	5.36403e+07	
4357	6.48902e+07	
4358	1.02515e+08	
4359	1.85386e+08	
4360	2.04857e+08	
4361	1.28477e+08	
4362	1.12486e+08	
4363	7.75577e+07	
4364	3.71387e+07	
4365	4.87015e+07	
4366	1.19952e+08	
4367	1.18584e+09	
4368	1.48017e+09	
4369	2.27835e+08	
4370	8.06466e+07	
4371	7.46667e+07	
4372	5.1532e+07	
4373	2.97826e+07	
4374	2.42887e+07	
4375	1.81485e+07	
4376	1.86659e+07	
4377	1.81582e+07	
4378	2.12161e+07	
4379	3.48142e+07	
4380	4.18502e+08	
4381	8.2881e+07	
4382	2.04309e+07	
4383	1.24263e+07	
4384	1.71328e+07	
4385	1.43843e+07	
4386	1.74679e+07	
4387	1.81374e+07	
4388	1.3883e+07	
4389	1.21169e+07	
4390	7.67929e+06	
4391	1.04962e+07	
4392	1.3497e+07	
4393	1.56061e+07	
4394	2.39462e+07	
4395	3.93111e+07	
4396	8.18637e+07	
4397	6.10441e+07	
4398	3.48926e+07	
4399	3.84317e+06	
4400	1.62158e+07	
4401	1.03614e+08	
4402	5.0478e+08	
4403	2.75549e+07	
4404	7.04438e+06	
4405	5.64918e+06	
4406	3.55011e+06	
4407	3.19017e+06	
4408	2.41006e+06	
4409	2.8914e+06	
4410	5.90526e+06	
4411	2.34472e+07	
4412	1.70305e+10	
4413	2.18899e+07	
4414	8.21284e+06	
4415	3.93894e+06	
4416	3.88755e+06	
4417	2.52097e+06	
4418	2.49675e+06	
4419	2.33982e+06	
4420	3.05766e+06	
4421	2.75555e+06	
4422	3.89602e+06	
4423	7.50116e+06	
4424	1.52969e+09	
4425	7.81342e+06	
4426	3.05775e+06	
4427	2.09939e+06	
4428	1.48411e+06	
4429	2.04514e+06	
4430	2.3424e+06	
4431	2.86003e+06	
4432	4.14122e+06	
4433	3.69374e+06	
4434	3.1697e+06	
4435	3.13525e+06	
4436	2.49138e+06	
4437	2.13655e+06	
4438	2.74923e+06	
4439	2.46537e+06	
4440	2.15873e+06	
4441	2.37646e+06	
4442	2.06218e+06	
4443	2.21192e+06	
4444	1.75804e+06	
4445	1.64681e+06	
4446	2.9025e+06	
4447	3.79013e+06	
4448	1.4228e+07	
4449	8.8921e+07	
4450	7.55371e+07	
4451	1.13852e+07	
4452	4.51511e+06	
4453	2.69468e+06	
4454	2.1404e+06	
4455	2.36849e+06	
4456	2.4163e+06	
4457	3.14695e+06	
4458	2.95084e+06	
4459	2.92484e+06	
4460	2.30269e+06	
4461	2.3712e+06	
4462	2.47093e+06	
4463	3.53247e+06	
4464	3.88858e+06	
4465	7.39985e+06	
4466	8.45835e+06	
4467	1.32577e+07	
4468	2.38266e+07	
4469	7.87655e+07	
4470	7.77531e+07	
4471	2.97985e+07	
4472	7.50794e+06	
4473	1.47593e+08	
4474	1.31524e+11	
4475	1.29856e+08	
4476	2.90621e+07	
4477	7.62211e+06	
4478	2.85616e+06	
4479	1.95981e+06	
4480	1.73414e+06	
4481	1.48819e+06	
4482	1.53447e+06	
4483	1.55027e+06	
4484	1.09481e+06	
4485	827710	
4486	1.07476e+06	
4487	1.14302e+06	
4488	1.32585e+06	
4489	1.16547e+06	
4490	1.06299e+06	
4491	1.01243e+06	
4492	934733	
4493	1.03859e+06	
4494	806162	
4495	804247	
4496	833153	
4497	942823	
4498	1.24787e+06	
4499	3.50168e+06	
4500	4.87251e+07	
4501	3.13984e+07	
4502	5.18742e+06	
4503	1.48939e+06	
4504	832853	
4505	662409	
4506	667239	
4507	745506	
4508	705904	
4509	766696	
4510	1.21898e+06	
4511	1.59727e+06	
4512	2.43291e+06	
4513	1.37097e+07	
4514	1.84806e+14	
4515	1.04247e+07	
4516	3.58587e+06	
4517	3.02821e+06	
4518	2.40697e+06	
4519	2.16555e+06	
4520	1.5868e+06	
4521	1.41447e+06	
4522	1.6083e+06	
4523	944856	
4524	924158	
4525	950267	
4526	717995	
4527	756050	
4528	754764	
4529	939111	
4530	735039	
4531	571892	
4532	491183	
4533	483986	
4534	365309	
4535	299368	
4536	205163	
4537	217099	
4538	216449	
4539	279954	
4540	376335	
4541	408796	
4542	325540	
4543	305602	
4544	393628	
4545	400580	
4546	644183	
4547	750741	
4548	910355	
4549	1.15082e+06	
4550	957139	
4551	541380	
4552	291288	
4553	65887.9	
4554	373947	
4555	937914	
4556	2.34485e+06	
4557	7.33627e+06	
4558	2.56904e+07	
4559	4.13091e+08	
4560	5.82903e+06	
4561	1.20793e+06	
4562	926359	
4563	366197	
4564	290065	
4565	203808	
4566	335660	
4567	494712	
4568	344732	
4569	725625	
4570	1.18881e+06	
4571	4.31036e+06	
4572	1.59637e+07	
4573	7.84165e+10	
4574	2.39125e+07	
4575	4.0371e+06	
4576	3.82174e+06	
4577	1.9847e+06	
4578	1.44442e+06	
4579	4.96845e+06	
4580	3.58602e+07	
4581	1.83986e+08	
4582	9.7842e+06	
4583	2.35063e+06	
4584	663236	
4585	391332	
4586	210717	
4587	275039	
4588	281248	
4589	308957	
4590	262863	
4591	444460	
4592	606692	
4593	1.23055e+06	
4594	1.2378e+06	
4595	1.15537e+06	
4596	511237	
4597	360336	
4598	382803	
4599	1.68693e+06	
4600	4.21386e+08	
4601	1.56461e+06	
4602	545534	
4603	241634	
4604	207689	
4605	540600	
4606	2.12296e+06	
4607	1.2454e+07	
4608	2.43422e+07	
4609	1.4807e+06	
4610	631884	
4611	211958	
4612	150326	
4613	96350.1	
4614	119707	
4615	176211	
4616	220510	
4617	237781	
4618	285687	
4619	834672	
4620	8.24815e+07	
4621	546422	
4622	203199	
4623	139575	
4624	114885	
4625	86036	
4626	104762	
4627	69492.7	
4628	77183.6	
4629	59812.1	
4630	59314.2	
4631	85269.4	
4632	130955	
4633	67303.2	
4634	81935.9	
4635	99191.5	
4636	78161.5	
4637	52610.3	
4638	45285.2	
4639	46931.7	
4640	40370.8	
4641	32782.9	
4642	29798.7	
4643	32584.2	
4644	30442.8	
4645	28377.3	
4646	29010.2	
4647	30516.9	
4648	37365.8	
4649	40603.9	
4650	46026.4	
4651	50037.8	
4652	58768.8	
4653	60765.4	
4654	51421	
4655	41689.1	
4656	42970.7	
4657	46336.8	
4658	47402.7	
4659	46673.7	
4660	42505.8	
4661	55864.1	
4662	72340.6	
4663	114368	
4664	205935	
4665	393862	
4666	7.29509e+06	
4667	1.58865e+06	
4668	490752	
4669	156198	
4670	159991	
4671	157468	
4672	162236	
4673	129694	
4674	112466	
4675	110579	
4676	88888.6	
4677	103890	
4678	117236	
4679	137485	
4680	189463	
4681	252434	
4682	171323	
4683	57816	
4684	34076	
4685	62634	
4686	146333	
4687	1.11894e+06	
4688	1.29712e+09	
4689	1.0312e+06	
4690	258019	
4691	170648	
4692	112391	
4693	48253.3	
4694	27187.3	
4695	27018.7	
4696	24407.9	
4697	29192.1	
4698	18302.5	
4699	13072.5	
4700	8638.1	
4701	7301.24	
4702	6870.79	
4703	7139.77	
4704	6051.57	
4705	7704.96	
4706	7816.1	
4707	7713.43	
4708	6734.89	
4709	5570.74	
4710	3542.78	
4711	3023.84	
4712	3470.77	
4713	2844.23	
4714	3316.16	
4715	3285.33	
4716	2643.62	
4717	2439.51	
4718	2832.68	
4719	5161.34	
4720	10247	
4721	80689.2	
4722	60115.7	
4723	7633.28	
4724	7516.08	
4725	4626	
4726	3163.18	
4727	3353.36	
4728	4210.71	
4729	4543.02	
4730	5647.21	
4731	9940.5	
4732	10046.5	
4733	14410.2	
4734	32495.6	
4735	351212	
4736	128713	
4737	19392.7	
4738	14492.6	
4739	12325.7	
4740	14289.2	
4741	14806.6	
4742	13196.7	
4743	12617	
4744	16398.4	
4745	11519.9	
4746	15344.3	
4747	20560.9	
4748	22607.5	
4749	19777	
4750	18210.6	
4751	8592.51	
4752	10310.6	
4753	30093.9	
4754	134534	
4755	4.6964e+07	
4756	114669	
4757	33323.4	
4758	15190.2	
4759	9961.93	
4760	8112.37	
4761	8131.12	
4762	11313.6	
4763	29731.9	
4764	393284	
4765	77472.6	
4766	14788	
4767	8245.39	
4768	9559.16	
4769	10430	
4770	11652.8	
4771	33449.4	
4772	630961	
4773	78000.8	
4774	10842	
4775	7223.69	
4776	6110.54	
4777	4265.53	
4778	3691.96	
4779	2478	
4780	2476.85	
4781	1892.38	
4782	2095.8	
4783	2441.07	
4784	2353.95	
4785	4212.83	
4786	3659.45	
4787	3859.68	
4788	2503.87	
4789	1572.35	
4790	1309.02	
4791	1422.97	
4792	1330.54	
4793	2117.91	
4794	1930.95	
4795	2571.83	
4796	2411.18	
4797	2342.66	
4798	1970.07	
4799	2373.49	
4800	1944.79	
4801	2628.4	
4802	3275.59	
4803	3327.84	
4804	4760.9	
4805	7829.46	
4806	6158.01	
4807	9223.02	
4808	11947.1	
4809	18436	
4810	19586.2	
4811	18708	
4812	10190.5	
4813	2905.56	
4814	5195.93	
4815	9637.56	
4816	21767.1	
4817	170429	
4818	5.00839e+06	
4819	94702.8	
4820	25468.3	
4821	25437.1	
4822	26949.4	
4823	22035.3	
4824	18850.3	
4825	60811.2	
4826	141738	
4827	247315	
4828	493358	
4829	4.91065e+06	
4830	1.05745e+06	
4831	203980	
4832	82602.6	
4833	73023.8	
4834	114835	
4835	130073	
4836	168255	
4837	192710	
4838	224756	
4839	436849	
4840	3.07795e+06	
4841	887841	
4842	134518	
4843	62597.7	
4844	65188.8	
4845	39949.2	
4846	32411.8	
4847	36516.2	
4848	56988.3	
4849	166350	
4850	614402	
4851	35693.3	
4852	9246.21	
4853	3008.04	
4854	3326.71	
4855	2982.74	
4856	3683.25	
4857	8002.25	
4858	9483.49	
4859	12559.5	
4860	45224.1	
4861	3.64882e+06	
4862	25390.7	
4863	7797.29	
4864	2831.09	
4865	2263.85	
4866	1517.95	
4867	613.341	
4868	291.364	
4869	141.113	
4870	308.899	
4871	636.154	
4872	1354.04	
4873	1042.53	
4874	827.12	
4875	302.476	
4876	155.823	
4877	114.613	
4878	117.726	
4879	127.113	
4880	191.893	
4881	349.255	
4882	508.197	
4883	1463.78	
4884	2236.89	
4885	4355.54	
4886	7140.55	
4887	6200.54	
4888	21355.8	
4889	8.47467e+06	
4890	25083	
4891	9382.27	
4892	3731.78	
4893	2075.56	
4894	990.836	
4895	877.879	
4896	745.938	
4897	706.6	
4898	625.222	
4899	591.833	
4900	1573.72	
4901	4046.27	
4902	52422.7	
4903	49994.8	
4904	4780.81	
4905	2285.75	
4906	1342.76	
4907	984.073	
4908	809.97	
4909	694.644	
4910	590.91	
4911	400.941	
4912	487.593	
4913	784.946	
4914	1140.23	
4915	889.173	
4916	698.304	
4917	551.435	
4918	455.913	
4919	336.239	
4920	179.21	
4921	151.369	
4922	193.462	
4923	261.163	
4924	367.744	
4925	308.341	
4926	356.361	
4927	256.349	
4928	269.832	
4929	195.864	
4930	227.578	
4931	208.854	
4932	199.993	
4933	304.879	
4934	350.982	
4935	334.733	
4936	283.618	
4937	259.531	
4938	287.799	
4939	319.659	
4940	349.506	
4941	411.701	
4942	377.146	
4943	360.587	
4944	210.651	
4945	134.213	
4946	120.609	
4947	120.164	
4948	217.476	
4949	310.525	
4950	415.564	
4951	802.956	
4952	2177.29	
4953	7361.07	
4954	76859.5	
4955	92857.4	
4956	10040.6	
4957	3507.78	
4958	2658.94	
4959	2943.15	
4960	2780.17	
4961	2231.92	
4962	1089.74	
4963	1301.66	
4964	1485.18	
4965	2018.7	
4966	1077.72	
4967	938.612	
4968	896.799	
4969	1163.49	
4970	1305.38	
4971	612.96	
4972	443.958	
4973	543.386	
4974	640.606	
4975	783.283	
4976	753.551	
4977	657.441	
4978	572.426	
4979	477.488	
4980	403.922	
4981	384.324	
4982	498.3	
4983	545.623	
4984	455.256	
4985	352.681	
4986	303.957	
4987	378.072	
4988	403.076	
4989	322.356	
4990	390.36	
4991	388.767	
4992	524.219	
4993	1396.31	
4994	2517.92	
4995	2176.89	
4996	511.334	
4997	386.095	
4998	1585.45	
4999	8143.17	
5000	32709	
# iterates cost: 14.5214
