# Reading DATA...
# Reading Matrix Successfully!
MRSM
0	3.93972e+26
1	3.27225e+25
2	8.32292e+24
3	3.40637e+24
4	1.71777e+24
5	9.96118e+23
6	6.31016e+23
7	4.26962e+23
8	3.02983e+23
9	2.23437e+23
10	1.6984e+23
11	1.32453e+23
12	1.05504e+23
13	8.55999e+22
14	7.05451e+22
15	5.89486e+22
16	4.98525e+22
17	4.26152e+22
18	3.67736e+22
19	3.20042e+22
20	2.80644e+22
21	2.47792e+22
22	2.20131e+22
23	1.96658e+22
24	1.76577e+22
25	1.59285e+22
26	1.44291e+22
27	1.31217e+22
28	1.1975e+22
29	1.09645e+22
30	1.00696e+22
31	9.2737e+21
32	8.56283e+21
33	7.92563e+21
34	7.35233e+21
35	6.83491e+21
36	6.36639e+21
37	5.941e+21
38	5.55364e+21
39	5.20008e+21
40	4.87653e+21
41	4.57982e+21
42	4.30711e+21
43	4.05598e+21
44	3.82425e+21
45	3.61007e+21
46	3.41174e+21
47	3.22781e+21
48	3.05695e+21
49	2.89802e+21
50	2.74997e+21
51	2.61187e+21
52	2.48289e+21
53	2.36229e+21
54	2.24938e+21
55	2.14356e+21
56	2.04427e+21
57	1.95103e+21
58	1.86336e+21
59	1.78088e+21
60	1.70319e+21
61	1.62995e+21
62	1.56085e+21
63	1.49561e+21
64	1.43395e+21
65	1.37565e+21
66	1.32047e+21
67	1.26821e+21
68	1.21868e+21
69	1.17171e+21
70	1.12714e+21
71	1.08481e+21
72	1.04459e+21
73	1.00635e+21
74	9.69978e+20
75	9.35354e+20
76	9.02379e+20
77	8.70957e+20
78	8.40999e+20
79	8.12422e+20
80	7.85148e+20
81	7.59106e+20
82	7.34226e+20
83	7.10446e+20
84	6.87706e+20
85	6.65952e+20
86	6.4513e+20
87	6.25192e+20
88	6.06092e+20
89	5.87787e+20
90	5.70236e+20
91	5.53402e+20
92	5.37248e+20
93	5.21741e+20
94	5.06848e+20
95	4.92541e+20
96	4.7879e+20
97	4.65569e+20
98	4.52853e+20
99	4.40617e+20
100	4.28841e+20
101	4.17501e+20
102	4.06578e+20
103	3.96054e+20
104	3.8591e+20
105	3.76128e+20
106	3.66694e+20
107	3.57591e+20
108	3.48805e+20
109	3.40322e+20
110	3.32129e+20
111	3.24214e+20
112	3.16565e+20
113	3.0917e+20
114	3.02019e+20
115	2.95103e+20
116	2.8841e+20
117	2.81933e+20
118	2.75661e+20
119	2.69588e+20
120	2.63705e+20
121	2.58005e+20
122	2.52479e+20
123	2.47123e+20
124	2.41928e+20
125	2.36889e+20
126	2.31999e+20
127	2.27254e+20
128	2.22647e+20
129	2.18173e+20
130	2.13828e+20
131	2.09607e+20
132	2.05505e+20
133	2.01518e+20
134	1.97641e+20
135	1.93872e+20
136	1.90205e+20
137	1.86637e+20
138	1.83166e+20
139	1.79786e+20
140	1.76496e+20
141	1.73293e+20
142	1.70172e+20
143	1.67132e+20
144	1.6417e+20
145	1.61283e+20
146	1.58468e+20
147	1.55724e+20
148	1.53048e+20
149	1.50437e+20
150	1.47891e+20
151	1.45406e+20
152	1.4298e+20
153	1.40612e+20
154	1.38301e+20
155	1.36043e+20
156	1.33838e+20
157	1.31684e+20
158	1.2958e+20
159	1.27523e+20
160	1.25513e+20
161	1.23548e+20
162	1.21627e+20
163	1.19748e+20
164	1.1791e+20
165	1.16113e+20
166	1.14354e+20
167	1.12633e+20
168	1.10949e+20
169	1.093e+20
170	1.07686e+20
171	1.06106e+20
172	1.04558e+20
173	1.03042e+20
174	1.01558e+20
175	1.00103e+20
176	9.86781e+19
177	9.72814e+19
178	9.59126e+19
179	9.45708e+19
180	9.32554e+19
181	9.19656e+19
182	9.07009e+19
183	8.94605e+19
184	8.82438e+19
185	8.70503e+19
186	8.58794e+19
187	8.47304e+19
188	8.36029e+19
189	8.24963e+19
190	8.14101e+19
191	8.03438e+19
192	7.9297e+19
193	7.8269e+19
194	7.72596e+19
195	7.62683e+19
196	7.52946e+19
197	7.43381e+19
198	7.33984e+19
199	7.24751e+19
200	7.15679e+19
201	7.06764e+19
202	6.98002e+19
203	6.8939e+19
204	6.80924e+19
205	6.72601e+19
206	6.64418e+19
207	6.56373e+19
208	6.48461e+19
209	6.40679e+19
210	6.33026e+19
211	6.25499e+19
212	6.18093e+19
213	6.10808e+19
214	6.03641e+19
215	5.96588e+19
216	5.89648e+19
217	5.82818e+19
218	5.76096e+19
219	5.6948e+19
220	5.62967e+19
221	5.56556e+19
222	5.50244e+19
223	5.4403e+19
224	5.3791e+19
225	5.31885e+19
226	5.25951e+19
227	5.20107e+19
228	5.14351e+19
229	5.08681e+19
230	5.03096e+19
231	4.97594e+19
232	4.92173e+19
233	4.86833e+19
234	4.8157e+19
235	4.76385e+19
236	4.71275e+19
237	4.66238e+19
238	4.61275e+19
239	4.56383e+19
240	4.51561e+19
241	4.46807e+19
242	4.42121e+19
243	4.37501e+19
244	4.32946e+19
245	4.28455e+19
246	4.24026e+19
247	4.19659e+19
248	4.15352e+19
249	4.11105e+19
250	4.06916e+19
251	4.02785e+19
252	3.98709e+19
253	3.94689e+19
254	3.90723e+19
255	3.86811e+19
256	3.82951e+19
257	3.79143e+19
258	3.75386e+19
259	3.71678e+19
260	3.6802e+19
261	3.64409e+19
262	3.60846e+19
263	3.5733e+19
264	3.53859e+19
265	3.50434e+19
266	3.47053e+19
267	3.43715e+19
268	3.40421e+19
269	3.37168e+19
270	3.33957e+19
271	3.30787e+19
272	3.27657e+19
273	3.24566e+19
274	3.21515e+19
275	3.18501e+19
276	3.15526e+19
277	3.12587e+19
278	3.09685e+19
279	3.06819e+19
280	3.03988e+19
281	3.01192e+19
282	2.98431e+19
283	2.95703e+19
284	2.93008e+19
285	2.90346e+19
286	2.87716e+19
287	2.85118e+19
288	2.82551e+19
289	2.80015e+19
290	2.7751e+19
291	2.75034e+19
292	2.72587e+19
293	2.7017e+19
294	2.67781e+19
295	2.6542e+19
296	2.63087e+19
297	2.60781e+19
298	2.58502e+19
299	2.5625e+19
300	2.54023e+19
301	2.51823e+19
302	2.49648e+19
303	2.47497e+19
304	2.45372e+19
305	2.43271e+19
306	2.41193e+19
307	2.3914e+19
308	2.37109e+19
309	2.35102e+19
310	2.33117e+19
311	2.31154e+19
312	2.29214e+19
313	2.27295e+19
314	2.25397e+19
315	2.23521e+19
316	2.21665e+19
317	2.1983e+19
318	2.18015e+19
319	2.1622e+19
320	2.14444e+19
321	2.12688e+19
322	2.10951e+19
323	2.09233e+19
324	2.07534e+19
325	2.05853e+19
326	2.0419e+19
327	2.02545e+19
328	2.00918e+19
329	1.99308e+19
330	1.97715e+19
331	1.96139e+19
332	1.9458e+19
333	1.93038e+19
334	1.91511e+19
335	1.90001e+19
336	1.88506e+19
337	1.87028e+19
338	1.85564e+19
339	1.84116e+19
340	1.82683e+19
341	1.81265e+19
342	1.79862e+19
343	1.78473e+19
344	1.77098e+19
345	1.75737e+19
346	1.74391e+19
347	1.73058e+19
348	1.71738e+19
349	1.70432e+19
350	1.69139e+19
351	1.6786e+19
352	1.66593e+19
353	1.65339e+19
354	1.64098e+19
355	1.62869e+19
356	1.61652e+19
357	1.60447e+19
358	1.59254e+19
359	1.58074e+19
360	1.56905e+19
361	1.55747e+19
362	1.54601e+19
363	1.53466e+19
364	1.52342e+19
365	1.51229e+19
366	1.50127e+19
367	1.49036e+19
368	1.47955e+19
369	1.46885e+19
370	1.45825e+19
371	1.44775e+19
372	1.43735e+19
373	1.42706e+19
374	1.41686e+19
375	1.40676e+19
376	1.39675e+19
377	1.38684e+19
378	1.37703e+19
379	1.36731e+19
380	1.35767e+19
381	1.34813e+19
382	1.33868e+19
383	1.32932e+19
384	1.32005e+19
385	1.31086e+19
386	1.30176e+19
387	1.29274e+19
388	1.2838e+19
389	1.27495e+19
390	1.26618e+19
391	1.25749e+19
392	1.24888e+19
393	1.24035e+19
394	1.2319e+19
395	1.22352e+19
396	1.21522e+19
397	1.207e+19
398	1.19885e+19
399	1.19077e+19
400	1.18277e+19
401	1.17483e+19
402	1.16697e+19
403	1.15918e+19
404	1.15146e+19
405	1.14381e+19
406	1.13623e+19
407	1.12871e+19
408	1.12126e+19
409	1.11388e+19
410	1.10656e+19
411	1.09931e+19
412	1.09212e+19
413	1.08499e+19
414	1.07793e+19
415	1.07092e+19
416	1.06398e+19
417	1.0571e+19
418	1.05028e+19
419	1.04352e+19
420	1.03681e+19
421	1.03016e+19
422	1.02357e+19
423	1.01704e+19
424	1.01056e+19
425	1.00414e+19
426	9.97776e+18
427	9.91464e+18
428	9.85204e+18
429	9.78998e+18
430	9.72845e+18
431	9.66743e+18
432	9.60693e+18
433	9.54694e+18
434	9.48745e+18
435	9.42845e+18
436	9.36995e+18
437	9.31194e+18
438	9.25441e+18
439	9.19736e+18
440	9.14078e+18
441	9.08467e+18
442	9.02902e+18
443	8.97383e+18
444	8.91909e+18
445	8.86481e+18
446	8.81096e+18
447	8.75756e+18
448	8.70459e+18
449	8.65205e+18
450	8.59994e+18
451	8.54826e+18
452	8.49699e+18
453	8.44613e+18
454	8.39568e+18
455	8.34564e+18
456	8.296e+18
457	8.24676e+18
458	8.19791e+18
459	8.14945e+18
460	8.10138e+18
461	8.05368e+18
462	8.00637e+18
463	7.95943e+18
464	7.91286e+18
465	7.86666e+18
466	7.82082e+18
467	7.77534e+18
468	7.73022e+18
469	7.68545e+18
470	7.64103e+18
471	7.59696e+18
472	7.55323e+18
473	7.50984e+18
474	7.46678e+18
475	7.42406e+18
476	7.38166e+18
477	7.3396e+18
478	7.29785e+18
479	7.25643e+18
480	7.21532e+18
481	7.17453e+18
482	7.13405e+18
483	7.09388e+18
484	7.05401e+18
485	7.01444e+18
486	6.97518e+18
487	6.93621e+18
488	6.89753e+18
489	6.85915e+18
490	6.82105e+18
491	6.78324e+18
492	6.74572e+18
493	6.70847e+18
494	6.6715e+18
495	6.63481e+18
496	6.59839e+18
497	6.56223e+18
498	6.52635e+18
499	6.49073e+18
500	6.45538e+18
501	6.42028e+18
502	6.38544e+18
503	6.35086e+18
504	6.31653e+18
505	6.28245e+18
506	6.24862e+18
507	6.21504e+18
508	6.1817e+18
509	6.1486e+18
510	6.11574e+18
511	6.08312e+18
512	6.05074e+18
513	6.01858e+18
514	5.98666e+18
515	5.95497e+18
516	5.9235e+18
517	5.89226e+18
518	5.86125e+18
519	5.83045e+18
520	5.79987e+18
521	5.76951e+18
522	5.73937e+18
523	5.70943e+18
524	5.67971e+18
525	5.6502e+18
526	5.6209e+18
527	5.5918e+18
528	5.56291e+18
529	5.53421e+18
530	5.50572e+18
531	5.47743e+18
532	5.44933e+18
533	5.42143e+18
534	5.39372e+18
535	5.36621e+18
536	5.33888e+18
537	5.31175e+18
538	5.2848e+18
539	5.25803e+18
540	5.23145e+18
541	5.20505e+18
542	5.17884e+18
543	5.1528e+18
544	5.12693e+18
545	5.10125e+18
546	5.07574e+18
547	5.0504e+18
548	5.02523e+18
549	5.00024e+18
550	4.97541e+18
551	4.95075e+18
552	4.92625e+18
553	4.90192e+18
554	4.87775e+18
555	4.85375e+18
556	4.8299e+18
557	4.80621e+18
558	4.78269e+18
559	4.75931e+18
560	4.73609e+18
561	4.71303e+18
562	4.69012e+18
563	4.66736e+18
564	4.64475e+18
565	4.62229e+18
566	4.59997e+18
567	4.5778e+18
568	4.55578e+18
569	4.5339e+18
570	4.51217e+18
571	4.49057e+18
572	4.46912e+18
573	4.4478e+18
574	4.42662e+18
575	4.40558e+18
576	4.38468e+18
577	4.36391e+18
578	4.34327e+18
579	4.32277e+18
580	4.3024e+18
581	4.28216e+18
582	4.26204e+18
583	4.24206e+18
584	4.2222e+18
585	4.20247e+18
586	4.18287e+18
587	4.16339e+18
588	4.14403e+18
589	4.1248e+18
590	4.10568e+18
591	4.08669e+18
592	4.06782e+18
593	4.04906e+18
594	4.03043e+18
595	4.0119e+18
596	3.9935e+18
597	3.97521e+18
598	3.95703e+18
599	3.93897e+18
600	3.92102e+18
601	3.90318e+18
602	3.88545e+18
603	3.86783e+18
604	3.85032e+18
605	3.83292e+18
606	3.81562e+18
607	3.79843e+18
608	3.78135e+18
609	3.76437e+18
610	3.74749e+18
611	3.73072e+18
612	3.71405e+18
613	3.69748e+18
614	3.68101e+18
615	3.66464e+18
616	3.64837e+18
617	3.6322e+18
618	3.61613e+18
619	3.60015e+18
620	3.58427e+18
621	3.56849e+18
622	3.5528e+18
623	3.5372e+18
624	3.5217e+18
625	3.50628e+18
626	3.49097e+18
627	3.47574e+18
628	3.4606e+18
629	3.44555e+18
630	3.4306e+18
631	3.41573e+18
632	3.40094e+18
633	3.38625e+18
634	3.37164e+18
635	3.35712e+18
636	3.34268e+18
637	3.32833e+18
638	3.31406e+18
639	3.29987e+18
640	3.28577e+18
641	3.27175e+18
642	3.25781e+18
643	3.24396e+18
644	3.23018e+18
645	3.21648e+18
646	3.20286e+18
647	3.18932e+18
648	3.17586e+18
649	3.16248e+18
650	3.14917e+18
651	3.13594e+18
652	3.12278e+18
653	3.1097e+18
654	3.0967e+18
655	3.08377e+18
656	3.07091e+18
657	3.05813e+18
658	3.04542e+18
659	3.03278e+18
660	3.02021e+18
661	3.00771e+18
662	2.99528e+18
663	2.98293e+18
664	2.97064e+18
665	2.95842e+18
666	2.94628e+18
667	2.93419e+18
668	2.92218e+18
669	2.91023e+18
670	2.89836e+18
671	2.88654e+18
672	2.87479e+18
673	2.86311e+18
674	2.85149e+18
675	2.83994e+18
676	2.82845e+18
677	2.81703e+18
678	2.80566e+18
679	2.79436e+18
680	2.78312e+18
681	2.77195e+18
682	2.76083e+18
683	2.74978e+18
684	2.73878e+18
685	2.72785e+18
686	2.71698e+18
687	2.70616e+18
688	2.6954e+18
689	2.68471e+18
690	2.67407e+18
691	2.66348e+18
692	2.65296e+18
693	2.64249e+18
694	2.63208e+18
695	2.62172e+18
696	2.61142e+18
697	2.60118e+18
698	2.59099e+18
699	2.58085e+18
700	2.57077e+18
701	2.56074e+18
702	2.55077e+18
703	2.54085e+18
704	2.53098e+18
705	2.52116e+18
706	2.5114e+18
707	2.50169e+18
708	2.49202e+18
709	2.48241e+18
710	2.47285e+18
711	2.46335e+18
712	2.45389e+18
713	2.44448e+18
714	2.43512e+18
715	2.4258e+18
716	2.41654e+18
717	2.40733e+18
718	2.39816e+18
719	2.38904e+18
720	2.37997e+18
721	2.37095e+18
722	2.36197e+18
723	2.35304e+18
724	2.34415e+18
725	2.33531e+18
726	2.32652e+18
727	2.31777e+18
728	2.30907e+18
729	2.30041e+18
730	2.2918e+18
731	2.28323e+18
732	2.2747e+18
733	2.26622e+18
734	2.25778e+18
735	2.24938e+18
736	2.24103e+18
737	2.23272e+18
738	2.22445e+18
739	2.21622e+18
740	2.20803e+18
741	2.19989e+18
742	2.19178e+18
743	2.18372e+18
744	2.1757e+18
745	2.16772e+18
746	2.15977e+18
747	2.15187e+18
748	2.14401e+18
749	2.13619e+18
750	2.1284e+18
751	2.12066e+18
752	2.11295e+18
753	2.10528e+18
754	2.09765e+18
755	2.09006e+18
756	2.0825e+18
757	2.07498e+18
758	2.0675e+18
759	2.06006e+18
760	2.05265e+18
761	2.04528e+18
762	2.03794e+18
763	2.03065e+18
764	2.02338e+18
765	2.01615e+18
766	2.00896e+18
767	2.0018e+18
768	1.99468e+18
769	1.98759e+18
770	1.98054e+18
771	1.97352e+18
772	1.96654e+18
773	1.95958e+18
774	1.95267e+18
775	1.94578e+18
776	1.93893e+18
777	1.93211e+18
778	1.92533e+18
779	1.91857e+18
780	1.91185e+18
781	1.90517e+18
782	1.89851e+18
783	1.89188e+18
784	1.88529e+18
785	1.87873e+18
786	1.8722e+18
787	1.8657e+18
788	1.85923e+18
789	1.85279e+18
790	1.84639e+18
791	1.84001e+18
792	1.83366e+18
793	1.82734e+18
794	1.82106e+18
795	1.8148e+18
796	1.80857e+18
797	1.80237e+18
798	1.7962e+18
799	1.79006e+18
800	1.78395e+18
801	1.77786e+18
802	1.77181e+18
803	1.76578e+18
804	1.75978e+18
805	1.75381e+18
806	1.74786e+18
807	1.74195e+18
808	1.73606e+18
809	1.7302e+18
810	1.72436e+18
811	1.71855e+18
812	1.71277e+18
813	1.70702e+18
814	1.70129e+18
815	1.69559e+18
816	1.68991e+18
817	1.68426e+18
818	1.67864e+18
819	1.67304e+18
820	1.66746e+18
821	1.66192e+18
822	1.65639e+18
823	1.6509e+18
824	1.64542e+18
825	1.63998e+18
826	1.63455e+18
827	1.62915e+18
828	1.62378e+18
829	1.61843e+18
830	1.6131e+18
831	1.6078e+18
832	1.60252e+18
833	1.59727e+18
834	1.59204e+18
835	1.58683e+18
836	1.58164e+18
837	1.57648e+18
838	1.57134e+18
839	1.56623e+18
840	1.56114e+18
841	1.55607e+18
842	1.55102e+18
843	1.54599e+18
844	1.54099e+18
845	1.53601e+18
846	1.53105e+18
847	1.52611e+18
848	1.5212e+18
849	1.5163e+18
850	1.51143e+18
851	1.50658e+18
852	1.50175e+18
853	1.49694e+18
854	1.49215e+18
855	1.48739e+18
856	1.48264e+18
857	1.47792e+18
858	1.47321e+18
859	1.46853e+18
860	1.46386e+18
861	1.45922e+18
862	1.4546e+18
863	1.44999e+18
864	1.44541e+18
865	1.44085e+18
866	1.4363e+18
867	1.43178e+18
868	1.42727e+18
869	1.42278e+18
870	1.41832e+18
871	1.41387e+18
872	1.40944e+18
873	1.40503e+18
874	1.40064e+18
875	1.39627e+18
876	1.39191e+18
877	1.38758e+18
878	1.38326e+18
879	1.37896e+18
880	1.37468e+18
881	1.37042e+18
882	1.36618e+18
883	1.36195e+18
884	1.35774e+18
885	1.35355e+18
886	1.34938e+18
887	1.34522e+18
888	1.34109e+18
889	1.33697e+18
890	1.33286e+18
891	1.32878e+18
892	1.32471e+18
893	1.32065e+18
894	1.31662e+18
895	1.3126e+18
896	1.3086e+18
897	1.30461e+18
898	1.30065e+18
899	1.29669e+18
900	1.29276e+18
901	1.28884e+18
902	1.28493e+18
903	1.28105e+18
904	1.27718e+18
905	1.27332e+18
906	1.26948e+18
907	1.26566e+18
908	1.26185e+18
909	1.25806e+18
910	1.25428e+18
911	1.25052e+18
912	1.24677e+18
913	1.24304e+18
914	1.23933e+18
915	1.23562e+18
916	1.23194e+18
917	1.22827e+18
918	1.22461e+18
919	1.22097e+18
920	1.21735e+18
921	1.21373e+18
922	1.21014e+18
923	1.20655e+18
924	1.20299e+18
925	1.19943e+18
926	1.19589e+18
927	1.19237e+18
928	1.18886e+18
929	1.18536e+18
930	1.18188e+18
931	1.17841e+18
932	1.17495e+18
933	1.17151e+18
934	1.16808e+18
935	1.16467e+18
936	1.16127e+18
937	1.15788e+18
938	1.15451e+18
939	1.15115e+18
940	1.1478e+18
941	1.14447e+18
942	1.14115e+18
943	1.13784e+18
944	1.13455e+18
945	1.13126e+18
946	1.128e+18
947	1.12474e+18
948	1.1215e+18
949	1.11827e+18
950	1.11505e+18
951	1.11184e+18
952	1.10865e+18
953	1.10547e+18
954	1.1023e+18
955	1.09915e+18
956	1.09601e+18
957	1.09287e+18
958	1.08976e+18
959	1.08665e+18
960	1.08355e+18
961	1.08047e+18
962	1.0774e+18
963	1.07434e+18
964	1.07129e+18
965	1.06826e+18
966	1.06524e+18
967	1.06222e+18
968	1.05922e+18
969	1.05623e+18
970	1.05326e+18
971	1.05029e+18
972	1.04733e+18
973	1.04439e+18
974	1.04146e+18
975	1.03854e+18
976	1.03563e+18
977	1.03273e+18
978	1.02984e+18
979	1.02696e+18
980	1.0241e+18
981	1.02124e+18
982	1.0184e+18
983	1.01556e+18
984	1.01274e+18
985	1.00993e+18
986	1.00713e+18
987	1.00433e+18
988	1.00155e+18
989	9.98784e+17
990	9.96024e+17
991	9.93274e+17
992	9.90535e+17
993	9.87805e+17
994	9.85086e+17
995	9.82378e+17
996	9.79679e+17
997	9.7699e+17
998	9.74311e+17
999	9.71643e+17
1000	9.68984e+17
1001	9.66335e+17
1002	9.63696e+17
1003	9.61066e+17
1004	9.58447e+17
1005	9.55836e+17
1006	9.53236e+17
1007	9.50645e+17
1008	9.48064e+17
1009	9.45492e+17
1010	9.4293e+17
1011	9.40377e+17
1012	9.37833e+17
1013	9.35299e+17
1014	9.32774e+17
1015	9.30258e+17
1016	9.27751e+17
1017	9.25254e+17
1018	9.22765e+17
1019	9.20286e+17
1020	9.17816e+17
1021	9.15354e+17
1022	9.12902e+17
1023	9.10458e+17
1024	9.08024e+17
1025	9.05598e+17
1026	9.03181e+17
1027	9.00772e+17
1028	8.98373e+17
1029	8.95982e+17
1030	8.93599e+17
1031	8.91225e+17
1032	8.8886e+17
1033	8.86503e+17
1034	8.84154e+17
1035	8.81814e+17
1036	8.79483e+17
1037	8.77159e+17
1038	8.74844e+17
1039	8.72538e+17
1040	8.70239e+17
1041	8.67949e+17
1042	8.65666e+17
1043	8.63392e+17
1044	8.61126e+17
1045	8.58868e+17
1046	8.56618e+17
1047	8.54376e+17
1048	8.52142e+17
1049	8.49916e+17
1050	8.47697e+17
1051	8.45487e+17
1052	8.43284e+17
1053	8.41089e+17
1054	8.38901e+17
1055	8.36722e+17
1056	8.3455e+17
1057	8.32385e+17
1058	8.30228e+17
1059	8.28079e+17
1060	8.25937e+17
1061	8.23803e+17
1062	8.21676e+17
1063	8.19557e+17
1064	8.17445e+17
1065	8.1534e+17
1066	8.13242e+17
1067	8.11152e+17
1068	8.09069e+17
1069	8.06994e+17
1070	8.04925e+17
1071	8.02864e+17
1072	8.00809e+17
1073	7.98762e+17
1074	7.96722e+17
1075	7.94689e+17
1076	7.92663e+17
1077	7.90644e+17
1078	7.88632e+17
1079	7.86626e+17
1080	7.84628e+17
1081	7.82636e+17
1082	7.80652e+17
1083	7.78674e+17
1084	7.76702e+17
1085	7.74738e+17
1086	7.7278e+17
1087	7.70829e+17
1088	7.68884e+17
1089	7.66946e+17
1090	7.65015e+17
1091	7.6309e+17
1092	7.61172e+17
1093	7.5926e+17
1094	7.57355e+17
1095	7.55456e+17
1096	7.53564e+17
1097	7.51678e+17
1098	7.49798e+17
1099	7.47925e+17
1100	7.46058e+17
1101	7.44197e+17
1102	7.42342e+17
1103	7.40494e+17
1104	7.38652e+17
1105	7.36816e+17
1106	7.34986e+17
1107	7.33162e+17
1108	7.31345e+17
1109	7.29533e+17
1110	7.27727e+17
1111	7.25928e+17
1112	7.24134e+17
1113	7.22347e+17
1114	7.20565e+17
1115	7.18789e+17
1116	7.17019e+17
1117	7.15255e+17
1118	7.13497e+17
1119	7.11745e+17
1120	7.09998e+17
1121	7.08258e+17
1122	7.06523e+17
1123	7.04793e+17
1124	7.0307e+17
1125	7.01352e+17
1126	6.99639e+17
1127	6.97932e+17
1128	6.96231e+17
1129	6.94536e+17
1130	6.92846e+17
1131	6.91161e+17
1132	6.89482e+17
1133	6.87809e+17
1134	6.86141e+17
1135	6.84478e+17
1136	6.82821e+17
1137	6.81169e+17
1138	6.79523e+17
1139	6.77881e+17
1140	6.76246e+17
1141	6.74615e+17
1142	6.7299e+17
1143	6.7137e+17
1144	6.69755e+17
1145	6.68146e+17
1146	6.66542e+17
1147	6.64942e+17
1148	6.63348e+17
1149	6.6176e+17
1150	6.60176e+17
1151	6.58597e+17
1152	6.57023e+17
1153	6.55455e+17
1154	6.53891e+17
1155	6.52333e+17
1156	6.50779e+17
1157	6.49231e+17
1158	6.47687e+17
1159	6.46148e+17
1160	6.44615e+17
1161	6.43086e+17
1162	6.41562e+17
1163	6.40042e+17
1164	6.38528e+17
1165	6.37018e+17
1166	6.35514e+17
1167	6.34014e+17
1168	6.32518e+17
1169	6.31028e+17
1170	6.29542e+17
1171	6.28061e+17
1172	6.26584e+17
1173	6.25112e+17
1174	6.23645e+17
1175	6.22183e+17
1176	6.20725e+17
1177	6.19271e+17
1178	6.17822e+17
1179	6.16378e+17
1180	6.14938e+17
1181	6.13503e+17
1182	6.12072e+17
1183	6.10646e+17
1184	6.09224e+17
1185	6.07806e+17
1186	6.06393e+17
1187	6.04985e+17
1188	6.03581e+17
1189	6.02181e+17
1190	6.00785e+17
1191	5.99394e+17
1192	5.98007e+17
1193	5.96625e+17
1194	5.95246e+17
1195	5.93872e+17
1196	5.92502e+17
1197	5.91137e+17
1198	5.89776e+17
1199	5.88418e+17
1200	5.87065e+17
1201	5.85717e+17
1202	5.84372e+17
1203	5.83031e+17
1204	5.81695e+17
1205	5.80363e+17
1206	5.79034e+17
1207	5.7771e+17
1208	5.7639e+17
1209	5.75074e+17
1210	5.73762e+17
1211	5.72454e+17
1212	5.7115e+17
1213	5.6985e+17
1214	5.68554e+17
1215	5.67262e+17
1216	5.65973e+17
1217	5.64689e+17
1218	5.63408e+17
1219	5.62132e+17
1220	5.60859e+17
1221	5.5959e+17
1222	5.58325e+17
1223	5.57064e+17
1224	5.55807e+17
1225	5.54553e+17
1226	5.53303e+17
1227	5.52057e+17
1228	5.50815e+17
1229	5.49577e+17
1230	5.48342e+17
1231	5.47111e+17
1232	5.45883e+17
1233	5.4466e+17
1234	5.43439e+17
1235	5.42223e+17
1236	5.4101e+17
1237	5.39801e+17
1238	5.38596e+17
1239	5.37394e+17
1240	5.36195e+17
1241	5.35e+17
1242	5.33809e+17
1243	5.32622e+17
1244	5.31437e+17
1245	5.30257e+17
1246	5.2908e+17
1247	5.27906e+17
1248	5.26736e+17
1249	5.25569e+17
1250	5.24406e+17
1251	5.23246e+17
1252	5.2209e+17
1253	5.20937e+17
1254	5.19787e+17
1255	5.18641e+17
1256	5.17498e+17
1257	5.16359e+17
1258	5.15222e+17
1259	5.1409e+17
1260	5.1296e+17
1261	5.11834e+17
1262	5.10711e+17
1263	5.09592e+17
1264	5.08475e+17
1265	5.07362e+17
1266	5.06253e+17
1267	5.05146e+17
1268	5.04043e+17
1269	5.02943e+17
1270	5.01846e+17
1271	5.00752e+17
1272	4.99662e+17
1273	4.98574e+17
1274	4.9749e+17
1275	4.96409e+17
1276	4.95331e+17
1277	4.94257e+17
1278	4.93185e+17
1279	4.92116e+17
1280	4.91051e+17
1281	4.89989e+17
1282	4.88929e+17
1283	4.87873e+17
1284	4.8682e+17
1285	4.8577e+17
1286	4.84722e+17
1287	4.83678e+17
1288	4.82637e+17
1289	4.81599e+17
1290	4.80564e+17
1291	4.79531e+17
1292	4.78502e+17
1293	4.77476e+17
1294	4.76453e+17
1295	4.75432e+17
1296	4.74415e+17
1297	4.734e+17
1298	4.72388e+17
1299	4.71379e+17
1300	4.70373e+17
1301	4.6937e+17
1302	4.6837e+17
1303	4.67372e+17
1304	4.66378e+17
1305	4.65386e+17
1306	4.64397e+17
1307	4.63411e+17
1308	4.62427e+17
1309	4.61447e+17
1310	4.60469e+17
1311	4.59494e+17
1312	4.58522e+17
1313	4.57552e+17
1314	4.56585e+17
1315	4.55621e+17
1316	4.5466e+17
1317	4.53701e+17
1318	4.52745e+17
1319	4.51792e+17
1320	4.50841e+17
1321	4.49893e+17
1322	4.48948e+17
1323	4.48005e+17
1324	4.47065e+17
1325	4.46128e+17
1326	4.45193e+17
1327	4.44261e+17
1328	4.43331e+17
1329	4.42404e+17
1330	4.4148e+17
1331	4.40558e+17
1332	4.39639e+17
1333	4.38722e+17
1334	4.37808e+17
1335	4.36896e+17
1336	4.35987e+17
1337	4.3508e+17
1338	4.34176e+17
1339	4.33275e+17
1340	4.32376e+17
1341	4.31479e+17
1342	4.30585e+17
1343	4.29693e+17
1344	4.28804e+17
1345	4.27917e+17
1346	4.27033e+17
1347	4.26151e+17
1348	4.25272e+17
1349	4.24395e+17
1350	4.2352e+17
1351	4.22648e+17
1352	4.21778e+17
1353	4.2091e+17
1354	4.20045e+17
1355	4.19183e+17
1356	4.18322e+17
1357	4.17464e+17
1358	4.16609e+17
1359	4.15755e+17
1360	4.14904e+17
1361	4.14056e+17
1362	4.13209e+17
1363	4.12365e+17
1364	4.11523e+17
1365	4.10684e+17
1366	4.09847e+17
1367	4.09012e+17
1368	4.08179e+17
1369	4.07349e+17
1370	4.06521e+17
1371	4.05695e+17
1372	4.04871e+17
1373	4.0405e+17
1374	4.0323e+17
1375	4.02413e+17
1376	4.01599e+17
1377	4.00786e+17
1378	3.99975e+17
1379	3.99167e+17
1380	3.98361e+17
1381	3.97557e+17
1382	3.96755e+17
1383	3.95956e+17
1384	3.95158e+17
1385	3.94363e+17
1386	3.9357e+17
1387	3.92779e+17
1388	3.9199e+17
1389	3.91203e+17
1390	3.90418e+17
1391	3.89636e+17
1392	3.88855e+17
1393	3.88077e+17
1394	3.873e+17
1395	3.86526e+17
1396	3.85754e+17
1397	3.84983e+17
1398	3.84215e+17
1399	3.83449e+17
1400	3.82685e+17
1401	3.81923e+17
1402	3.81163e+17
1403	3.80405e+17
1404	3.79649e+17
1405	3.78895e+17
1406	3.78143e+17
1407	3.77392e+17
1408	3.76644e+17
1409	3.75898e+17
1410	3.75154e+17
1411	3.74412e+17
1412	3.73672e+17
1413	3.72933e+17
1414	3.72197e+17
1415	3.71463e+17
1416	3.7073e+17
1417	3.7e+17
1418	3.69271e+17
1419	3.68544e+17
1420	3.67819e+17
1421	3.67096e+17
1422	3.66375e+17
1423	3.65656e+17
1424	3.64939e+17
1425	3.64223e+17
1426	3.6351e+17
1427	3.62798e+17
1428	3.62088e+17
1429	3.6138e+17
1430	3.60674e+17
1431	3.5997e+17
1432	3.59267e+17
1433	3.58567e+17
1434	3.57868e+17
1435	3.57171e+17
1436	3.56476e+17
1437	3.55782e+17
1438	3.55091e+17
1439	3.54401e+17
1440	3.53713e+17
1441	3.53027e+17
1442	3.52342e+17
1443	3.51659e+17
1444	3.50978e+17
1445	3.50299e+17
1446	3.49622e+17
1447	3.48946e+17
1448	3.48272e+17
1449	3.476e+17
1450	3.46929e+17
1451	3.4626e+17
1452	3.45593e+17
1453	3.44928e+17
1454	3.44264e+17
1455	3.43602e+17
1456	3.42942e+17
1457	3.42283e+17
1458	3.41626e+17
1459	3.40971e+17
1460	3.40317e+17
1461	3.39665e+17
1462	3.39015e+17
1463	3.38367e+17
1464	3.3772e+17
1465	3.37074e+17
1466	3.36431e+17
1467	3.35789e+17
1468	3.35148e+17
1469	3.3451e+17
1470	3.33872e+17
1471	3.33237e+17
1472	3.32603e+17
1473	3.31971e+17
1474	3.3134e+17
1475	3.30711e+17
1476	3.30083e+17
1477	3.29457e+17
1478	3.28833e+17
1479	3.2821e+17
1480	3.27589e+17
1481	3.26969e+17
1482	3.26351e+17
1483	3.25735e+17
1484	3.2512e+17
1485	3.24506e+17
1486	3.23894e+17
1487	3.23284e+17
1488	3.22675e+17
1489	3.22068e+17
1490	3.21462e+17
1491	3.20858e+17
1492	3.20255e+17
1493	3.19653e+17
1494	3.19054e+17
1495	3.18455e+17
1496	3.17859e+17
1497	3.17263e+17
1498	3.1667e+17
1499	3.16077e+17
1500	3.15486e+17
1501	3.14897e+17
1502	3.14309e+17
1503	3.13723e+17
1504	3.13138e+17
1505	3.12554e+17
1506	3.11972e+17
1507	3.11391e+17
1508	3.10812e+17
1509	3.10234e+17
1510	3.09658e+17
1511	3.09083e+17
1512	3.0851e+17
1513	3.07937e+17
1514	3.07367e+17
1515	3.06798e+17
1516	3.0623e+17
1517	3.05663e+17
1518	3.05098e+17
1519	3.04534e+17
1520	3.03972e+17
1521	3.03411e+17
1522	3.02852e+17
1523	3.02293e+17
1524	3.01737e+17
1525	3.01181e+17
1526	3.00627e+17
1527	3.00074e+17
1528	2.99523e+17
1529	2.98973e+17
1530	2.98424e+17
1531	2.97877e+17
1532	2.97331e+17
1533	2.96786e+17
1534	2.96243e+17
1535	2.95701e+17
1536	2.9516e+17
1537	2.94621e+17
1538	2.94083e+17
1539	2.93546e+17
1540	2.93011e+17
1541	2.92477e+17
1542	2.91944e+17
1543	2.91412e+17
1544	2.90882e+17
1545	2.90353e+17
1546	2.89825e+17
1547	2.89299e+17
1548	2.88774e+17
1549	2.8825e+17
1550	2.87727e+17
1551	2.87206e+17
1552	2.86686e+17
1553	2.86167e+17
1554	2.85649e+17
1555	2.85133e+17
1556	2.84618e+17
1557	2.84104e+17
1558	2.83592e+17
1559	2.8308e+17
1560	2.8257e+17
1561	2.82061e+17
1562	2.81553e+17
1563	2.81047e+17
1564	2.80542e+17
1565	2.80037e+17
1566	2.79535e+17
1567	2.79033e+17
1568	2.78533e+17
1569	2.78033e+17
1570	2.77535e+17
1571	2.77038e+17
1572	2.76543e+17
1573	2.76048e+17
1574	2.75555e+17
1575	2.75063e+17
1576	2.74572e+17
1577	2.74082e+17
1578	2.73593e+17
1579	2.73106e+17
1580	2.72619e+17
1581	2.72134e+17
1582	2.7165e+17
1583	2.71167e+17
1584	2.70685e+17
1585	2.70205e+17
1586	2.69725e+17
1587	2.69247e+17
1588	2.6877e+17
1589	2.68294e+17
1590	2.67819e+17
1591	2.67345e+17
1592	2.66872e+17
1593	2.66401e+17
1594	2.6593e+17
1595	2.65461e+17
1596	2.64992e+17
1597	2.64525e+17
1598	2.64059e+17
1599	2.63594e+17
1600	2.6313e+17
1601	2.62668e+17
1602	2.62206e+17
1603	2.61745e+17
1604	2.61286e+17
1605	2.60827e+17
1606	2.6037e+17
1607	2.59914e+17
1608	2.59458e+17
1609	2.59004e+17
1610	2.58551e+17
1611	2.58099e+17
1612	2.57648e+17
1613	2.57198e+17
1614	2.56749e+17
1615	2.56301e+17
1616	2.55854e+17
1617	2.55408e+17
1618	2.54964e+17
1619	2.5452e+17
1620	2.54077e+17
1621	2.53636e+17
1622	2.53195e+17
1623	2.52755e+17
1624	2.52317e+17
1625	2.51879e+17
1626	2.51442e+17
1627	2.51007e+17
1628	2.50572e+17
1629	2.50139e+17
1630	2.49706e+17
1631	2.49275e+17
1632	2.48844e+17
1633	2.48415e+17
1634	2.47986e+17
1635	2.47558e+17
1636	2.47132e+17
1637	2.46706e+17
1638	2.46282e+17
1639	2.45858e+17
1640	2.45435e+17
1641	2.45013e+17
1642	2.44593e+17
1643	2.44173e+17
1644	2.43754e+17
1645	2.43336e+17
1646	2.42919e+17
1647	2.42503e+17
1648	2.42088e+17
1649	2.41674e+17
1650	2.41261e+17
1651	2.40849e+17
1652	2.40438e+17
1653	2.40027e+17
1654	2.39618e+17
1655	2.3921e+17
1656	2.38802e+17
1657	2.38396e+17
1658	2.3799e+17
1659	2.37585e+17
1660	2.37181e+17
1661	2.36779e+17
1662	2.36377e+17
1663	2.35976e+17
1664	2.35575e+17
1665	2.35176e+17
1666	2.34778e+17
1667	2.3438e+17
1668	2.33984e+17
1669	2.33588e+17
1670	2.33193e+17
1671	2.328e+17
1672	2.32407e+17
1673	2.32015e+17
1674	2.31623e+17
1675	2.31233e+17
1676	2.30844e+17
1677	2.30455e+17
1678	2.30067e+17
1679	2.29681e+17
1680	2.29295e+17
1681	2.2891e+17
1682	2.28525e+17
1683	2.28142e+17
1684	2.2776e+17
1685	2.27378e+17
1686	2.26997e+17
1687	2.26617e+17
1688	2.26238e+17
1689	2.2586e+17
1690	2.25483e+17
1691	2.25106e+17
1692	2.24731e+17
1693	2.24356e+17
1694	2.23982e+17
1695	2.23609e+17
1696	2.23236e+17
1697	2.22865e+17
1698	2.22494e+17
1699	2.22124e+17
1700	2.21755e+17
1701	2.21387e+17
1702	2.2102e+17
1703	2.20653e+17
1704	2.20287e+17
1705	2.19922e+17
1706	2.19558e+17
1707	2.19195e+17
1708	2.18832e+17
1709	2.18471e+17
1710	2.1811e+17
1711	2.17749e+17
1712	2.1739e+17
1713	2.17032e+17
1714	2.16674e+17
1715	2.16317e+17
1716	2.15961e+17
1717	2.15605e+17
1718	2.15251e+17
1719	2.14897e+17
1720	2.14544e+17
1721	2.14192e+17
1722	2.1384e+17
1723	2.13489e+17
1724	2.1314e+17
1725	2.1279e+17
1726	2.12442e+17
1727	2.12094e+17
1728	2.11747e+17
1729	2.11401e+17
1730	2.11056e+17
1731	2.10711e+17
1732	2.10368e+17
1733	2.10024e+17
1734	2.09682e+17
1735	2.09341e+17
1736	2.09e+17
1737	2.0866e+17
1738	2.0832e+17
1739	2.07982e+17
1740	2.07644e+17
1741	2.07307e+17
1742	2.0697e+17
1743	2.06635e+17
1744	2.063e+17
1745	2.05965e+17
1746	2.05632e+17
1747	2.05299e+17
1748	2.04967e+17
1749	2.04636e+17
1750	2.04305e+17
1751	2.03975e+17
1752	2.03646e+17
1753	2.03318e+17
1754	2.0299e+17
1755	2.02663e+17
1756	2.02336e+17
1757	2.02011e+17
1758	2.01686e+17
1759	2.01362e+17
1760	2.01038e+17
1761	2.00715e+17
1762	2.00393e+17
1763	2.00072e+17
1764	1.99751e+17
1765	1.99431e+17
1766	1.99112e+17
1767	1.98793e+17
1768	1.98475e+17
1769	1.98158e+17
1770	1.97841e+17
1771	1.97525e+17
1772	1.9721e+17
1773	1.96895e+17
1774	1.96581e+17
1775	1.96268e+17
1776	1.95956e+17
1777	1.95644e+17
1778	1.95332e+17
1779	1.95022e+17
1780	1.94712e+17
1781	1.94403e+17
1782	1.94094e+17
1783	1.93786e+17
1784	1.93479e+17
1785	1.93172e+17
1786	1.92866e+17
1787	1.92561e+17
1788	1.92256e+17
1789	1.91952e+17
1790	1.91649e+17
1791	1.91346e+17
1792	1.91044e+17
1793	1.90743e+17
1794	1.90442e+17
1795	1.90142e+17
1796	1.89842e+17
1797	1.89543e+17
1798	1.89245e+17
1799	1.88948e+17
1800	1.88651e+17
1801	1.88354e+17
1802	1.88058e+17
1803	1.87763e+17
1804	1.87469e+17
1805	1.87175e+17
1806	1.86882e+17
1807	1.86589e+17
1808	1.86297e+17
1809	1.86006e+17
1810	1.85715e+17
1811	1.85425e+17
1812	1.85135e+17
1813	1.84846e+17
1814	1.84558e+17
1815	1.8427e+17
1816	1.83983e+17
1817	1.83697e+17
1818	1.83411e+17
1819	1.83125e+17
1820	1.82841e+17
1821	1.82556e+17
1822	1.82273e+17
1823	1.8199e+17
1824	1.81708e+17
1825	1.81426e+17
1826	1.81145e+17
1827	1.80864e+17
1828	1.80584e+17
1829	1.80305e+17
1830	1.80026e+17
1831	1.79748e+17
1832	1.7947e+17
1833	1.79193e+17
1834	1.78916e+17
1835	1.7864e+17
1836	1.78365e+17
1837	1.7809e+17
1838	1.77816e+17
1839	1.77542e+17
1840	1.77269e+17
1841	1.76997e+17
1842	1.76725e+17
1843	1.76453e+17
1844	1.76183e+17
1845	1.75912e+17
1846	1.75643e+17
1847	1.75374e+17
1848	1.75105e+17
1849	1.74837e+17
1850	1.74569e+17
1851	1.74302e+17
1852	1.74036e+17
1853	1.7377e+17
1854	1.73505e+17
1855	1.7324e+17
1856	1.72976e+17
1857	1.72712e+17
1858	1.72449e+17
1859	1.72187e+17
1860	1.71925e+17
1861	1.71663e+17
1862	1.71402e+17
1863	1.71142e+17
1864	1.70882e+17
1865	1.70623e+17
1866	1.70364e+17
1867	1.70106e+17
1868	1.69848e+17
1869	1.69591e+17
1870	1.69334e+17
1871	1.69078e+17
1872	1.68822e+17
1873	1.68567e+17
1874	1.68313e+17
1875	1.68058e+17
1876	1.67805e+17
1877	1.67552e+17
1878	1.67299e+17
1879	1.67047e+17
1880	1.66796e+17
1881	1.66545e+17
1882	1.66294e+17
1883	1.66044e+17
1884	1.65795e+17
1885	1.65546e+17
1886	1.65298e+17
1887	1.6505e+17
1888	1.64802e+17
1889	1.64555e+17
1890	1.64309e+17
1891	1.64063e+17
1892	1.63817e+17
1893	1.63573e+17
1894	1.63328e+17
1895	1.63084e+17
1896	1.62841e+17
1897	1.62598e+17
1898	1.62355e+17
1899	1.62113e+17
1900	1.61872e+17
1901	1.61631e+17
1902	1.6139e+17
1903	1.6115e+17
1904	1.60911e+17
1905	1.60672e+17
1906	1.60433e+17
1907	1.60195e+17
1908	1.59957e+17
1909	1.5972e+17
1910	1.59484e+17
1911	1.59247e+17
1912	1.59012e+17
1913	1.58776e+17
1914	1.58542e+17
1915	1.58307e+17
1916	1.58073e+17
1917	1.5784e+17
1918	1.57607e+17
1919	1.57375e+17
1920	1.57143e+17
1921	1.56911e+17
1922	1.5668e+17
1923	1.5645e+17
1924	1.5622e+17
1925	1.5599e+17
1926	1.55761e+17
1927	1.55532e+17
1928	1.55304e+17
1929	1.55076e+17
1930	1.54848e+17
1931	1.54621e+17
1932	1.54395e+17
1933	1.54169e+17
1934	1.53943e+17
1935	1.53718e+17
1936	1.53494e+17
1937	1.53269e+17
1938	1.53046e+17
1939	1.52822e+17
1940	1.52599e+17
1941	1.52377e+17
1942	1.52155e+17
1943	1.51933e+17
1944	1.51712e+17
1945	1.51491e+17
1946	1.51271e+17
1947	1.51051e+17
1948	1.50832e+17
1949	1.50613e+17
1950	1.50394e+17
1951	1.50176e+17
1952	1.49959e+17
1953	1.49741e+17
1954	1.49525e+17
1955	1.49308e+17
1956	1.49092e+17
1957	1.48877e+17
1958	1.48662e+17
1959	1.48447e+17
1960	1.48233e+17
1961	1.48019e+17
1962	1.47805e+17
1963	1.47592e+17
1964	1.4738e+17
1965	1.47168e+17
1966	1.46956e+17
1967	1.46744e+17
1968	1.46534e+17
1969	1.46323e+17
1970	1.46113e+17
1971	1.45903e+17
1972	1.45694e+17
1973	1.45485e+17
1974	1.45277e+17
1975	1.45069e+17
1976	1.44861e+17
1977	1.44654e+17
1978	1.44447e+17
1979	1.4424e+17
1980	1.44034e+17
1981	1.43829e+17
1982	1.43623e+17
1983	1.43419e+17
1984	1.43214e+17
1985	1.4301e+17
1986	1.42806e+17
1987	1.42603e+17
1988	1.424e+17
1989	1.42198e+17
1990	1.41996e+17
1991	1.41794e+17
1992	1.41593e+17
1993	1.41392e+17
1994	1.41191e+17
1995	1.40991e+17
1996	1.40792e+17
1997	1.40592e+17
1998	1.40393e+17
1999	1.40195e+17
2000	1.39996e+17
2001	1.39799e+17
2002	1.39601e+17
2003	1.39404e+17
2004	1.39207e+17
2005	1.39011e+17
2006	1.38815e+17
2007	1.3862e+17
2008	1.38425e+17
2009	1.3823e+17
2010	1.38035e+17
2011	1.37841e+17
2012	1.37648e+17
2013	1.37454e+17
2014	1.37261e+17
2015	1.37069e+17
2016	1.36877e+17
2017	1.36685e+17
2018	1.36493e+17
2019	1.36302e+17
2020	1.36112e+17
2021	1.35921e+17
2022	1.35731e+17
2023	1.35542e+17
2024	1.35352e+17
2025	1.35163e+17
2026	1.34975e+17
2027	1.34787e+17
2028	1.34599e+17
2029	1.34411e+17
2030	1.34224e+17
2031	1.34038e+17
2032	1.33851e+17
2033	1.33665e+17
2034	1.33479e+17
2035	1.33294e+17
2036	1.33109e+17
2037	1.32924e+17
2038	1.3274e+17
2039	1.32556e+17
2040	1.32373e+17
2041	1.32189e+17
2042	1.32007e+17
2043	1.31824e+17
2044	1.31642e+17
2045	1.3146e+17
2046	1.31278e+17
2047	1.31097e+17
2048	1.30916e+17
2049	1.30736e+17
2050	1.30556e+17
2051	1.30376e+17
2052	1.30197e+17
2053	1.30017e+17
2054	1.29839e+17
2055	1.2966e+17
2056	1.29482e+17
2057	1.29304e+17
2058	1.29127e+17
2059	1.2895e+17
2060	1.28773e+17
2061	1.28597e+17
2062	1.2842e+17
2063	1.28245e+17
2064	1.28069e+17
2065	1.27894e+17
2066	1.27719e+17
2067	1.27545e+17
2068	1.27371e+17
2069	1.27197e+17
2070	1.27023e+17
2071	1.2685e+17
2072	1.26677e+17
2073	1.26505e+17
2074	1.26333e+17
2075	1.26161e+17
2076	1.25989e+17
2077	1.25818e+17
2078	1.25647e+17
2079	1.25477e+17
2080	1.25306e+17
2081	1.25136e+17
2082	1.24967e+17
2083	1.24797e+17
2084	1.24628e+17
2085	1.2446e+17
2086	1.24291e+17
2087	1.24123e+17
2088	1.23955e+17
2089	1.23788e+17
2090	1.23621e+17
2091	1.23454e+17
2092	1.23288e+17
2093	1.23121e+17
2094	1.22955e+17
2095	1.2279e+17
2096	1.22625e+17
2097	1.2246e+17
2098	1.22295e+17
2099	1.22131e+17
2100	1.21967e+17
2101	1.21803e+17
2102	1.21639e+17
2103	1.21476e+17
2104	1.21313e+17
2105	1.21151e+17
2106	1.20989e+17
2107	1.20827e+17
2108	1.20665e+17
2109	1.20504e+17
2110	1.20343e+17
2111	1.20182e+17
2112	1.20021e+17
2113	1.19861e+17
2114	1.19701e+17
2115	1.19542e+17
2116	1.19382e+17
2117	1.19223e+17
2118	1.19065e+17
2119	1.18906e+17
2120	1.18748e+17
2121	1.1859e+17
2122	1.18433e+17
2123	1.18275e+17
2124	1.18119e+17
2125	1.17962e+17
2126	1.17805e+17
2127	1.17649e+17
2128	1.17494e+17
2129	1.17338e+17
2130	1.17183e+17
2131	1.17028e+17
2132	1.16873e+17
2133	1.16719e+17
2134	1.16565e+17
2135	1.16411e+17
2136	1.16257e+17
2137	1.16104e+17
2138	1.15951e+17
2139	1.15798e+17
2140	1.15646e+17
2141	1.15493e+17
2142	1.15342e+17
2143	1.1519e+17
2144	1.15039e+17
2145	1.14888e+17
2146	1.14737e+17
2147	1.14586e+17
2148	1.14436e+17
2149	1.14286e+17
2150	1.14136e+17
2151	1.13987e+17
2152	1.13838e+17
2153	1.13689e+17
2154	1.1354e+17
2155	1.13392e+17
2156	1.13244e+17
2157	1.13096e+17
2158	1.12948e+17
2159	1.12801e+17
2160	1.12654e+17
2161	1.12507e+17
2162	1.12361e+17
2163	1.12214e+17
2164	1.12069e+17
2165	1.11923e+17
2166	1.11777e+17
2167	1.11632e+17
2168	1.11487e+17
2169	1.11343e+17
2170	1.11198e+17
2171	1.11054e+17
2172	1.1091e+17
2173	1.10767e+17
2174	1.10623e+17
2175	1.1048e+17
2176	1.10337e+17
2177	1.10195e+17
2178	1.10052e+17
2179	1.0991e+17
2180	1.09768e+17
2181	1.09627e+17
2182	1.09485e+17
2183	1.09344e+17
2184	1.09203e+17
2185	1.09063e+17
2186	1.08923e+17
2187	1.08783e+17
2188	1.08643e+17
2189	1.08503e+17
2190	1.08364e+17
2191	1.08225e+17
2192	1.08086e+17
2193	1.07947e+17
2194	1.07809e+17
2195	1.07671e+17
2196	1.07533e+17
2197	1.07395e+17
2198	1.07258e+17
2199	1.07121e+17
2200	1.06984e+17
2201	1.06847e+17
2202	1.06711e+17
2203	1.06575e+17
2204	1.06439e+17
2205	1.06303e+17
2206	1.06168e+17
2207	1.06033e+17
2208	1.05898e+17
2209	1.05763e+17
2210	1.05629e+17
2211	1.05494e+17
2212	1.0536e+17
2213	1.05227e+17
2214	1.05093e+17
2215	1.0496e+17
2216	1.04827e+17
2217	1.04694e+17
2218	1.04561e+17
2219	1.04429e+17
2220	1.04297e+17
2221	1.04165e+17
2222	1.04033e+17
2223	1.03902e+17
2224	1.03771e+17
2225	1.0364e+17
2226	1.03509e+17
2227	1.03379e+17
2228	1.03248e+17
2229	1.03118e+17
2230	1.02988e+17
2231	1.02859e+17
2232	1.02729e+17
2233	1.026e+17
2234	1.02471e+17
2235	1.02343e+17
2236	1.02214e+17
2237	1.02086e+17
2238	1.01958e+17
2239	1.0183e+17
2240	1.01703e+17
2241	1.01575e+17
2242	1.01448e+17
2243	1.01321e+17
2244	1.01195e+17
2245	1.01068e+17
2246	1.00942e+17
2247	1.00816e+17
2248	1.0069e+17
2249	1.00565e+17
2250	1.00439e+17
2251	1.00314e+17
2252	1.00189e+17
2253	1.00064e+17
2254	9.99399e+16
2255	9.98156e+16
2256	9.96915e+16
2257	9.95677e+16
2258	9.94441e+16
2259	9.93206e+16
2260	9.91974e+16
2261	9.90744e+16
2262	9.89517e+16
2263	9.88291e+16
2264	9.87067e+16
2265	9.85846e+16
2266	9.84627e+16
2267	9.83409e+16
2268	9.82194e+16
2269	9.80981e+16
2270	9.7977e+16
2271	9.78561e+16
2272	9.77355e+16
2273	9.7615e+16
2274	9.74947e+16
2275	9.73747e+16
2276	9.72548e+16
2277	9.71352e+16
2278	9.70157e+16
2279	9.68965e+16
2280	9.67775e+16
2281	9.66586e+16
2282	9.654e+16
2283	9.64216e+16
2284	9.63034e+16
2285	9.61854e+16
2286	9.60676e+16
2287	9.595e+16
2288	9.58326e+16
2289	9.57154e+16
2290	9.55983e+16
2291	9.54815e+16
2292	9.53649e+16
2293	9.52485e+16
2294	9.51323e+16
2295	9.50163e+16
2296	9.49005e+16
2297	9.47849e+16
2298	9.46695e+16
2299	9.45542e+16
2300	9.44392e+16
2301	9.43244e+16
2302	9.42098e+16
2303	9.40953e+16
2304	9.39811e+16
2305	9.3867e+16
2306	9.37532e+16
2307	9.36395e+16
2308	9.3526e+16
2309	9.34128e+16
2310	9.32997e+16
2311	9.31868e+16
2312	9.30741e+16
2313	9.29616e+16
2314	9.28492e+16
2315	9.27371e+16
2316	9.26252e+16
2317	9.25134e+16
2318	9.24019e+16
2319	9.22905e+16
2320	9.21793e+16
2321	9.20683e+16
2322	9.19575e+16
2323	9.18469e+16
2324	9.17364e+16
2325	9.16262e+16
2326	9.15161e+16
2327	9.14062e+16
2328	9.12965e+16
2329	9.1187e+16
2330	9.10777e+16
2331	9.09686e+16
2332	9.08596e+16
2333	9.07508e+16
2334	9.06422e+16
2335	9.05338e+16
2336	9.04256e+16
2337	9.03176e+16
2338	9.02097e+16
2339	9.0102e+16
2340	8.99945e+16
2341	8.98872e+16
2342	8.978e+16
2343	8.96731e+16
2344	8.95663e+16
2345	8.94597e+16
2346	8.93532e+16
2347	8.9247e+16
2348	8.91409e+16
2349	8.9035e+16
2350	8.89293e+16
2351	8.88238e+16
2352	8.87184e+16
2353	8.86132e+16
2354	8.85082e+16
2355	8.84033e+16
2356	8.82987e+16
2357	8.81942e+16
2358	8.80899e+16
2359	8.79857e+16
2360	8.78818e+16
2361	8.7778e+16
2362	8.76743e+16
2363	8.75709e+16
2364	8.74676e+16
2365	8.73645e+16
2366	8.72615e+16
2367	8.71588e+16
2368	8.70562e+16
2369	8.69537e+16
2370	8.68515e+16
2371	8.67494e+16
2372	8.66475e+16
2373	8.65457e+16
2374	8.64441e+16
2375	8.63427e+16
2376	8.62415e+16
2377	8.61404e+16
2378	8.60395e+16
2379	8.59387e+16
2380	8.58381e+16
2381	8.57377e+16
2382	8.56375e+16
2383	8.55374e+16
2384	8.54375e+16
2385	8.53377e+16
2386	8.52381e+16
2387	8.51387e+16
2388	8.50394e+16
2389	8.49403e+16
2390	8.48414e+16
2391	8.47426e+16
2392	8.4644e+16
2393	8.45456e+16
2394	8.44473e+16
2395	8.43491e+16
2396	8.42512e+16
2397	8.41534e+16
2398	8.40557e+16
2399	8.39582e+16
2400	8.38609e+16
2401	8.37637e+16
2402	8.36667e+16
2403	8.35699e+16
2404	8.34732e+16
2405	8.33766e+16
2406	8.32803e+16
2407	8.3184e+16
2408	8.3088e+16
2409	8.29921e+16
2410	8.28963e+16
2411	8.28007e+16
2412	8.27053e+16
2413	8.261e+16
2414	8.25149e+16
2415	8.24199e+16
2416	8.23251e+16
2417	8.22304e+16
2418	8.21359e+16
2419	8.20415e+16
2420	8.19473e+16
2421	8.18533e+16
2422	8.17594e+16
2423	8.16656e+16
2424	8.15721e+16
2425	8.14786e+16
2426	8.13853e+16
2427	8.12922e+16
2428	8.11992e+16
2429	8.11064e+16
2430	8.10137e+16
2431	8.09211e+16
2432	8.08287e+16
2433	8.07365e+16
2434	8.06444e+16
2435	8.05525e+16
2436	8.04607e+16
2437	8.0369e+16
2438	8.02775e+16
2439	8.01862e+16
2440	8.0095e+16
2441	8.00039e+16
2442	7.9913e+16
2443	7.98223e+16
2444	7.97316e+16
2445	7.96412e+16
2446	7.95508e+16
2447	7.94607e+16
2448	7.93706e+16
2449	7.92807e+16
2450	7.9191e+16
2451	7.91014e+16
2452	7.90119e+16
2453	7.89226e+16
2454	7.88334e+16
2455	7.87444e+16
2456	7.86555e+16
2457	7.85668e+16
2458	7.84782e+16
2459	7.83897e+16
2460	7.83014e+16
2461	7.82132e+16
2462	7.81252e+16
2463	7.80373e+16
2464	7.79495e+16
2465	7.78619e+16
2466	7.77744e+16
2467	7.76871e+16
2468	7.75999e+16
2469	7.75128e+16
2470	7.74259e+16
2471	7.73391e+16
2472	7.72525e+16
2473	7.7166e+16
2474	7.70796e+16
2475	7.69934e+16
2476	7.69073e+16
2477	7.68213e+16
2478	7.67355e+16
2479	7.66498e+16
2480	7.65643e+16
2481	7.64788e+16
2482	7.63936e+16
2483	7.63084e+16
2484	7.62234e+16
2485	7.61385e+16
2486	7.60538e+16
2487	7.59692e+16
2488	7.58847e+16
2489	7.58004e+16
2490	7.57162e+16
2491	7.56321e+16
2492	7.55482e+16
2493	7.54644e+16
2494	7.53807e+16
2495	7.52972e+16
2496	7.52137e+16
2497	7.51305e+16
2498	7.50473e+16
2499	7.49643e+16
2500	7.48814e+16
2501	7.47987e+16
2502	7.4716e+16
2503	7.46335e+16
2504	7.45512e+16
2505	7.44689e+16
2506	7.43868e+16
2507	7.43049e+16
2508	7.4223e+16
2509	7.41413e+16
2510	7.40597e+16
2511	7.39782e+16
2512	7.38969e+16
2513	7.38157e+16
2514	7.37346e+16
2515	7.36536e+16
2516	7.35728e+16
2517	7.34921e+16
2518	7.34115e+16
2519	7.33311e+16
2520	7.32508e+16
2521	7.31706e+16
2522	7.30905e+16
2523	7.30105e+16
2524	7.29307e+16
2525	7.2851e+16
2526	7.27714e+16
2527	7.2692e+16
2528	7.26127e+16
2529	7.25335e+16
2530	7.24544e+16
2531	7.23754e+16
2532	7.22966e+16
2533	7.22179e+16
2534	7.21393e+16
2535	7.20608e+16
2536	7.19825e+16
2537	7.19042e+16
2538	7.18261e+16
2539	7.17482e+16
2540	7.16703e+16
2541	7.15925e+16
2542	7.15149e+16
2543	7.14374e+16
2544	7.136e+16
2545	7.12828e+16
2546	7.12056e+16
2547	7.11286e+16
2548	7.10517e+16
2549	7.09749e+16
2550	7.08983e+16
2551	7.08217e+16
2552	7.07453e+16
2553	7.0669e+16
2554	7.05928e+16
2555	7.05167e+16
2556	7.04408e+16
2557	7.03649e+16
2558	7.02892e+16
2559	7.02136e+16
2560	7.01381e+16
2561	7.00627e+16
2562	6.99875e+16
2563	6.99123e+16
2564	6.98373e+16
2565	6.97624e+16
2566	6.96876e+16
2567	6.96129e+16
2568	6.95383e+16
2569	6.94639e+16
2570	6.93895e+16
2571	6.93153e+16
2572	6.92412e+16
2573	6.91672e+16
2574	6.90933e+16
2575	6.90195e+16
2576	6.89459e+16
2577	6.88723e+16
2578	6.87989e+16
2579	6.87255e+16
2580	6.86523e+16
2581	6.85792e+16
2582	6.85062e+16
2583	6.84334e+16
2584	6.83606e+16
2585	6.82879e+16
2586	6.82154e+16
2587	6.8143e+16
2588	6.80706e+16
2589	6.79984e+16
2590	6.79263e+16
2591	6.78543e+16
2592	6.77824e+16
2593	6.77107e+16
2594	6.7639e+16
2595	6.75674e+16
2596	6.7496e+16
2597	6.74247e+16
2598	6.73534e+16
2599	6.72823e+16
2600	6.72113e+16
2601	6.71404e+16
2602	6.70696e+16
2603	6.69989e+16
2604	6.69283e+16
2605	6.68578e+16
2606	6.67874e+16
2607	6.67172e+16
2608	6.6647e+16
2609	6.65769e+16
2610	6.6507e+16
2611	6.64371e+16
2612	6.63674e+16
2613	6.62978e+16
2614	6.62282e+16
2615	6.61588e+16
2616	6.60895e+16
2617	6.60203e+16
2618	6.59512e+16
2619	6.58822e+16
2620	6.58133e+16
2621	6.57445e+16
2622	6.56758e+16
2623	6.56072e+16
2624	6.55387e+16
2625	6.54703e+16
2626	6.5402e+16
2627	6.53338e+16
2628	6.52657e+16
2629	6.51978e+16
2630	6.51299e+16
2631	6.50621e+16
2632	6.49944e+16
2633	6.49269e+16
2634	6.48594e+16
2635	6.4792e+16
2636	6.47247e+16
2637	6.46576e+16
2638	6.45905e+16
2639	6.45235e+16
2640	6.44567e+16
2641	6.43899e+16
2642	6.43232e+16
2643	6.42567e+16
2644	6.41902e+16
2645	6.41238e+16
2646	6.40575e+16
2647	6.39914e+16
2648	6.39253e+16
2649	6.38593e+16
2650	6.37934e+16
2651	6.37277e+16
2652	6.3662e+16
2653	6.35964e+16
2654	6.35309e+16
2655	6.34655e+16
2656	6.34002e+16
2657	6.3335e+16
2658	6.32699e+16
2659	6.32049e+16
2660	6.314e+16
2661	6.30752e+16
2662	6.30105e+16
2663	6.29458e+16
2664	6.28813e+16
2665	6.28169e+16
2666	6.27525e+16
2667	6.26883e+16
2668	6.26242e+16
2669	6.25601e+16
2670	6.24962e+16
2671	6.24323e+16
2672	6.23685e+16
2673	6.23049e+16
2674	6.22413e+16
2675	6.21778e+16
2676	6.21144e+16
2677	6.20511e+16
2678	6.19879e+16
2679	6.19248e+16
2680	6.18618e+16
2681	6.17988e+16
2682	6.1736e+16
2683	6.16732e+16
2684	6.16106e+16
2685	6.1548e+16
2686	6.14856e+16
2687	6.14232e+16
2688	6.13609e+16
2689	6.12987e+16
2690	6.12366e+16
2691	6.11746e+16
2692	6.11127e+16
2693	6.10509e+16
2694	6.09891e+16
2695	6.09275e+16
2696	6.08659e+16
2697	6.08044e+16
2698	6.07431e+16
2699	6.06818e+16
2700	6.06206e+16
2701	6.05595e+16
2702	6.04984e+16
2703	6.04375e+16
2704	6.03767e+16
2705	6.03159e+16
2706	6.02552e+16
2707	6.01947e+16
2708	6.01342e+16
2709	6.00738e+16
2710	6.00134e+16
2711	5.99532e+16
2712	5.98931e+16
2713	5.9833e+16
2714	5.97731e+16
2715	5.97132e+16
2716	5.96534e+16
2717	5.95937e+16
2718	5.95341e+16
2719	5.94745e+16
2720	5.94151e+16
2721	5.93557e+16
2722	5.92965e+16
2723	5.92373e+16
2724	5.91782e+16
2725	5.91191e+16
2726	5.90602e+16
2727	5.90014e+16
2728	5.89426e+16
2729	5.88839e+16
2730	5.88253e+16
2731	5.87668e+16
2732	5.87084e+16
2733	5.86501e+16
2734	5.85918e+16
2735	5.85336e+16
2736	5.84755e+16
2737	5.84175e+16
2738	5.83596e+16
2739	5.83018e+16
2740	5.8244e+16
2741	5.81864e+16
2742	5.81288e+16
2743	5.80713e+16
2744	5.80138e+16
2745	5.79565e+16
2746	5.78992e+16
2747	5.78421e+16
2748	5.7785e+16
2749	5.7728e+16
2750	5.7671e+16
2751	5.76142e+16
2752	5.75574e+16
2753	5.75007e+16
2754	5.74441e+16
2755	5.73876e+16
2756	5.73311e+16
2757	5.72748e+16
2758	5.72185e+16
2759	5.71623e+16
2760	5.71062e+16
2761	5.70501e+16
2762	5.69942e+16
2763	5.69383e+16
2764	5.68825e+16
2765	5.68267e+16
2766	5.67711e+16
2767	5.67155e+16
2768	5.666e+16
2769	5.66046e+16
2770	5.65493e+16
2771	5.64941e+16
2772	5.64389e+16
2773	5.63838e+16
2774	5.63288e+16
2775	5.62738e+16
2776	5.6219e+16
2777	5.61642e+16
2778	5.61095e+16
2779	5.60549e+16
2780	5.60003e+16
2781	5.59458e+16
2782	5.58914e+16
2783	5.58371e+16
2784	5.57829e+16
2785	5.57287e+16
2786	5.56746e+16
2787	5.56206e+16
2788	5.55667e+16
2789	5.55128e+16
2790	5.5459e+16
2791	5.54053e+16
2792	5.53517e+16
2793	5.52981e+16
2794	5.52447e+16
2795	5.51913e+16
2796	5.51379e+16
2797	5.50847e+16
2798	5.50315e+16
2799	5.49784e+16
2800	5.49254e+16
2801	5.48724e+16
2802	5.48195e+16
2803	5.47667e+16
2804	5.4714e+16
2805	5.46613e+16
2806	5.46087e+16
2807	5.45562e+16
2808	5.45038e+16
2809	5.44514e+16
2810	5.43991e+16
2811	5.43469e+16
2812	5.42947e+16
2813	5.42427e+16
2814	5.41907e+16
2815	5.41387e+16
2816	5.40869e+16
2817	5.40351e+16
2818	5.39834e+16
2819	5.39318e+16
2820	5.38802e+16
2821	5.38287e+16
2822	5.37773e+16
2823	5.37259e+16
2824	5.36746e+16
2825	5.36234e+16
2826	5.35723e+16
2827	5.35212e+16
2828	5.34702e+16
2829	5.34193e+16
2830	5.33685e+16
2831	5.33177e+16
2832	5.3267e+16
2833	5.32163e+16
2834	5.31658e+16
2835	5.31153e+16
2836	5.30648e+16
2837	5.30145e+16
2838	5.29642e+16
2839	5.2914e+16
2840	5.28638e+16
2841	5.28137e+16
2842	5.27637e+16
2843	5.27138e+16
2844	5.26639e+16
2845	5.26141e+16
2846	5.25643e+16
2847	5.25147e+16
2848	5.24651e+16
2849	5.24155e+16
2850	5.23661e+16
2851	5.23167e+16
2852	5.22674e+16
2853	5.22181e+16
2854	5.21689e+16
2855	5.21198e+16
2856	5.20707e+16
2857	5.20217e+16
2858	5.19728e+16
2859	5.1924e+16
2860	5.18752e+16
2861	5.18265e+16
2862	5.17778e+16
2863	5.17292e+16
2864	5.16807e+16
2865	5.16322e+16
2866	5.15839e+16
2867	5.15355e+16
2868	5.14873e+16
2869	5.14391e+16
2870	5.1391e+16
2871	5.13429e+16
2872	5.12949e+16
2873	5.1247e+16
2874	5.11991e+16
2875	5.11514e+16
2876	5.11036e+16
2877	5.1056e+16
2878	5.10084e+16
2879	5.09608e+16
2880	5.09134e+16
2881	5.0866e+16
2882	5.08186e+16
2883	5.07713e+16
2884	5.07241e+16
2885	5.0677e+16
2886	5.06299e+16
2887	5.05829e+16
2888	5.05359e+16
2889	5.0489e+16
2890	5.04422e+16
2891	5.03955e+16
2892	5.03488e+16
2893	5.03021e+16
2894	5.02556e+16
2895	5.0209e+16
2896	5.01626e+16
2897	5.01162e+16
2898	5.00699e+16
2899	5.00236e+16
2900	4.99774e+16
2901	4.99313e+16
2902	4.98852e+16
2903	4.98392e+16
2904	4.97933e+16
2905	4.97474e+16
2906	4.97016e+16
2907	4.96558e+16
2908	4.96101e+16
2909	4.95645e+16
2910	4.95189e+16
2911	4.94734e+16
2912	4.9428e+16
2913	4.93826e+16
2914	4.93372e+16
2915	4.9292e+16
2916	4.92468e+16
2917	4.92016e+16
2918	4.91565e+16
2919	4.91115e+16
2920	4.90665e+16
2921	4.90216e+16
2922	4.89768e+16
2923	4.8932e+16
2924	4.88873e+16
2925	4.88426e+16
2926	4.8798e+16
2927	4.87535e+16
2928	4.8709e+16
2929	4.86646e+16
2930	4.86202e+16
2931	4.85759e+16
2932	4.85317e+16
2933	4.84875e+16
2934	4.84433e+16
2935	4.83993e+16
2936	4.83553e+16
2937	4.83113e+16
2938	4.82674e+16
2939	4.82236e+16
2940	4.81798e+16
2941	4.81361e+16
2942	4.80924e+16
2943	4.80488e+16
2944	4.80053e+16
2945	4.79618e+16
2946	4.79184e+16
2947	4.7875e+16
2948	4.78317e+16
2949	4.77885e+16
2950	4.77453e+16
2951	4.77021e+16
2952	4.7659e+16
2953	4.7616e+16
2954	4.7573e+16
2955	4.75301e+16
2956	4.74873e+16
2957	4.74445e+16
2958	4.74017e+16
2959	4.73591e+16
2960	4.73164e+16
2961	4.72739e+16
2962	4.72314e+16
2963	4.71889e+16
2964	4.71465e+16
2965	4.71042e+16
2966	4.70619e+16
2967	4.70196e+16
2968	4.69775e+16
2969	4.69353e+16
2970	4.68933e+16
2971	4.68513e+16
2972	4.68093e+16
2973	4.67674e+16
2974	4.67256e+16
2975	4.66838e+16
2976	4.6642e+16
2977	4.66004e+16
2978	4.65587e+16
2979	4.65172e+16
2980	4.64756e+16
2981	4.64342e+16
2982	4.63928e+16
2983	4.63514e+16
2984	4.63101e+16
2985	4.62689e+16
2986	4.62277e+16
2987	4.61866e+16
2988	4.61455e+16
2989	4.61045e+16
2990	4.60635e+16
2991	4.60226e+16
2992	4.59817e+16
2993	4.59409e+16
2994	4.59001e+16
2995	4.58594e+16
2996	4.58188e+16
2997	4.57782e+16
2998	4.57376e+16
2999	4.56971e+16
3000	4.56567e+16
3001	4.56163e+16
3002	4.5576e+16
3003	4.55357e+16
3004	4.54954e+16
3005	4.54553e+16
3006	4.54151e+16
3007	4.53751e+16
3008	4.5335e+16
3009	4.52951e+16
3010	4.52552e+16
3011	4.52153e+16
3012	4.51755e+16
3013	4.51357e+16
3014	4.5096e+16
3015	4.50563e+16
3016	4.50167e+16
3017	4.49772e+16
3018	4.49377e+16
3019	4.48982e+16
3020	4.48588e+16
3021	4.48195e+16
3022	4.47802e+16
3023	4.47409e+16
3024	4.47017e+16
3025	4.46626e+16
3026	4.46235e+16
3027	4.45844e+16
3028	4.45454e+16
3029	4.45065e+16
3030	4.44676e+16
3031	4.44287e+16
3032	4.43899e+16
3033	4.43512e+16
3034	4.43125e+16
3035	4.42739e+16
3036	4.42353e+16
3037	4.41967e+16
3038	4.41582e+16
3039	4.41198e+16
3040	4.40814e+16
3041	4.4043e+16
3042	4.40047e+16
3043	4.39665e+16
3044	4.39283e+16
3045	4.38901e+16
3046	4.3852e+16
3047	4.3814e+16
3048	4.3776e+16
3049	4.3738e+16
3050	4.37001e+16
3051	4.36622e+16
3052	4.36244e+16
3053	4.35867e+16
3054	4.35489e+16
3055	4.35113e+16
3056	4.34737e+16
3057	4.34361e+16
3058	4.33986e+16
3059	4.33611e+16
3060	4.33237e+16
3061	4.32863e+16
3062	4.3249e+16
3063	4.32117e+16
3064	4.31744e+16
3065	4.31373e+16
3066	4.31001e+16
3067	4.3063e+16
3068	4.3026e+16
3069	4.2989e+16
3070	4.2952e+16
3071	4.29151e+16
3072	4.28783e+16
3073	4.28415e+16
3074	4.28047e+16
3075	4.2768e+16
3076	4.27313e+16
3077	4.26947e+16
3078	4.26581e+16
3079	4.26216e+16
3080	4.25851e+16
3081	4.25486e+16
3082	4.25123e+16
3083	4.24759e+16
3084	4.24396e+16
3085	4.24034e+16
3086	4.23671e+16
3087	4.2331e+16
3088	4.22949e+16
3089	4.22588e+16
3090	4.22228e+16
3091	4.21868e+16
3092	4.21509e+16
3093	4.2115e+16
3094	4.20791e+16
3095	4.20433e+16
3096	4.20076e+16
3097	4.19719e+16
3098	4.19362e+16
3099	4.19006e+16
3100	4.1865e+16
3101	4.18295e+16
3102	4.1794e+16
3103	4.17585e+16
3104	4.17231e+16
3105	4.16878e+16
3106	4.16525e+16
3107	4.16172e+16
3108	4.1582e+16
3109	4.15468e+16
3110	4.15117e+16
3111	4.14766e+16
3112	4.14416e+16
3113	4.14066e+16
3114	4.13716e+16
3115	4.13367e+16
3116	4.13018e+16
3117	4.1267e+16
3118	4.12322e+16
3119	4.11975e+16
3120	4.11628e+16
3121	4.11282e+16
3122	4.10935e+16
3123	4.1059e+16
3124	4.10245e+16
3125	4.099e+16
3126	4.09555e+16
3127	4.09212e+16
3128	4.08868e+16
3129	4.08525e+16
3130	4.08182e+16
3131	4.0784e+16
3132	4.07498e+16
3133	4.07157e+16
3134	4.06816e+16
3135	4.06476e+16
3136	4.06136e+16
3137	4.05796e+16
3138	4.05457e+16
3139	4.05118e+16
3140	4.04779e+16
3141	4.04441e+16
3142	4.04104e+16
3143	4.03767e+16
3144	4.0343e+16
3145	4.03094e+16
3146	4.02758e+16
3147	4.02422e+16
3148	4.02087e+16
3149	4.01753e+16
3150	4.01418e+16
3151	4.01085e+16
3152	4.00751e+16
3153	4.00418e+16
3154	4.00086e+16
3155	3.99753e+16
3156	3.99422e+16
3157	3.9909e+16
3158	3.98759e+16
3159	3.98429e+16
3160	3.98099e+16
3161	3.97769e+16
3162	3.9744e+16
3163	3.97111e+16
3164	3.96782e+16
3165	3.96454e+16
3166	3.96126e+16
3167	3.95799e+16
3168	3.95472e+16
3169	3.95146e+16
3170	3.94819e+16
3171	3.94494e+16
3172	3.94168e+16
3173	3.93844e+16
3174	3.93519e+16
3175	3.93195e+16
3176	3.92871e+16
3177	3.92548e+16
3178	3.92225e+16
3179	3.91902e+16
3180	3.9158e+16
3181	3.91259e+16
3182	3.90937e+16
3183	3.90616e+16
3184	3.90296e+16
3185	3.89976e+16
3186	3.89656e+16
3187	3.89336e+16
3188	3.89017e+16
3189	3.88699e+16
3190	3.88381e+16
3191	3.88063e+16
3192	3.87745e+16
3193	3.87428e+16
3194	3.87111e+16
3195	3.86795e+16
3196	3.86479e+16
3197	3.86164e+16
3198	3.85849e+16
3199	3.85534e+16
3200	3.85219e+16
3201	3.84905e+16
3202	3.84592e+16
3203	3.84279e+16
3204	3.83966e+16
3205	3.83653e+16
3206	3.83341e+16
3207	3.83029e+16
3208	3.82718e+16
3209	3.82407e+16
3210	3.82097e+16
3211	3.81786e+16
3212	3.81477e+16
3213	3.81167e+16
3214	3.80858e+16
3215	3.80549e+16
3216	3.80241e+16
3217	3.79933e+16
3218	3.79625e+16
3219	3.79318e+16
3220	3.79011e+16
3221	3.78705e+16
3222	3.78399e+16
3223	3.78093e+16
3224	3.77787e+16
3225	3.77482e+16
3226	3.77178e+16
3227	3.76873e+16
3228	3.7657e+16
3229	3.76266e+16
3230	3.75963e+16
3231	3.7566e+16
3232	3.75357e+16
3233	3.75055e+16
3234	3.74754e+16
3235	3.74452e+16
3236	3.74151e+16
3237	3.73851e+16
3238	3.7355e+16
3239	3.7325e+16
3240	3.72951e+16
3241	3.72651e+16
3242	3.72353e+16
3243	3.72054e+16
3244	3.71756e+16
3245	3.71458e+16
3246	3.71161e+16
3247	3.70864e+16
3248	3.70567e+16
3249	3.70271e+16
3250	3.69974e+16
3251	3.69679e+16
3252	3.69383e+16
3253	3.69089e+16
3254	3.68794e+16
3255	3.685e+16
3256	3.68206e+16
3257	3.67912e+16
3258	3.67619e+16
3259	3.67326e+16
3260	3.67034e+16
3261	3.66741e+16
3262	3.6645e+16
3263	3.66158e+16
3264	3.65867e+16
3265	3.65576e+16
3266	3.65286e+16
3267	3.64996e+16
3268	3.64706e+16
3269	3.64416e+16
3270	3.64127e+16
3271	3.63839e+16
3272	3.6355e+16
3273	3.63262e+16
3274	3.62974e+16
3275	3.62687e+16
3276	3.624e+16
3277	3.62113e+16
3278	3.61827e+16
3279	3.61541e+16
3280	3.61255e+16
3281	3.6097e+16
3282	3.60685e+16
3283	3.604e+16
3284	3.60116e+16
3285	3.59832e+16
3286	3.59548e+16
3287	3.59265e+16
3288	3.58982e+16
3289	3.58699e+16
3290	3.58417e+16
3291	3.58135e+16
3292	3.57853e+16
3293	3.57572e+16
3294	3.57291e+16
3295	3.5701e+16
3296	3.5673e+16
3297	3.5645e+16
3298	3.5617e+16
3299	3.55891e+16
3300	3.55612e+16
3301	3.55333e+16
3302	3.55054e+16
3303	3.54776e+16
3304	3.54499e+16
3305	3.54221e+16
3306	3.53944e+16
3307	3.53667e+16
3308	3.53391e+16
3309	3.53115e+16
3310	3.52839e+16
3311	3.52564e+16
3312	3.52288e+16
3313	3.52014e+16
3314	3.51739e+16
3315	3.51465e+16
3316	3.51191e+16
3317	3.50917e+16
3318	3.50644e+16
3319	3.50371e+16
3320	3.50099e+16
3321	3.49826e+16
3322	3.49554e+16
3323	3.49283e+16
3324	3.49011e+16
3325	3.4874e+16
3326	3.4847e+16
3327	3.48199e+16
3328	3.47929e+16
3329	3.47659e+16
3330	3.4739e+16
3331	3.47121e+16
3332	3.46852e+16
3333	3.46583e+16
3334	3.46315e+16
3335	3.46047e+16
3336	3.4578e+16
3337	3.45512e+16
3338	3.45245e+16
3339	3.44979e+16
3340	3.44712e+16
3341	3.44446e+16
3342	3.4418e+16
3343	3.43915e+16
3344	3.4365e+16
3345	3.43385e+16
3346	3.4312e+16
3347	3.42856e+16
3348	3.42592e+16
3349	3.42329e+16
3350	3.42065e+16
3351	3.41802e+16
3352	3.4154e+16
3353	3.41277e+16
3354	3.41015e+16
3355	3.40753e+16
3356	3.40492e+16
3357	3.40231e+16
3358	3.3997e+16
3359	3.39709e+16
3360	3.39449e+16
3361	3.39189e+16
3362	3.38929e+16
3363	3.3867e+16
3364	3.3841e+16
3365	3.38152e+16
3366	3.37893e+16
3367	3.37635e+16
3368	3.37377e+16
3369	3.37119e+16
3370	3.36862e+16
3371	3.36605e+16
3372	3.36348e+16
3373	3.36092e+16
3374	3.35835e+16
3375	3.3558e+16
3376	3.35324e+16
3377	3.35069e+16
3378	3.34814e+16
3379	3.34559e+16
3380	3.34305e+16
3381	3.3405e+16
3382	3.33797e+16
3383	3.33543e+16
3384	3.3329e+16
3385	3.33037e+16
3386	3.32784e+16
3387	3.32532e+16
3388	3.32279e+16
3389	3.32028e+16
3390	3.31776e+16
3391	3.31525e+16
3392	3.31274e+16
3393	3.31023e+16
3394	3.30773e+16
3395	3.30522e+16
3396	3.30273e+16
3397	3.30023e+16
3398	3.29774e+16
3399	3.29525e+16
3400	3.29276e+16
3401	3.29028e+16
3402	3.28779e+16
3403	3.28531e+16
3404	3.28284e+16
3405	3.28037e+16
3406	3.27789e+16
3407	3.27543e+16
3408	3.27296e+16
3409	3.2705e+16
3410	3.26804e+16
3411	3.26558e+16
3412	3.26313e+16
3413	3.26068e+16
3414	3.25823e+16
3415	3.25578e+16
3416	3.25334e+16
3417	3.2509e+16
3418	3.24846e+16
3419	3.24603e+16
3420	3.2436e+16
3421	3.24117e+16
3422	3.23874e+16
3423	3.23632e+16
3424	3.2339e+16
3425	3.23148e+16
3426	3.22906e+16
3427	3.22665e+16
3428	3.22424e+16
3429	3.22183e+16
3430	3.21943e+16
3431	3.21703e+16
3432	3.21463e+16
3433	3.21223e+16
3434	3.20983e+16
3435	3.20744e+16
3436	3.20505e+16
3437	3.20267e+16
3438	3.20028e+16
3439	3.1979e+16
3440	3.19553e+16
3441	3.19315e+16
3442	3.19078e+16
3443	3.18841e+16
3444	3.18604e+16
3445	3.18367e+16
3446	3.18131e+16
3447	3.17895e+16
3448	3.17659e+16
3449	3.17424e+16
3450	3.17189e+16
3451	3.16954e+16
3452	3.16719e+16
3453	3.16485e+16
3454	3.16251e+16
3455	3.16017e+16
3456	3.15783e+16
3457	3.1555e+16
3458	3.15317e+16
3459	3.15084e+16
3460	3.14851e+16
3461	3.14619e+16
3462	3.14387e+16
3463	3.14155e+16
3464	3.13923e+16
3465	3.13692e+16
3466	3.13461e+16
3467	3.1323e+16
3468	3.13e+16
3469	3.12769e+16
3470	3.12539e+16
3471	3.1231e+16
3472	3.1208e+16
3473	3.11851e+16
3474	3.11622e+16
3475	3.11393e+16
3476	3.11164e+16
3477	3.10936e+16
3478	3.10708e+16
3479	3.1048e+16
3480	3.10253e+16
3481	3.10025e+16
3482	3.09798e+16
3483	3.09572e+16
3484	3.09345e+16
3485	3.09119e+16
3486	3.08893e+16
3487	3.08667e+16
3488	3.08441e+16
3489	3.08216e+16
3490	3.07991e+16
3491	3.07766e+16
3492	3.07542e+16
3493	3.07317e+16
3494	3.07093e+16
3495	3.06869e+16
3496	3.06646e+16
3497	3.06423e+16
3498	3.06199e+16
3499	3.05977e+16
3500	3.05754e+16
3501	3.05532e+16
3502	3.0531e+16
3503	3.05088e+16
3504	3.04866e+16
3505	3.04645e+16
3506	3.04423e+16
3507	3.04203e+16
3508	3.03982e+16
3509	3.03761e+16
3510	3.03541e+16
3511	3.03321e+16
3512	3.03102e+16
3513	3.02882e+16
3514	3.02663e+16
3515	3.02444e+16
3516	3.02225e+16
3517	3.02007e+16
3518	3.01788e+16
3519	3.0157e+16
3520	3.01352e+16
3521	3.01135e+16
3522	3.00917e+16
3523	3.007e+16
3524	3.00483e+16
3525	3.00267e+16
3526	3.0005e+16
3527	2.99834e+16
3528	2.99618e+16
3529	2.99402e+16
3530	2.99187e+16
3531	2.98972e+16
3532	2.98757e+16
3533	2.98542e+16
3534	2.98327e+16
3535	2.98113e+16
3536	2.97899e+16
3537	2.97685e+16
3538	2.97471e+16
3539	2.97258e+16
3540	2.97045e+16
3541	2.96832e+16
3542	2.96619e+16
3543	2.96407e+16
3544	2.96194e+16
3545	2.95982e+16
3546	2.95771e+16
3547	2.95559e+16
3548	2.95348e+16
3549	2.95137e+16
3550	2.94926e+16
3551	2.94715e+16
3552	2.94505e+16
3553	2.94294e+16
3554	2.94084e+16
3555	2.93875e+16
3556	2.93665e+16
3557	2.93456e+16
3558	2.93247e+16
3559	2.93038e+16
3560	2.92829e+16
3561	2.92621e+16
3562	2.92412e+16
3563	2.92204e+16
3564	2.91997e+16
3565	2.91789e+16
3566	2.91582e+16
3567	2.91375e+16
3568	2.91168e+16
3569	2.90961e+16
3570	2.90755e+16
3571	2.90548e+16
3572	2.90342e+16
3573	2.90137e+16
3574	2.89931e+16
3575	2.89726e+16
3576	2.89521e+16
3577	2.89316e+16
3578	2.89111e+16
3579	2.88906e+16
3580	2.88702e+16
3581	2.88498e+16
3582	2.88294e+16
3583	2.88091e+16
3584	2.87887e+16
3585	2.87684e+16
3586	2.87481e+16
3587	2.87278e+16
3588	2.87076e+16
3589	2.86873e+16
3590	2.86671e+16
3591	2.86469e+16
3592	2.86268e+16
3593	2.86066e+16
3594	2.85865e+16
3595	2.85664e+16
3596	2.85463e+16
3597	2.85262e+16
3598	2.85062e+16
3599	2.84862e+16
3600	2.84662e+16
3601	2.84462e+16
3602	2.84262e+16
3603	2.84063e+16
3604	2.83864e+16
3605	2.83665e+16
3606	2.83466e+16
3607	2.83268e+16
3608	2.83069e+16
3609	2.82871e+16
3610	2.82673e+16
3611	2.82476e+16
3612	2.82278e+16
3613	2.82081e+16
3614	2.81884e+16
3615	2.81687e+16
3616	2.8149e+16
3617	2.81294e+16
3618	2.81098e+16
3619	2.80901e+16
3620	2.80706e+16
3621	2.8051e+16
3622	2.80315e+16
3623	2.80119e+16
3624	2.79924e+16
3625	2.79729e+16
3626	2.79535e+16
3627	2.7934e+16
3628	2.79146e+16
3629	2.78952e+16
3630	2.78758e+16
3631	2.78565e+16
3632	2.78371e+16
3633	2.78178e+16
3634	2.77985e+16
3635	2.77792e+16
3636	2.776e+16
3637	2.77407e+16
3638	2.77215e+16
3639	2.77023e+16
3640	2.76831e+16
3641	2.7664e+16
3642	2.76448e+16
3643	2.76257e+16
3644	2.76066e+16
3645	2.75875e+16
3646	2.75685e+16
3647	2.75494e+16
3648	2.75304e+16
3649	2.75114e+16
3650	2.74924e+16
3651	2.74734e+16
3652	2.74545e+16
3653	2.74356e+16
3654	2.74167e+16
3655	2.73978e+16
3656	2.73789e+16
3657	2.73601e+16
3658	2.73412e+16
3659	2.73224e+16
3660	2.73036e+16
3661	2.72849e+16
3662	2.72661e+16
3663	2.72474e+16
3664	2.72287e+16
3665	2.721e+16
3666	2.71913e+16
3667	2.71727e+16
3668	2.7154e+16
3669	2.71354e+16
3670	2.71168e+16
3671	2.70982e+16
3672	2.70797e+16
3673	2.70611e+16
3674	2.70426e+16
3675	2.70241e+16
3676	2.70056e+16
3677	2.69872e+16
3678	2.69687e+16
3679	2.69503e+16
3680	2.69319e+16
3681	2.69135e+16
3682	2.68951e+16
3683	2.68768e+16
3684	2.68585e+16
3685	2.68401e+16
3686	2.68218e+16
3687	2.68036e+16
3688	2.67853e+16
3689	2.67671e+16
3690	2.67489e+16
3691	2.67307e+16
3692	2.67125e+16
3693	2.66943e+16
3694	2.66762e+16
3695	2.6658e+16
3696	2.66399e+16
3697	2.66218e+16
3698	2.66038e+16
3699	2.65857e+16
3700	2.65677e+16
3701	2.65497e+16
3702	2.65317e+16
3703	2.65137e+16
3704	2.64957e+16
3705	2.64778e+16
3706	2.64598e+16
3707	2.64419e+16
3708	2.64241e+16
3709	2.64062e+16
3710	2.63883e+16
3711	2.63705e+16
3712	2.63527e+16
3713	2.63349e+16
3714	2.63171e+16
3715	2.62993e+16
3716	2.62816e+16
3717	2.62639e+16
3718	2.62462e+16
3719	2.62285e+16
3720	2.62108e+16
3721	2.61931e+16
3722	2.61755e+16
3723	2.61579e+16
3724	2.61403e+16
3725	2.61227e+16
3726	2.61051e+16
3727	2.60876e+16
3728	2.607e+16
3729	2.60525e+16
3730	2.6035e+16
3731	2.60175e+16
3732	2.60001e+16
3733	2.59826e+16
3734	2.59652e+16
3735	2.59478e+16
3736	2.59304e+16
3737	2.5913e+16
3738	2.58957e+16
3739	2.58783e+16
3740	2.5861e+16
3741	2.58437e+16
3742	2.58264e+16
3743	2.58092e+16
3744	2.57919e+16
3745	2.57747e+16
3746	2.57575e+16
3747	2.57403e+16
3748	2.57231e+16
3749	2.57059e+16
3750	2.56888e+16
3751	2.56716e+16
3752	2.56545e+16
3753	2.56374e+16
3754	2.56203e+16
3755	2.56033e+16
3756	2.55862e+16
3757	2.55692e+16
3758	2.55522e+16
3759	2.55352e+16
3760	2.55182e+16
3761	2.55012e+16
3762	2.54843e+16
3763	2.54674e+16
3764	2.54504e+16
3765	2.54336e+16
3766	2.54167e+16
3767	2.53998e+16
3768	2.5383e+16
3769	2.53661e+16
3770	2.53493e+16
3771	2.53325e+16
3772	2.53158e+16
3773	2.5299e+16
3774	2.52822e+16
3775	2.52655e+16
3776	2.52488e+16
3777	2.52321e+16
3778	2.52154e+16
3779	2.51988e+16
3780	2.51821e+16
3781	2.51655e+16
3782	2.51489e+16
3783	2.51323e+16
3784	2.51157e+16
3785	2.50991e+16
3786	2.50826e+16
3787	2.50661e+16
3788	2.50495e+16
3789	2.5033e+16
3790	2.50166e+16
3791	2.50001e+16
3792	2.49837e+16
3793	2.49672e+16
3794	2.49508e+16
3795	2.49344e+16
3796	2.4918e+16
3797	2.49016e+16
3798	2.48853e+16
3799	2.4869e+16
3800	2.48526e+16
3801	2.48363e+16
3802	2.482e+16
3803	2.48038e+16
3804	2.47875e+16
3805	2.47713e+16
3806	2.4755e+16
3807	2.47388e+16
3808	2.47226e+16
3809	2.47065e+16
3810	2.46903e+16
3811	2.46741e+16
3812	2.4658e+16
3813	2.46419e+16
3814	2.46258e+16
3815	2.46097e+16
3816	2.45937e+16
3817	2.45776e+16
3818	2.45616e+16
3819	2.45455e+16
3820	2.45295e+16
3821	2.45136e+16
3822	2.44976e+16
3823	2.44816e+16
3824	2.44657e+16
3825	2.44497e+16
3826	2.44338e+16
3827	2.44179e+16
3828	2.44021e+16
3829	2.43862e+16
3830	2.43703e+16
3831	2.43545e+16
3832	2.43387e+16
3833	2.43229e+16
3834	2.43071e+16
3835	2.42913e+16
3836	2.42756e+16
3837	2.42598e+16
3838	2.42441e+16
3839	2.42284e+16
3840	2.42127e+16
3841	2.4197e+16
3842	2.41813e+16
3843	2.41657e+16
3844	2.415e+16
3845	2.41344e+16
3846	2.41188e+16
3847	2.41032e+16
3848	2.40877e+16
3849	2.40721e+16
3850	2.40565e+16
3851	2.4041e+16
3852	2.40255e+16
3853	2.401e+16
3854	2.39945e+16
3855	2.3979e+16
3856	2.39636e+16
3857	2.39481e+16
3858	2.39327e+16
3859	2.39173e+16
3860	2.39019e+16
3861	2.38865e+16
3862	2.38712e+16
3863	2.38558e+16
3864	2.38405e+16
3865	2.38251e+16
3866	2.38098e+16
3867	2.37945e+16
3868	2.37793e+16
3869	2.3764e+16
3870	2.37487e+16
3871	2.37335e+16
3872	2.37183e+16
3873	2.37031e+16
3874	2.36879e+16
3875	2.36727e+16
3876	2.36576e+16
3877	2.36424e+16
3878	2.36273e+16
3879	2.36121e+16
3880	2.3597e+16
3881	2.3582e+16
3882	2.35669e+16
3883	2.35518e+16
3884	2.35368e+16
3885	2.35217e+16
3886	2.35067e+16
3887	2.34917e+16
3888	2.34767e+16
3889	2.34617e+16
3890	2.34468e+16
3891	2.34318e+16
3892	2.34169e+16
3893	2.3402e+16
3894	2.33871e+16
3895	2.33722e+16
3896	2.33573e+16
3897	2.33425e+16
3898	2.33276e+16
3899	2.33128e+16
3900	2.32979e+16
3901	2.32831e+16
3902	2.32684e+16
3903	2.32536e+16
3904	2.32388e+16
3905	2.32241e+16
3906	2.32093e+16
3907	2.31946e+16
3908	2.31799e+16
3909	2.31652e+16
3910	2.31505e+16
3911	2.31359e+16
3912	2.31212e+16
3913	2.31066e+16
3914	2.30919e+16
3915	2.30773e+16
3916	2.30627e+16
3917	2.30481e+16
3918	2.30336e+16
3919	2.3019e+16
3920	2.30045e+16
3921	2.29899e+16
3922	2.29754e+16
3923	2.29609e+16
3924	2.29464e+16
3925	2.2932e+16
3926	2.29175e+16
3927	2.29031e+16
3928	2.28886e+16
3929	2.28742e+16
3930	2.28598e+16
3931	2.28454e+16
3932	2.2831e+16
3933	2.28167e+16
3934	2.28023e+16
3935	2.2788e+16
3936	2.27736e+16
3937	2.27593e+16
3938	2.2745e+16
3939	2.27307e+16
3940	2.27165e+16
3941	2.27022e+16
3942	2.2688e+16
3943	2.26737e+16
3944	2.26595e+16
3945	2.26453e+16
3946	2.26311e+16
3947	2.26169e+16
3948	2.26028e+16
3949	2.25886e+16
3950	2.25745e+16
3951	2.25604e+16
3952	2.25462e+16
3953	2.25321e+16
3954	2.25181e+16
3955	2.2504e+16
3956	2.24899e+16
3957	2.24759e+16
3958	2.24618e+16
3959	2.24478e+16
3960	2.24338e+16
3961	2.24198e+16
3962	2.24058e+16
3963	2.23919e+16
3964	2.23779e+16
3965	2.2364e+16
3966	2.235e+16
3967	2.23361e+16
3968	2.23222e+16
3969	2.23083e+16
3970	2.22944e+16
3971	2.22806e+16
3972	2.22667e+16
3973	2.22529e+16
3974	2.22391e+16
3975	2.22252e+16
3976	2.22114e+16
3977	2.21976e+16
3978	2.21839e+16
3979	2.21701e+16
3980	2.21564e+16
3981	2.21426e+16
3982	2.21289e+16
3983	2.21152e+16
3984	2.21015e+16
3985	2.20878e+16
3986	2.20741e+16
3987	2.20605e+16
3988	2.20468e+16
3989	2.20332e+16
3990	2.20195e+16
3991	2.20059e+16
3992	2.19923e+16
3993	2.19787e+16
3994	2.19652e+16
3995	2.19516e+16
3996	2.1938e+16
3997	2.19245e+16
3998	2.1911e+16
3999	2.18975e+16
4000	2.1884e+16
4001	2.18705e+16
4002	2.1857e+16
4003	2.18435e+16
4004	2.18301e+16
4005	2.18167e+16
4006	2.18032e+16
4007	2.17898e+16
4008	2.17764e+16
4009	2.1763e+16
4010	2.17496e+16
4011	2.17363e+16
4012	2.17229e+16
4013	2.17096e+16
4014	2.16963e+16
4015	2.16829e+16
4016	2.16696e+16
4017	2.16563e+16
4018	2.16431e+16
4019	2.16298e+16
4020	2.16165e+16
4021	2.16033e+16
4022	2.15901e+16
4023	2.15768e+16
4024	2.15636e+16
4025	2.15504e+16
4026	2.15373e+16
4027	2.15241e+16
4028	2.15109e+16
4029	2.14978e+16
4030	2.14846e+16
4031	2.14715e+16
4032	2.14584e+16
4033	2.14453e+16
4034	2.14322e+16
4035	2.14191e+16
4036	2.14061e+16
4037	2.1393e+16
4038	2.138e+16
4039	2.1367e+16
4040	2.13539e+16
4041	2.13409e+16
4042	2.13279e+16
4043	2.1315e+16
4044	2.1302e+16
4045	2.1289e+16
4046	2.12761e+16
4047	2.12631e+16
4048	2.12502e+16
4049	2.12373e+16
4050	2.12244e+16
4051	2.12115e+16
4052	2.11986e+16
4053	2.11858e+16
4054	2.11729e+16
4055	2.11601e+16
4056	2.11472e+16
4057	2.11344e+16
4058	2.11216e+16
4059	2.11088e+16
4060	2.1096e+16
4061	2.10833e+16
4062	2.10705e+16
4063	2.10578e+16
4064	2.1045e+16
4065	2.10323e+16
4066	2.10196e+16
4067	2.10069e+16
4068	2.09942e+16
4069	2.09815e+16
4070	2.09688e+16
4071	2.09562e+16
4072	2.09435e+16
4073	2.09309e+16
4074	2.09183e+16
4075	2.09056e+16
4076	2.0893e+16
4077	2.08804e+16
4078	2.08679e+16
4079	2.08553e+16
4080	2.08427e+16
4081	2.08302e+16
4082	2.08177e+16
4083	2.08051e+16
4084	2.07926e+16
4085	2.07801e+16
4086	2.07676e+16
4087	2.07551e+16
4088	2.07427e+16
4089	2.07302e+16
4090	2.07178e+16
4091	2.07053e+16
4092	2.06929e+16
4093	2.06805e+16
4094	2.06681e+16
4095	2.06557e+16
4096	2.06433e+16
4097	2.0631e+16
4098	2.06186e+16
4099	2.06063e+16
4100	2.05939e+16
4101	2.05816e+16
4102	2.05693e+16
4103	2.0557e+16
4104	2.05447e+16
4105	2.05324e+16
4106	2.05201e+16
4107	2.05079e+16
4108	2.04956e+16
4109	2.04834e+16
4110	2.04712e+16
4111	2.04589e+16
4112	2.04467e+16
4113	2.04345e+16
4114	2.04224e+16
4115	2.04102e+16
4116	2.0398e+16
4117	2.03859e+16
4118	2.03737e+16
4119	2.03616e+16
4120	2.03495e+16
4121	2.03374e+16
4122	2.03253e+16
4123	2.03132e+16
4124	2.03011e+16
4125	2.0289e+16
4126	2.0277e+16
4127	2.02649e+16
4128	2.02529e+16
4129	2.02409e+16
4130	2.02289e+16
4131	2.02169e+16
4132	2.02049e+16
4133	2.01929e+16
4134	2.01809e+16
4135	2.01689e+16
4136	2.0157e+16
4137	2.01451e+16
4138	2.01331e+16
4139	2.01212e+16
4140	2.01093e+16
4141	2.00974e+16
4142	2.00855e+16
4143	2.00736e+16
4144	2.00618e+16
4145	2.00499e+16
4146	2.00381e+16
4147	2.00262e+16
4148	2.00144e+16
4149	2.00026e+16
4150	1.99908e+16
4151	1.9979e+16
4152	1.99672e+16
4153	1.99554e+16
4154	1.99437e+16
4155	1.99319e+16
4156	1.99202e+16
4157	1.99084e+16
4158	1.98967e+16
4159	1.9885e+16
4160	1.98733e+16
4161	1.98616e+16
4162	1.98499e+16
4163	1.98382e+16
4164	1.98266e+16
4165	1.98149e+16
4166	1.98033e+16
4167	1.97917e+16
4168	1.978e+16
4169	1.97684e+16
4170	1.97568e+16
4171	1.97452e+16
4172	1.97336e+16
4173	1.97221e+16
4174	1.97105e+16
4175	1.9699e+16
4176	1.96874e+16
4177	1.96759e+16
4178	1.96644e+16
4179	1.96528e+16
4180	1.96413e+16
4181	1.96299e+16
4182	1.96184e+16
4183	1.96069e+16
4184	1.95954e+16
4185	1.9584e+16
4186	1.95725e+16
4187	1.95611e+16
4188	1.95497e+16
4189	1.95383e+16
4190	1.95269e+16
4191	1.95155e+16
4192	1.95041e+16
4193	1.94927e+16
4194	1.94814e+16
4195	1.947e+16
4196	1.94587e+16
4197	1.94473e+16
4198	1.9436e+16
4199	1.94247e+16
4200	1.94134e+16
4201	1.94021e+16
4202	1.93908e+16
4203	1.93795e+16
4204	1.93683e+16
4205	1.9357e+16
4206	1.93458e+16
4207	1.93345e+16
4208	1.93233e+16
4209	1.93121e+16
4210	1.93009e+16
4211	1.92897e+16
4212	1.92785e+16
4213	1.92673e+16
4214	1.92561e+16
4215	1.9245e+16
4216	1.92338e+16
4217	1.92227e+16
4218	1.92115e+16
4219	1.92004e+16
4220	1.91893e+16
4221	1.91782e+16
4222	1.91671e+16
4223	1.9156e+16
4224	1.91449e+16
4225	1.91339e+16
4226	1.91228e+16
4227	1.91118e+16
4228	1.91007e+16
4229	1.90897e+16
4230	1.90787e+16
4231	1.90677e+16
4232	1.90567e+16
4233	1.90457e+16
4234	1.90347e+16
4235	1.90237e+16
4236	1.90128e+16
4237	1.90018e+16
4238	1.89909e+16
4239	1.89799e+16
4240	1.8969e+16
4241	1.89581e+16
4242	1.89472e+16
4243	1.89363e+16
4244	1.89254e+16
4245	1.89145e+16
4246	1.89036e+16
4247	1.88928e+16
4248	1.88819e+16
4249	1.88711e+16
4250	1.88602e+16
4251	1.88494e+16
4252	1.88386e+16
4253	1.88278e+16
4254	1.8817e+16
4255	1.88062e+16
4256	1.87954e+16
4257	1.87847e+16
4258	1.87739e+16
4259	1.87632e+16
4260	1.87524e+16
4261	1.87417e+16
4262	1.87309e+16
4263	1.87202e+16
4264	1.87095e+16
4265	1.86988e+16
4266	1.86881e+16
4267	1.86775e+16
4268	1.86668e+16
4269	1.86561e+16
4270	1.86455e+16
4271	1.86348e+16
4272	1.86242e+16
4273	1.86136e+16
4274	1.8603e+16
4275	1.85923e+16
4276	1.85817e+16
4277	1.85712e+16
4278	1.85606e+16
4279	1.855e+16
4280	1.85394e+16
4281	1.85289e+16
4282	1.85183e+16
4283	1.85078e+16
4284	1.84973e+16
4285	1.84867e+16
4286	1.84762e+16
4287	1.84657e+16
4288	1.84552e+16
4289	1.84448e+16
4290	1.84343e+16
4291	1.84238e+16
4292	1.84133e+16
4293	1.84029e+16
4294	1.83925e+16
4295	1.8382e+16
4296	1.83716e+16
4297	1.83612e+16
4298	1.83508e+16
4299	1.83404e+16
4300	1.833e+16
4301	1.83196e+16
4302	1.83092e+16
4303	1.82989e+16
4304	1.82885e+16
4305	1.82782e+16
4306	1.82678e+16
4307	1.82575e+16
4308	1.82472e+16
4309	1.82369e+16
4310	1.82266e+16
4311	1.82163e+16
4312	1.8206e+16
4313	1.81957e+16
4314	1.81854e+16
4315	1.81752e+16
4316	1.81649e+16
4317	1.81547e+16
4318	1.81444e+16
4319	1.81342e+16
4320	1.8124e+16
4321	1.81138e+16
4322	1.81036e+16
4323	1.80934e+16
4324	1.80832e+16
4325	1.8073e+16
4326	1.80629e+16
4327	1.80527e+16
4328	1.80426e+16
4329	1.80324e+16
4330	1.80223e+16
4331	1.80122e+16
4332	1.8002e+16
4333	1.79919e+16
4334	1.79818e+16
4335	1.79717e+16
4336	1.79616e+16
4337	1.79516e+16
4338	1.79415e+16
4339	1.79314e+16
4340	1.79214e+16
4341	1.79113e+16
4342	1.79013e+16
4343	1.78913e+16
4344	1.78813e+16
4345	1.78713e+16
4346	1.78612e+16
4347	1.78513e+16
4348	1.78413e+16
4349	1.78313e+16
4350	1.78213e+16
4351	1.78114e+16
4352	1.78014e+16
4353	1.77915e+16
4354	1.77815e+16
4355	1.77716e+16
4356	1.77617e+16
4357	1.77518e+16
4358	1.77419e+16
4359	1.7732e+16
4360	1.77221e+16
4361	1.77122e+16
4362	1.77023e+16
4363	1.76925e+16
4364	1.76826e+16
4365	1.76728e+16
4366	1.76629e+16
4367	1.76531e+16
4368	1.76433e+16
4369	1.76334e+16
4370	1.76236e+16
4371	1.76138e+16
4372	1.7604e+16
4373	1.75943e+16
4374	1.75845e+16
4375	1.75747e+16
4376	1.75649e+16
4377	1.75552e+16
4378	1.75454e+16
4379	1.75357e+16
4380	1.7526e+16
4381	1.75163e+16
4382	1.75065e+16
4383	1.74968e+16
4384	1.74871e+16
4385	1.74775e+16
4386	1.74678e+16
4387	1.74581e+16
4388	1.74484e+16
4389	1.74388e+16
4390	1.74291e+16
4391	1.74195e+16
4392	1.74098e+16
4393	1.74002e+16
4394	1.73906e+16
4395	1.7381e+16
4396	1.73714e+16
4397	1.73618e+16
4398	1.73522e+16
4399	1.73426e+16
4400	1.7333e+16
4401	1.73235e+16
4402	1.73139e+16
4403	1.73044e+16
4404	1.72948e+16
4405	1.72853e+16
4406	1.72758e+16
4407	1.72663e+16
4408	1.72567e+16
4409	1.72472e+16
4410	1.72377e+16
4411	1.72283e+16
4412	1.72188e+16
4413	1.72093e+16
4414	1.71998e+16
4415	1.71904e+16
4416	1.71809e+16
4417	1.71715e+16
4418	1.7162e+16
4419	1.71526e+16
4420	1.71432e+16
4421	1.71338e+16
4422	1.71244e+16
4423	1.7115e+16
4424	1.71056e+16
4425	1.70962e+16
4426	1.70868e+16
4427	1.70775e+16
4428	1.70681e+16
4429	1.70587e+16
4430	1.70494e+16
4431	1.70401e+16
4432	1.70307e+16
4433	1.70214e+16
4434	1.70121e+16
4435	1.70028e+16
4436	1.69935e+16
4437	1.69842e+16
4438	1.69749e+16
4439	1.69656e+16
4440	1.69564e+16
4441	1.69471e+16
4442	1.69378e+16
4443	1.69286e+16
4444	1.69193e+16
4445	1.69101e+16
4446	1.69009e+16
4447	1.68917e+16
4448	1.68825e+16
4449	1.68732e+16
4450	1.68641e+16
4451	1.68549e+16
4452	1.68457e+16
4453	1.68365e+16
4454	1.68273e+16
4455	1.68182e+16
4456	1.6809e+16
4457	1.67999e+16
4458	1.67907e+16
4459	1.67816e+16
4460	1.67725e+16
4461	1.67634e+16
4462	1.67542e+16
4463	1.67451e+16
4464	1.6736e+16
4465	1.6727e+16
4466	1.67179e+16
4467	1.67088e+16
4468	1.66997e+16
4469	1.66907e+16
4470	1.66816e+16
4471	1.66726e+16
4472	1.66635e+16
4473	1.66545e+16
4474	1.66455e+16
4475	1.66365e+16
4476	1.66274e+16
4477	1.66184e+16
4478	1.66094e+16
4479	1.66005e+16
4480	1.65915e+16
4481	1.65825e+16
4482	1.65735e+16
4483	1.65646e+16
4484	1.65556e+16
4485	1.65467e+16
4486	1.65377e+16
4487	1.65288e+16
4488	1.65199e+16
4489	1.65109e+16
4490	1.6502e+16
4491	1.64931e+16
4492	1.64842e+16
4493	1.64753e+16
4494	1.64665e+16
4495	1.64576e+16
4496	1.64487e+16
4497	1.64398e+16
4498	1.6431e+16
4499	1.64221e+16
4500	1.64133e+16
4501	1.64045e+16
4502	1.63956e+16
4503	1.63868e+16
4504	1.6378e+16
4505	1.63692e+16
4506	1.63604e+16
4507	1.63516e+16
4508	1.63428e+16
4509	1.6334e+16
4510	1.63252e+16
4511	1.63165e+16
4512	1.63077e+16
4513	1.6299e+16
4514	1.62902e+16
4515	1.62815e+16
4516	1.62727e+16
4517	1.6264e+16
4518	1.62553e+16
4519	1.62466e+16
4520	1.62379e+16
4521	1.62292e+16
4522	1.62205e+16
4523	1.62118e+16
4524	1.62031e+16
4525	1.61945e+16
4526	1.61858e+16
4527	1.61771e+16
4528	1.61685e+16
4529	1.61598e+16
4530	1.61512e+16
4531	1.61426e+16
4532	1.61339e+16
4533	1.61253e+16
4534	1.61167e+16
4535	1.61081e+16
4536	1.60995e+16
4537	1.60909e+16
4538	1.60823e+16
4539	1.60737e+16
4540	1.60652e+16
4541	1.60566e+16
4542	1.6048e+16
4543	1.60395e+16
4544	1.60309e+16
4545	1.60224e+16
4546	1.60139e+16
4547	1.60053e+16
4548	1.59968e+16
4549	1.59883e+16
4550	1.59798e+16
4551	1.59713e+16
4552	1.59628e+16
4553	1.59543e+16
4554	1.59459e+16
4555	1.59374e+16
4556	1.59289e+16
4557	1.59204e+16
4558	1.5912e+16
4559	1.59035e+16
4560	1.58951e+16
4561	1.58867e+16
4562	1.58782e+16
4563	1.58698e+16
4564	1.58614e+16
4565	1.5853e+16
4566	1.58446e+16
4567	1.58362e+16
4568	1.58278e+16
4569	1.58194e+16
4570	1.5811e+16
4571	1.58027e+16
4572	1.57943e+16
4573	1.5786e+16
4574	1.57776e+16
4575	1.57693e+16
4576	1.57609e+16
4577	1.57526e+16
4578	1.57443e+16
4579	1.57359e+16
4580	1.57276e+16
4581	1.57193e+16
4582	1.5711e+16
4583	1.57027e+16
4584	1.56944e+16
4585	1.56862e+16
4586	1.56779e+16
4587	1.56696e+16
4588	1.56614e+16
4589	1.56531e+16
4590	1.56448e+16
4591	1.56366e+16
4592	1.56284e+16
4593	1.56201e+16
4594	1.56119e+16
4595	1.56037e+16
4596	1.55955e+16
4597	1.55873e+16
4598	1.55791e+16
4599	1.55709e+16
4600	1.55627e+16
4601	1.55545e+16
4602	1.55463e+16
4603	1.55382e+16
4604	1.553e+16
4605	1.55218e+16
4606	1.55137e+16
4607	1.55056e+16
4608	1.54974e+16
4609	1.54893e+16
4610	1.54812e+16
4611	1.5473e+16
4612	1.54649e+16
4613	1.54568e+16
4614	1.54487e+16
4615	1.54406e+16
4616	1.54325e+16
4617	1.54244e+16
4618	1.54164e+16
4619	1.54083e+16
4620	1.54002e+16
4621	1.53922e+16
4622	1.53841e+16
4623	1.53761e+16
4624	1.5368e+16
4625	1.536e+16
4626	1.5352e+16
4627	1.5344e+16
4628	1.53359e+16
4629	1.53279e+16
4630	1.53199e+16
4631	1.53119e+16
4632	1.53039e+16
4633	1.52959e+16
4634	1.5288e+16
4635	1.528e+16
4636	1.5272e+16
4637	1.52641e+16
4638	1.52561e+16
4639	1.52482e+16
4640	1.52402e+16
4641	1.52323e+16
4642	1.52243e+16
4643	1.52164e+16
4644	1.52085e+16
4645	1.52006e+16
4646	1.51927e+16
4647	1.51848e+16
4648	1.51769e+16
4649	1.5169e+16
4650	1.51611e+16
4651	1.51532e+16
4652	1.51453e+16
4653	1.51375e+16
4654	1.51296e+16
4655	1.51218e+16
4656	1.51139e+16
4657	1.51061e+16
4658	1.50982e+16
4659	1.50904e+16
4660	1.50826e+16
4661	1.50747e+16
4662	1.50669e+16
4663	1.50591e+16
4664	1.50513e+16
4665	1.50435e+16
4666	1.50357e+16
4667	1.50279e+16
4668	1.50202e+16
4669	1.50124e+16
4670	1.50046e+16
4671	1.49969e+16
4672	1.49891e+16
4673	1.49813e+16
4674	1.49736e+16
4675	1.49659e+16
4676	1.49581e+16
4677	1.49504e+16
4678	1.49427e+16
4679	1.4935e+16
4680	1.49272e+16
4681	1.49195e+16
4682	1.49118e+16
4683	1.49041e+16
4684	1.48965e+16
4685	1.48888e+16
4686	1.48811e+16
4687	1.48734e+16
4688	1.48658e+16
4689	1.48581e+16
4690	1.48504e+16
4691	1.48428e+16
4692	1.48352e+16
4693	1.48275e+16
4694	1.48199e+16
4695	1.48123e+16
4696	1.48046e+16
4697	1.4797e+16
4698	1.47894e+16
4699	1.47818e+16
4700	1.47742e+16
4701	1.47666e+16
4702	1.4759e+16
4703	1.47515e+16
4704	1.47439e+16
4705	1.47363e+16
4706	1.47287e+16
4707	1.47212e+16
4708	1.47136e+16
4709	1.47061e+16
4710	1.46985e+16
4711	1.4691e+16
4712	1.46835e+16
4713	1.4676e+16
4714	1.46684e+16
4715	1.46609e+16
4716	1.46534e+16
4717	1.46459e+16
4718	1.46384e+16
4719	1.46309e+16
4720	1.46234e+16
4721	1.46159e+16
4722	1.46085e+16
4723	1.4601e+16
4724	1.45935e+16
4725	1.45861e+16
4726	1.45786e+16
4727	1.45712e+16
4728	1.45637e+16
4729	1.45563e+16
4730	1.45489e+16
4731	1.45414e+16
4732	1.4534e+16
4733	1.45266e+16
4734	1.45192e+16
4735	1.45118e+16
4736	1.45044e+16
4737	1.4497e+16
4738	1.44896e+16
4739	1.44822e+16
4740	1.44748e+16
4741	1.44675e+16
4742	1.44601e+16
4743	1.44527e+16
4744	1.44454e+16
4745	1.4438e+16
4746	1.44307e+16
4747	1.44233e+16
4748	1.4416e+16
4749	1.44087e+16
4750	1.44013e+16
4751	1.4394e+16
4752	1.43867e+16
4753	1.43794e+16
4754	1.43721e+16
4755	1.43648e+16
4756	1.43575e+16
4757	1.43502e+16
4758	1.43429e+16
4759	1.43356e+16
4760	1.43284e+16
4761	1.43211e+16
4762	1.43138e+16
4763	1.43066e+16
4764	1.42993e+16
4765	1.42921e+16
4766	1.42848e+16
4767	1.42776e+16
4768	1.42704e+16
4769	1.42632e+16
4770	1.42559e+16
4771	1.42487e+16
4772	1.42415e+16
4773	1.42343e+16
4774	1.42271e+16
4775	1.42199e+16
4776	1.42127e+16
4777	1.42055e+16
4778	1.41984e+16
4779	1.41912e+16
4780	1.4184e+16
4781	1.41769e+16
4782	1.41697e+16
4783	1.41626e+16
4784	1.41554e+16
4785	1.41483e+16
4786	1.41411e+16
4787	1.4134e+16
4788	1.41269e+16
4789	1.41197e+16
4790	1.41126e+16
4791	1.41055e+16
4792	1.40984e+16
4793	1.40913e+16
4794	1.40842e+16
4795	1.40771e+16
4796	1.407e+16
4797	1.4063e+16
4798	1.40559e+16
4799	1.40488e+16
4800	1.40417e+16
4801	1.40347e+16
4802	1.40276e+16
4803	1.40206e+16
4804	1.40135e+16
4805	1.40065e+16
4806	1.39995e+16
4807	1.39924e+16
4808	1.39854e+16
4809	1.39784e+16
4810	1.39714e+16
4811	1.39644e+16
4812	1.39573e+16
4813	1.39503e+16
4814	1.39434e+16
4815	1.39364e+16
4816	1.39294e+16
4817	1.39224e+16
4818	1.39154e+16
4819	1.39084e+16
4820	1.39015e+16
4821	1.38945e+16
4822	1.38876e+16
4823	1.38806e+16
4824	1.38737e+16
4825	1.38667e+16
4826	1.38598e+16
4827	1.38529e+16
4828	1.38459e+16
4829	1.3839e+16
4830	1.38321e+16
4831	1.38252e+16
4832	1.38183e+16
4833	1.38114e+16
4834	1.38045e+16
4835	1.37976e+16
4836	1.37907e+16
4837	1.37838e+16
4838	1.37769e+16
4839	1.37701e+16
4840	1.37632e+16
4841	1.37563e+16
4842	1.37495e+16
4843	1.37426e+16
4844	1.37358e+16
4845	1.37289e+16
4846	1.37221e+16
4847	1.37153e+16
4848	1.37084e+16
4849	1.37016e+16
4850	1.36948e+16
4851	1.3688e+16
4852	1.36812e+16
4853	1.36744e+16
4854	1.36676e+16
4855	1.36608e+16
4856	1.3654e+16
4857	1.36472e+16
4858	1.36404e+16
4859	1.36336e+16
4860	1.36269e+16
4861	1.36201e+16
4862	1.36133e+16
4863	1.36066e+16
4864	1.35998e+16
4865	1.35931e+16
4866	1.35863e+16
4867	1.35796e+16
4868	1.35729e+16
4869	1.35661e+16
4870	1.35594e+16
4871	1.35527e+16
4872	1.3546e+16
4873	1.35393e+16
4874	1.35326e+16
4875	1.35259e+16
4876	1.35192e+16
4877	1.35125e+16
4878	1.35058e+16
4879	1.34991e+16
4880	1.34924e+16
4881	1.34858e+16
4882	1.34791e+16
4883	1.34724e+16
4884	1.34658e+16
4885	1.34591e+16
4886	1.34525e+16
4887	1.34458e+16
4888	1.34392e+16
4889	1.34326e+16
4890	1.34259e+16
4891	1.34193e+16
4892	1.34127e+16
4893	1.34061e+16
4894	1.33995e+16
4895	1.33929e+16
4896	1.33863e+16
4897	1.33797e+16
4898	1.33731e+16
4899	1.33665e+16
4900	1.33599e+16
4901	1.33533e+16
4902	1.33467e+16
4903	1.33402e+16
4904	1.33336e+16
4905	1.3327e+16
4906	1.33205e+16
4907	1.33139e+16
4908	1.33074e+16
4909	1.33008e+16
4910	1.32943e+16
4911	1.32878e+16
4912	1.32812e+16
4913	1.32747e+16
4914	1.32682e+16
4915	1.32617e+16
4916	1.32552e+16
4917	1.32487e+16
4918	1.32422e+16
4919	1.32357e+16
4920	1.32292e+16
4921	1.32227e+16
4922	1.32162e+16
4923	1.32097e+16
4924	1.32032e+16
4925	1.31968e+16
4926	1.31903e+16
4927	1.31838e+16
4928	1.31774e+16
4929	1.31709e+16
4930	1.31645e+16
4931	1.3158e+16
4932	1.31516e+16
4933	1.31452e+16
4934	1.31387e+16
4935	1.31323e+16
4936	1.31259e+16
4937	1.31195e+16
4938	1.31131e+16
4939	1.31066e+16
4940	1.31002e+16
4941	1.30938e+16
4942	1.30874e+16
4943	1.30811e+16
4944	1.30747e+16
4945	1.30683e+16
4946	1.30619e+16
4947	1.30555e+16
4948	1.30492e+16
4949	1.30428e+16
4950	1.30364e+16
4951	1.30301e+16
4952	1.30237e+16
4953	1.30174e+16
4954	1.3011e+16
4955	1.30047e+16
4956	1.29984e+16
4957	1.2992e+16
4958	1.29857e+16
4959	1.29794e+16
4960	1.29731e+16
4961	1.29668e+16
4962	1.29605e+16
4963	1.29542e+16
4964	1.29479e+16
4965	1.29416e+16
4966	1.29353e+16
4967	1.2929e+16
4968	1.29227e+16
4969	1.29164e+16
4970	1.29102e+16
4971	1.29039e+16
4972	1.28976e+16
4973	1.28914e+16
4974	1.28851e+16
4975	1.28788e+16
4976	1.28726e+16
4977	1.28664e+16
4978	1.28601e+16
4979	1.28539e+16
4980	1.28477e+16
4981	1.28414e+16
4982	1.28352e+16
4983	1.2829e+16
4984	1.28228e+16
4985	1.28166e+16
4986	1.28104e+16
4987	1.28042e+16
4988	1.2798e+16
4989	1.27918e+16
4990	1.27856e+16
4991	1.27794e+16
4992	1.27732e+16
4993	1.2767e+16
4994	1.27609e+16
4995	1.27547e+16
4996	1.27485e+16
4997	1.27424e+16
4998	1.27362e+16
4999	1.27301e+16
5000	1.27239e+16
# iterates cost: 83.1809
