# Reading DATA...
# Reading Matrix Successfully!
MDMRB
0	3.96658e+34
1	2.9307e+33	
2	6.53202e+32	
3	2.30255e+32	
4	9.56853e+31	
5	4.49721e+31	
6	2.00528e+31	
7	8.55242e+30	
8	3.45765e+30	
9	4.0346e+29	
10	4.03452e+29	
11	1.88455e+28	
12	7.04303e+26	
13	9.68569e+25	
14	3.19491e+25	
15	1.89997e+25	
16	1.59704e+25	
17	1.4985e+25	
18	1.45228e+25	
19	2.63243e+24	
20	2.5582e+24	
21	2.50014e+24	
22	2.48198e+24	
23	2.46762e+24	
24	2.42463e+24	
25	2.4229e+24	
26	2.42135e+24	
27	9.15825e+21	
28	8.73562e+21	
29	5.25825e+21	
30	5.21837e+21	
31	5.17685e+21	
32	5.15111e+21	
33	5.12969e+21	
34	5.11195e+21	
35	5.09721e+21	
36	5.08508e+21	
37	5.07507e+21	
38	5.06667e+21	
39	5.05971e+21	
40	5.05409e+21	
41	5.04944e+21	
42	5.04559e+21	
43	5.04242e+21	
44	5.03979e+21	
45	5.03701e+21	
46	5.03501e+21	
47	5.0334e+21	
48	5.03204e+21	
49	6.04782e+19	
50	2.36743e+18	
51	4.98138e+17	
52	2.83911e+17	
53	2.5568e+17	
54	2.5122e+17	
55	2.34168e+17	
56	2.34149e+17	
57	2.34137e+17	
58	2.34127e+17	
59	2.34121e+17	
60	2.34114e+17	
61	2.31171e+17	
62	2.29997e+17	
63	2.29917e+17	
64	2.29916e+17	
65	2.29896e+17	
66	2.29884e+17	
67	2.29882e+17	
68	2.29873e+17	
69	2.29872e+17	
70	2.82823e+16	
71	3.05038e+15	
72	1.31572e+15	
73	9.1557e+14	
74	8.43364e+14	
75	7.83723e+14	
76	3.7387e+14	
77	3.02881e+14	
78	2.54839e+14	
79	2.14833e+14	
80	1.80796e+14	
81	1.51043e+14	
82	5.48861e+12	
83	5.48104e+12	
84	5.47706e+12	
85	5.47402e+12	
86	2.38714e+12	
87	2.08679e+12	
88	1.43502e+12	
89	6.69414e+11	
90	7.83165e+10	
91	6.71091e+10	
92	3.1069e+10	
93	2.40134e+10	
94	1.98106e+10	
95	1.66156e+10	
96	1.40635e+10	
97	1.19969e+10	
98	8.3238e+09	
99	6.99491e+09	
100	5.90852e+09	
101	5.02422e+09	
102	4.30191e+09	
103	3.71172e+09	
104	1.07327e+09	
105	1.07305e+09	
106	1.07286e+09	
107	1.0727e+09	
108	1.07255e+09	
109	1.07242e+09	
110	1.05854e+09	
111	1.0585e+09	
112	1.30403e+08	
113	4.31127e+07	
114	3.88775e+07	
115	3.53165e+07	
116	3.32236e+07	
117	3.15983e+07	
118	3.03743e+07	
119	2.94393e+07	
120	2.87232e+07	
121	2.6373e+07	
122	2.63725e+07	
123	2.5845e+07	
124	2.57872e+07	
125	2.57857e+07	
126	9.45421e+06	
127	1.03634e+06	
128	514574	
129	443526	
130	402464	
131	162480	
132	94332.8	
133	75577.7	
134	58441.3	
135	47992.8	
136	41099	
137	35912.2	
138	31801.5	
139	28215.2	
140	25531.3	
141	23316.6	
142	14871.1	
143	1476.56	
144	1421.56	
145	1400.23	
146	1395.04	
147	1392.36	
148	1314.04	
149	1299.07	
150	1296.03	
151	1292.71	
152	1290.42	
153	209.237	
154	28.8072	
155	4.77369	
156	2.04598	
157	1.5619	
158	1.27187	
159	0.391536	
160	0.256929	
161	0.190968	
162	0.142928	
163	0.107902	
164	0.0833395	
165	0.0656173	
166	0.0528107	
167	0.0435399	
168	0.0233846	
169	0.0221277	
170	0.0184111	
171	0.0183286	
172	0.0182594	
173	0.0181943	
174	0.0181314	
175	0.0180707	
176	0.0180117	
177	0.0179548	
178	0.0178997	
179	0.0178463	
180	0.0177946	
181	0.0177444	
182	0.00236773	
#	0
# iterats cost: 5.30231
# 0.454422	0.926195	0.877218	0.144296	2.82601	0.0921359
