# Reading DATA...
# Reading Matrix Successfully!
MDMRB
0	3.84816e+30
1	2.90434e+29	
2	6.24975e+28	
3	2.11099e+28	
4	9.01902e+27	
5	4.07344e+27	
6	1.93656e+27	
7	8.64262e+26	
8	3.33316e+26	
9	7.58795e+24	
10	7.58789e+24	
11	7.58782e+24	
12	7.5861e+24	
13	7.39031e+24	
14	6.87165e+24	
15	6.41738e+24	
16	6.40684e+24	
17	5.19201e+24	
18	5.17736e+24	
19	5.17714e+24	
20	5.1771e+24	
21	5.17708e+24	
22	5.17707e+24	
23	5.17707e+24	
24	5.17707e+24	
25	5.17707e+24	
26	5.17707e+24	
27	5.17707e+24	
28	5.17706e+24	
29	5.17706e+24	
30	5.17706e+24	
31	5.17706e+24	
32	5.17706e+24	
33	5.17706e+24	
34	5.17706e+24	
35	5.17706e+24	
36	5.17705e+24	
37	5.17705e+24	
38	5.17705e+24	
39	4.87373e+24	
40	4.60284e+24	
41	4.56589e+24	
42	4.51097e+24	
43	4.40861e+24	
44	4.30674e+24	
45	4.2531e+24	
46	4.2531e+24	
47	4.25309e+24	
48	4.25309e+24	
49	4.25309e+24	
50	4.25309e+24	
51	4.25309e+24	
52	4.25309e+24	
53	4.25309e+24	
54	4.25309e+24	
55	4.25308e+24	
56	4.25308e+24	
57	4.25308e+24	
58	4.25308e+24	
59	4.25308e+24	
60	4.25308e+24	
61	4.25308e+24	
62	4.25308e+24	
63	4.25308e+24	
64	2.62868e+23	
65	1.80912e+22	
66	1.75096e+22	
67	1.67695e+22	
68	1.62692e+22	
69	1.60826e+22	
70	1.59395e+22	
71	1.58185e+22	
72	1.54694e+22	
73	1.50987e+22	
74	1.49134e+22	
75	1.48342e+22	
76	1.47797e+22	
77	1.47334e+22	
78	1.44792e+22	
79	1.43265e+22	
80	1.40773e+22	
81	1.39178e+22	
82	1.39113e+22	
83	1.3911e+22	
84	1.35956e+22	
85	1.32426e+22	
86	1.28812e+22	
87	1.25726e+22	
88	1.25718e+22	
89	1.25718e+22	
90	1.25718e+22	
91	1.25718e+22	
92	1.25718e+22	
93	1.25718e+22	
94	1.25718e+22	
95	1.25718e+22	
96	1.25718e+22	
97	1.22314e+22	
98	1.18718e+22	
99	1.17325e+22	
100	1.17162e+22	
101	1.16406e+22	
102	1.13746e+22	
103	1.11665e+22	
104	1.11361e+22	
105	1.11358e+22	
106	1.11356e+22	
107	1.11355e+22	
108	1.11355e+22	
109	1.11354e+22	
110	1.11354e+22	
111	1.11354e+22	
112	1.07584e+22	
113	1.02392e+22	
114	1.00618e+22	
115	1.00536e+22	
116	1.00504e+22	
117	1.00491e+22	
118	1.00486e+22	
119	1.00484e+22	
120	1.00483e+22	
121	1.00482e+22	
122	1.00482e+22	
123	1.00479e+22	
124	1.00479e+22	
125	1.00479e+22	
126	1.00479e+22	
127	1.00479e+22	
128	1.00479e+22	
129	9.86073e+21	
130	9.59773e+21	
131	9.34181e+21	
132	9.09272e+21	
133	9.01821e+21	
134	9.0182e+21	
135	9.0182e+21	
136	9.0182e+21	
137	9.0182e+21	
138	9.01819e+21	
139	8.85326e+21	
140	8.6364e+21	
141	8.56348e+21	
142	8.5629e+21	
143	8.56285e+21	
144	8.56284e+21	
145	8.56284e+21	
146	8.56283e+21	
147	8.56283e+21	
148	8.56282e+21	
149	8.56282e+21	
150	8.56282e+21	
151	8.56281e+21	
152	8.56281e+21	
153	8.56281e+21	
154	8.5628e+21	
155	8.5628e+21	
156	8.5628e+21	
157	8.56279e+21	
158	8.56279e+21	
159	8.56279e+21	
160	8.56279e+21	
161	8.56278e+21	
162	8.56278e+21	
163	8.56278e+21	
164	8.56277e+21	
165	8.56277e+21	
166	8.56277e+21	
167	8.56277e+21	
168	8.56276e+21	
169	8.56276e+21	
170	8.56276e+21	
171	8.56275e+21	
172	8.56275e+21	
173	8.56275e+21	
174	8.56275e+21	
175	8.56274e+21	
176	8.56274e+21	
177	8.56274e+21	
178	8.56273e+21	
179	8.56273e+21	
180	8.56273e+21	
181	8.56273e+21	
182	8.56272e+21	
183	3.58197e+18	
184	4.03535e+16	
185	2.1734e+16	
186	1.33101e+16	
187	9.65427e+15	
188	7.76496e+15	
189	2.07987e+15	
190	1.8271e+15	
191	1.67304e+15	
192	1.58876e+15	
193	1.56053e+15	
194	1.54675e+15	
195	1.53616e+15	
196	1.51651e+15	
197	1.48494e+15	
198	1.46949e+15	
199	1.46673e+15	
200	1.46475e+15	
201	1.31079e+15	
202	1.31036e+15	
203	1.31006e+15	
204	1.30983e+15	
205	1.30967e+15	
206	1.30956e+15	
207	1.00096e+15	
208	7.82946e+14	
209	7.5896e+14	
210	7.56554e+14	
211	7.56502e+14	
212	7.56466e+14	
213	7.56439e+14	
214	7.56419e+14	
215	7.56403e+14	
216	7.56372e+14	
217	7.56366e+14	
218	7.5636e+14	
219	7.56356e+14	
220	7.56346e+14	
221	7.56343e+14	
222	7.5634e+14	
223	7.56338e+14	
224	7.56336e+14	
225	7.56334e+14	
226	7.56332e+14	
227	7.5633e+14	
228	7.56329e+14	
229	7.49828e+14	
230	7.3234e+14	
231	7.15366e+14	
232	7.09274e+14	
233	7.09169e+14	
234	7.09162e+14	
235	7.09161e+14	
236	7.09161e+14	
237	7.09161e+14	
238	7.0916e+14	
239	7.0916e+14	
240	7.0916e+14	
241	7.0916e+14	
242	7.0916e+14	
243	7.0916e+14	
244	7.09159e+14	
245	7.09159e+14	
246	7.09159e+14	
247	6.85168e+14	
248	6.57686e+14	
249	6.53201e+14	
250	6.53188e+14	
251	6.53185e+14	
252	6.53184e+14	
253	6.53184e+14	
254	6.53183e+14	
255	6.53183e+14	
256	6.53182e+14	
257	6.53182e+14	
258	6.53182e+14	
259	6.53181e+14	
260	6.53181e+14	
261	6.46332e+14	
262	6.28411e+14	
263	6.17434e+14	
264	6.17423e+14	
265	6.17417e+14	
266	6.17413e+14	
267	6.1741e+14	
268	6.17323e+14	
269	6.17322e+14	
270	6.17322e+14	
271	6.17322e+14	
272	6.17322e+14	
273	6.17321e+14	
274	6.17321e+14	
275	5.13083e+14	
276	4.27965e+14	
277	3.8076e+14	
278	3.43037e+14	
279	3.39734e+14	
280	3.3906e+14	
281	3.38886e+14	
282	3.36453e+14	
283	3.08861e+14	
284	2.83977e+14	
285	2.83475e+14	
286	2.83457e+14	
287	2.83455e+14	
288	2.83453e+14	
289	2.83452e+14	
290	2.83452e+14	
291	2.8345e+14	
292	2.8345e+14	
293	2.8345e+14	
294	2.83449e+14	
295	2.83449e+14	
296	2.83449e+14	
297	2.83449e+14	
298	2.83448e+14	
299	2.83448e+14	
300	2.83448e+14	
301	2.83448e+14	
302	3.01363e+13	
303	4.11494e+12	
304	3.7965e+12	
305	3.57715e+12	
306	3.05321e+12	
307	2.9644e+12	
308	2.95467e+12	
309	2.95264e+12	
310	2.95178e+12	
311	2.9513e+12	
312	2.95094e+12	
313	2.95064e+12	
314	2.94862e+12	
315	2.94852e+12	
316	2.94844e+12	
317	2.94836e+12	
318	2.94828e+12	
319	2.94821e+12	
320	2.94815e+12	
321	2.94808e+12	
322	2.94802e+12	
323	2.94796e+12	
324	2.94778e+12	
325	2.94773e+12	
326	2.94768e+12	
327	2.94707e+12	
328	2.94696e+12	
329	2.87662e+12	
330	2.80187e+12	
331	2.7313e+12	
332	2.614e+12	
333	2.53918e+12	
334	2.53707e+12	
335	2.53656e+12	
336	2.53639e+12	
337	2.53631e+12	
338	2.53626e+12	
339	2.53624e+12	
340	2.53622e+12	
341	2.51291e+12	
342	2.47732e+12	
343	2.45589e+12	
344	2.45319e+12	
345	2.45277e+12	
346	2.4527e+12	
347	2.45269e+12	
348	2.45269e+12	
349	2.45268e+12	
350	2.45268e+12	
351	2.45268e+12	
352	2.45268e+12	
353	2.45268e+12	
354	2.41467e+12	
355	2.3601e+12	
356	2.34002e+12	
357	2.33953e+12	
358	2.33951e+12	
359	2.33951e+12	
360	2.33951e+12	
361	2.33951e+12	
362	2.33951e+12	
363	2.33951e+12	
364	2.33951e+12	
365	1.48332e+12	
366	1.11336e+12	
367	8.83518e+11	
368	6.47176e+11	
369	6.42436e+11	
370	6.40227e+11	
371	6.39013e+11	
372	6.38468e+11	
373	6.38103e+11	
374	6.3786e+11	
375	6.37693e+11	
376	6.37579e+11	
377	6.375e+11	
378	6.37446e+11	
379	6.14779e+11	
380	5.89134e+11	
381	5.64712e+11	
382	5.44843e+11	
383	5.44841e+11	
384	5.4484e+11	
385	5.44838e+11	
386	5.44837e+11	
387	5.44819e+11	
388	5.44819e+11	
389	5.44819e+11	
390	5.38228e+11	
391	5.15085e+11	
392	4.98994e+11	
393	4.98861e+11	
394	4.98823e+11	
395	4.98802e+11	
396	4.98789e+11	
397	4.9878e+11	
398	4.98775e+11	
399	4.98772e+11	
400	4.15828e+11	
401	3.49103e+11	
402	1.42655e+11	
403	7.4981e+10	
404	7.11712e+10	
405	7.00899e+10	
406	6.97492e+10	
407	6.95278e+10	
408	6.93608e+10	
409	6.92229e+10	
410	6.91076e+10	
411	6.90105e+10	
412	6.89286e+10	
413	6.88591e+10	
414	6.88e+10	
415	5.89742e+10	
416	5.69825e+10	
417	5.53986e+10	
418	5.52165e+10	
419	5.52072e+10	
420	5.52057e+10	
421	5.52056e+10	
422	5.52056e+10	
423	5.52056e+10	
424	5.52056e+10	
425	5.52055e+10	
426	5.52055e+10	
427	5.46081e+10	
428	5.30652e+10	
429	5.21282e+10	
430	5.21282e+10	
431	5.21281e+10	
432	5.21281e+10	
433	5.21281e+10	
434	5.21281e+10	
435	5.21281e+10	
436	5.21281e+10	
437	5.21281e+10	
438	5.2128e+10	
439	5.2128e+10	
440	5.2128e+10	
441	5.2128e+10	
442	5.2128e+10	
443	5.2128e+10	
444	5.2128e+10	
445	5.2128e+10	
446	5.21279e+10	
447	5.21279e+10	
448	5.21279e+10	
449	5.21279e+10	
450	3.03831e+08	
451	7.58086e+07	
452	1.98124e+07	
453	6.4311e+06	
454	3.0063e+06	
455	2.08691e+06	
456	1.85826e+06	
457	1.74915e+06	
458	1.71193e+06	
459	1.68423e+06	
460	1.59832e+06	
461	1.55704e+06	
462	1.5272e+06	
463	1.5011e+06	
464	1.49771e+06	
465	1.48523e+06	
466	1.4577e+06	
467	1.43921e+06	
468	1.43758e+06	
469	1.43731e+06	
470	1.43723e+06	
471	1.41181e+06	
472	1.38253e+06	
473	1.37234e+06	
474	1.37149e+06	
475	1.37126e+06	
476	1.37126e+06	
477	1.37126e+06	
478	1.37126e+06	
479	1.37126e+06	
480	1.37126e+06	
481	1.35689e+06	
482	1.32623e+06	
483	1.30979e+06	
484	1.29675e+06	
485	1.27133e+06	
486	1.25667e+06	
487	1.25664e+06	
488	1.25664e+06	
489	1.25664e+06	
490	1.25664e+06	
491	1.21566e+06	
492	1.16873e+06	
493	1.16033e+06	
494	1.16025e+06	
495	1.14796e+06	
496	1.11576e+06	
497	1.08684e+06	
498	1.08672e+06	
499	1.08669e+06	
500	1.08668e+06	
501	1.08667e+06	
502	1.08666e+06	
503	1.05077e+06	
504	1.01034e+06	
505	1.00288e+06	
506	995999	
507	953365	
508	918876	
509	918681	
510	918670	
511	918669	
512	709022	
513	581099	
514	549000	
515	541909	
516	539976	
517	539446	
518	539296	
519	538921	
520	538897	
521	520643	
522	504715	
523	488299	
524	473824	
525	472076	
526	471739	
527	471739	
528	471738	
529	471738	
530	471737	
531	471737	
532	471737	
533	471737	
534	471736	
535	471736	
536	471736	
537	471736	
538	471736	
539	121474	
540	98817.7	
541	95600.4	
542	31107.9	
543	31104.8	
544	31101.2	
545	31101.1	
546	31101	
547	31100.9	
548	31100.9	
549	31100.8	
550	31100.8	
551	30797.6	
552	30137.9	
553	29759.2	
554	29750.7	
555	29750.1	
556	29417.6	
557	28749.5	
558	28102.8	
559	27799.5	
560	27552.5	
561	26948.7	
562	26565.8	
563	26557.4	
564	26192.8	
565	25638.7	
566	24319.6	
567	23107.5	
568	22580.7	
569	22270	
570	22252	
571	22250.7	
572	22250.6	
573	21769.9	
574	21311.6	
575	21161.9	
576	21143.3	
577	21141.8	
578	20811.6	
579	20442.5	
580	20273.2	
581	20269.8	
582	20269.4	
583	20269.4	
584	20269.4	
585	20269.3	
586	20269.3	
587	20269.3	
588	20269.3	
589	20269.3	
590	20269.3	
591	20269.2	
592	20269.2	
593	20269.2	
594	20269.2	
595	20269.2	
596	20269.2	
597	20269.2	
598	20269.2	
599	20269.2	
600	20269.2	
601	20269.1	
602	20269.1	
603	20269.1	
604	20269.1	
605	20269.1	
606	20269.1	
607	20269.1	
608	20269.1	
609	20269.1	
610	20269.1	
611	20269.1	
612	20269.1	
613	20269.1	
614	20269.1	
615	20269.1	
616	20269.1	
617	214.247	
618	7.65047	
619	2.5338	
620	2.20794	
621	2.15729	
622	2.14446	
623	2.13802	
624	2.13353	
625	2.12957	
626	2.11065	
627	2.01315	
628	1.9287	
629	1.92226	
630	1.92038	
631	1.91906	
632	1.91785	
633	1.91675	
634	1.91574	
635	1.91481	
636	1.91397	
637	1.9132	
638	1.91249	
639	1.91184	
640	1.91125	
641	1.91071	
642	1.91021	
643	1.89164	
644	1.85363	
645	1.8265	
646	1.82572	
647	1.75092	
648	1.67272	
649	1.66072	
650	1.65924	
651	1.65912	
652	1.65904	
653	1.659	
654	1.65897	
655	1.65895	
656	1.65892	
657	1.65892	
658	1.65892	
659	1.65892	
660	1.65892	
661	1.65892	
662	0.152462	
663	0.014695	
664	0.0140372	
665	0.0137062	
666	0.0133986	
667	0.0131305	
668	0.0131062	
669	0.0130661	
670	0.0130599	
671	0.0129656	
672	0.012522	
673	0.0121546	
674	0.0121484	
675	0.0121452	
676	0.0121429	
677	0.0121408	
678	0.012029	
679	0.0117764	
680	0.0116199	
681	0.0115344	
682	0.0113653	
683	0.0112348	
684	0.0112166	
685	0.0112138	
686	0.0112132	
687	0.0112107	
688	0.0112107	
689	0.0112107	
690	0.0112107	
691	0.0103413	
692	0.00962742	
#	0
# iterats cost: 22.8279
# 2.02752	3.90897	3.91653	0.62518	11.7742	0.437327
