# Reading DATA...
# Reading Matrix Successfully!
CGN
0	3.93972e+26
1	7.88424e+25	
2	3.0327e+25	
3	1.53478e+25	
4	8.77355e+24	
5	5.70048e+24	
6	3.87773e+24	
7	2.84064e+24	
8	2.15e+24	
9	1.64703e+24	
10	1.2904e+24	
11	1.0342e+24	
12	8.49969e+23	
13	7.0493e+23	
14	5.93593e+23	
15	5.06233e+23	
16	4.34692e+23	
17	3.7706e+23	
18	3.28221e+23	
19	2.8644e+23	
20	2.5223e+23	
21	2.23439e+23	
22	2.00527e+23	
23	1.80098e+23	
24	1.61563e+23	
25	1.46613e+23	
26	1.33914e+23	
27	1.22562e+23	
28	1.12705e+23	
29	1.0431e+23	
30	9.67781e+22	
31	8.95604e+22	
32	8.29685e+22	
33	7.71691e+22	
34	7.18492e+22	
35	6.71178e+22	
36	6.28924e+22	
37	5.88326e+22	
38	5.53849e+22	
39	5.21743e+22	
40	4.92504e+22	
41	4.64293e+22	
42	4.37536e+22	
43	4.13578e+22	
44	3.91217e+22	
45	3.7102e+22	
46	3.52059e+22	
47	3.35215e+22	
48	3.1985e+22	
49	3.05145e+22	
50	2.91486e+22	
51	2.79007e+22	
52	2.6693e+22	
53	2.56249e+22	
54	2.45797e+22	
55	2.35871e+22	
56	2.26419e+22	
57	2.17898e+22	
58	2.09579e+22	
59	2.01692e+22	
60	1.93388e+22	
61	1.85541e+22	
62	1.78316e+22	
63	1.71336e+22	
64	1.64997e+22	
65	1.59364e+22	
66	1.53722e+22	
67	1.4842e+22	
68	1.43377e+22	
69	1.38606e+22	
70	1.34026e+22	
71	1.2929e+22	
72	1.24868e+22	
73	1.20784e+22	
74	1.17124e+22	
75	1.1356e+22	
76	1.10155e+22	
77	1.06681e+22	
78	1.0338e+22	
79	1.00094e+22	
80	9.68564e+21	
81	9.36132e+21	
82	9.04946e+21	
83	8.74966e+21	
84	8.4653e+21	
85	8.18427e+21	
86	7.92716e+21	
87	7.67755e+21	
88	7.45387e+21	
89	7.23226e+21	
90	7.02256e+21	
91	6.8228e+21	
92	6.62389e+21	
93	6.42876e+21	
94	6.2368e+21	
95	6.04867e+21	
96	5.87331e+21	
97	5.70843e+21	
98	5.544e+21	
99	5.39685e+21	
100	5.25623e+21	
101	5.11294e+21	
102	4.96845e+21	
103	4.83046e+21	
104	4.70366e+21	
105	4.58223e+21	
106	4.46199e+21	
107	4.34825e+21	
108	4.23713e+21	
109	4.12372e+21	
110	4.02086e+21	
111	3.9227e+21	
112	3.82805e+21	
113	3.74017e+21	
114	3.65386e+21	
115	3.56446e+21	
116	3.47552e+21	
117	3.38901e+21	
118	3.31405e+21	
119	3.23399e+21	
120	3.15421e+21	
121	3.08155e+21	
122	3.00975e+21	
123	2.9408e+21	
124	2.87385e+21	
125	2.81329e+21	
126	2.75636e+21	
127	2.70024e+21	
128	2.64483e+21	
129	2.59328e+21	
130	2.54384e+21	
131	2.49433e+21	
132	2.44367e+21	
133	2.39036e+21	
134	2.34251e+21	
135	2.29497e+21	
136	2.24967e+21	
137	2.2038e+21	
138	2.16014e+21	
139	2.11497e+21	
140	2.06965e+21	
141	2.02633e+21	
142	1.98435e+21	
143	1.94547e+21	
144	1.9092e+21	
145	1.87299e+21	
146	1.83728e+21	
147	1.8039e+21	
148	1.77001e+21	
149	1.73524e+21	
150	1.70293e+21	
151	1.67195e+21	
152	1.64193e+21	
153	1.61425e+21	
154	1.58665e+21	
155	1.55941e+21	
156	1.53418e+21	
157	1.50885e+21	
158	1.48418e+21	
159	1.45996e+21	
160	1.43658e+21	
161	1.41414e+21	
162	1.39203e+21	
163	1.36918e+21	
164	1.34805e+21	
165	1.32677e+21	
166	1.30648e+21	
167	1.28684e+21	
168	1.26679e+21	
169	1.24833e+21	
170	1.22811e+21	
171	1.20797e+21	
172	1.18883e+21	
173	1.17065e+21	
174	1.15367e+21	
175	1.13713e+21	
176	1.12083e+21	
177	1.10369e+21	
178	1.08657e+21	
179	1.06951e+21	
180	1.05295e+21	
181	1.03712e+21	
182	1.02196e+21	
183	1.00804e+21	
184	9.9412e+20	
185	9.80792e+20	
186	9.67235e+20	
187	9.53665e+20	
188	9.40159e+20	
189	9.27547e+20	
190	9.15097e+20	
191	9.03047e+20	
192	8.91686e+20	
193	8.80417e+20	
194	8.69429e+20	
195	8.59448e+20	
196	8.49201e+20	
197	8.38524e+20	
198	8.28321e+20	
199	8.1738e+20	
200	8.07364e+20	
201	7.97619e+20	
202	7.87889e+20	
203	7.78933e+20	
204	7.69414e+20	
205	7.60632e+20	
206	7.5192e+20	
207	7.43038e+20	
208	7.34672e+20	
209	7.26667e+20	
210	7.18379e+20	
211	7.10646e+20	
212	7.03035e+20	
213	6.9551e+20	
214	6.88059e+20	
215	6.81082e+20	
216	6.74154e+20	
217	6.67259e+20	
218	6.60351e+20	
219	6.53708e+20	
220	6.4758e+20	
221	6.41657e+20	
222	6.35662e+20	
223	6.29488e+20	
224	6.23707e+20	
225	6.17899e+20	
226	6.1228e+20	
227	6.06626e+20	
228	6.01138e+20	
229	5.95275e+20	
230	5.9e+20	
231	5.84894e+20	
232	5.79789e+20	
233	5.74877e+20	
234	5.70158e+20	
235	5.65335e+20	
236	5.60526e+20	
237	5.55535e+20	
238	5.50678e+20	
239	5.46008e+20	
240	5.41243e+20	
241	5.3668e+20	
242	5.31995e+20	
243	5.27508e+20	
244	5.22892e+20	
245	5.17947e+20	
246	5.133e+20	
247	5.0873e+20	
248	5.0444e+20	
249	5.00218e+20	
250	4.96115e+20	
251	4.91908e+20	
252	4.8767e+20	
253	4.83685e+20	
254	4.79664e+20	
255	4.7563e+20	
256	4.71749e+20	
257	4.67813e+20	
258	4.63794e+20	
259	4.59639e+20	
260	4.55524e+20	
261	4.51397e+20	
262	4.47252e+20	
263	4.4296e+20	
264	4.3867e+20	
265	4.34539e+20	
266	4.30574e+20	
267	4.26775e+20	
268	4.22977e+20	
269	4.19265e+20	
270	4.15757e+20	
271	4.12237e+20	
272	4.08928e+20	
273	4.05687e+20	
274	4.02384e+20	
275	3.98966e+20	
276	3.95683e+20	
277	3.92496e+20	
278	3.89344e+20	
279	3.86075e+20	
280	3.82912e+20	
281	3.79595e+20	
282	3.7621e+20	
283	3.73003e+20	
284	3.69851e+20	
285	3.66954e+20	
286	3.63925e+20	
287	3.61006e+20	
288	3.58013e+20	
289	3.55167e+20	
290	3.52277e+20	
291	3.49266e+20	
292	3.46172e+20	
293	3.43368e+20	
294	3.40639e+20	
295	3.3801e+20	
296	3.35388e+20	
297	3.32712e+20	
298	3.30194e+20	
299	3.27621e+20	
300	3.25224e+20	
301	3.22668e+20	
302	3.20263e+20	
303	3.17846e+20	
304	3.15222e+20	
305	3.12456e+20	
306	3.09605e+20	
307	3.07071e+20	
308	3.04593e+20	
309	3.02228e+20	
310	3.00002e+20	
311	2.97782e+20	
312	2.95422e+20	
313	2.9297e+20	
314	2.90573e+20	
315	2.88175e+20	
316	2.85798e+20	
317	2.83407e+20	
318	2.81117e+20	
319	2.79026e+20	
320	2.76817e+20	
321	2.74738e+20	
322	2.72548e+20	
323	2.70431e+20	
324	2.68295e+20	
325	2.66146e+20	
326	2.64024e+20	
327	2.62011e+20	
328	2.59947e+20	
329	2.57819e+20	
330	2.55878e+20	
331	2.5403e+20	
332	2.52127e+20	
333	2.50323e+20	
334	2.48504e+20	
335	2.46564e+20	
336	2.4461e+20	
337	2.42655e+20	
338	2.40677e+20	
339	2.38791e+20	
340	2.36898e+20	
341	2.3506e+20	
342	2.33192e+20	
343	2.3138e+20	
344	2.29538e+20	
345	2.27746e+20	
346	2.25951e+20	
347	2.24105e+20	
348	2.22179e+20	
349	2.20307e+20	
350	2.18493e+20	
351	2.16641e+20	
352	2.14894e+20	
353	2.13091e+20	
354	2.11321e+20	
355	2.09645e+20	
356	2.07947e+20	
357	2.06333e+20	
358	2.04728e+20	
359	2.03157e+20	
360	2.01571e+20	
361	1.99989e+20	
362	1.98328e+20	
363	1.96766e+20	
364	1.95278e+20	
365	1.93795e+20	
366	1.92372e+20	
367	1.9107e+20	
368	1.89813e+20	
369	1.88455e+20	
370	1.87101e+20	
371	1.85639e+20	
372	1.84269e+20	
373	1.82899e+20	
374	1.8157e+20	
375	1.80323e+20	
376	1.79147e+20	
377	1.77931e+20	
378	1.76699e+20	
379	1.75383e+20	
380	1.7404e+20	
381	1.72677e+20	
382	1.71428e+20	
383	1.70273e+20	
384	1.6914e+20	
385	1.67887e+20	
386	1.66636e+20	
387	1.65504e+20	
388	1.64378e+20	
389	1.6329e+20	
390	1.62134e+20	
391	1.60985e+20	
392	1.59715e+20	
393	1.58497e+20	
394	1.57273e+20	
395	1.56033e+20	
396	1.54918e+20	
397	1.53683e+20	
398	1.5258e+20	
399	1.51504e+20	
400	1.50443e+20	
401	1.4932e+20	
402	1.48264e+20	
403	1.47235e+20	
404	1.46314e+20	
405	1.45389e+20	
406	1.44371e+20	
407	1.43393e+20	
408	1.42374e+20	
409	1.41379e+20	
410	1.40452e+20	
411	1.39486e+20	
412	1.3847e+20	
413	1.37518e+20	
414	1.36604e+20	
415	1.35758e+20	
416	1.34814e+20	
417	1.33853e+20	
418	1.32937e+20	
419	1.32106e+20	
420	1.31253e+20	
421	1.30343e+20	
422	1.29415e+20	
423	1.28464e+20	
424	1.27569e+20	
425	1.26706e+20	
426	1.25899e+20	
427	1.25081e+20	
428	1.24233e+20	
429	1.23358e+20	
430	1.22467e+20	
431	1.21596e+20	
432	1.20772e+20	
433	1.19885e+20	
434	1.19057e+20	
435	1.18199e+20	
436	1.17445e+20	
437	1.16732e+20	
438	1.15998e+20	
439	1.15259e+20	
440	1.14533e+20	
441	1.13873e+20	
442	1.13215e+20	
443	1.12503e+20	
444	1.11751e+20	
445	1.11052e+20	
446	1.10397e+20	
447	1.09744e+20	
448	1.09058e+20	
449	1.08405e+20	
450	1.0778e+20	
451	1.07188e+20	
452	1.06607e+20	
453	1.06013e+20	
454	1.05463e+20	
455	1.04937e+20	
456	1.04441e+20	
457	1.03885e+20	
458	1.03372e+20	
459	1.02838e+20	
460	1.02302e+20	
461	1.01758e+20	
462	1.01269e+20	
463	1.00752e+20	
464	1.00191e+20	
465	9.96809e+19	
466	9.9206e+19	
467	9.8684e+19	
468	9.81152e+19	
469	9.75627e+19	
470	9.70667e+19	
471	9.65978e+19	
472	9.60498e+19	
473	9.55353e+19	
474	9.50153e+19	
475	9.45541e+19	
476	9.40675e+19	
477	9.35788e+19	
478	9.30769e+19	
479	9.262e+19	
480	9.21482e+19	
481	9.16408e+19	
482	9.10832e+19	
483	9.05746e+19	
484	9.00082e+19	
485	8.95228e+19	
486	8.90377e+19	
487	8.85474e+19	
488	8.8025e+19	
489	8.75463e+19	
490	8.70648e+19	
491	8.65285e+19	
492	8.60037e+19	
493	8.55057e+19	
494	8.50354e+19	
495	8.45439e+19	
496	8.41138e+19	
497	8.36609e+19	
498	8.32134e+19	
499	8.27552e+19	
500	8.23579e+19	
501	8.19564e+19	
502	8.15415e+19	
503	8.11395e+19	
504	8.07142e+19	
505	8.03612e+19	
506	7.99835e+19	
507	7.95591e+19	
508	7.9127e+19	
509	7.87533e+19	
510	7.83948e+19	
511	7.80309e+19	
512	7.76106e+19	
513	7.7205e+19	
514	7.68548e+19	
515	7.64879e+19	
516	7.61852e+19	
517	7.5836e+19	
518	7.55057e+19	
519	7.51797e+19	
520	7.48718e+19	
521	7.45314e+19	
522	7.42027e+19	
523	7.3914e+19	
524	7.36132e+19	
525	7.32729e+19	
526	7.29442e+19	
527	7.26186e+19	
528	7.23113e+19	
529	7.20125e+19	
530	7.16905e+19	
531	7.14021e+19	
532	7.1101e+19	
533	7.08077e+19	
534	7.05337e+19	
535	7.01893e+19	
536	6.98589e+19	
537	6.95625e+19	
538	6.92641e+19	
539	6.89358e+19	
540	6.86168e+19	
541	6.83014e+19	
542	6.79964e+19	
543	6.77146e+19	
544	6.74377e+19	
545	6.71496e+19	
546	6.68266e+19	
547	6.65226e+19	
548	6.62303e+19	
549	6.59431e+19	
550	6.5628e+19	
551	6.53079e+19	
552	6.4991e+19	
553	6.46725e+19	
554	6.43675e+19	
555	6.40761e+19	
556	6.37562e+19	
557	6.34304e+19	
558	6.31456e+19	
559	6.28716e+19	
560	6.25828e+19	
561	6.2306e+19	
562	6.20128e+19	
563	6.17572e+19	
564	6.15292e+19	
565	6.1247e+19	
566	6.09727e+19	
567	6.07142e+19	
568	6.04712e+19	
569	6.02268e+19	
570	5.9955e+19	
571	5.97119e+19	
572	5.94784e+19	
573	5.92561e+19	
574	5.90169e+19	
575	5.87727e+19	
576	5.85117e+19	
577	5.82815e+19	
578	5.8042e+19	
579	5.77974e+19	
580	5.75525e+19	
581	5.73269e+19	
582	5.71072e+19	
583	5.68439e+19	
584	5.65846e+19	
585	5.63025e+19	
586	5.60615e+19	
587	5.57828e+19	
588	5.55202e+19	
589	5.52906e+19	
590	5.50708e+19	
591	5.48505e+19	
592	5.46038e+19	
593	5.43466e+19	
594	5.41082e+19	
595	5.38869e+19	
596	5.36203e+19	
597	5.33696e+19	
598	5.31322e+19	
599	5.29045e+19	
600	5.26829e+19	
601	5.24485e+19	
602	5.22217e+19	
603	5.20124e+19	
604	5.17975e+19	
605	5.15633e+19	
606	5.13437e+19	
607	5.11552e+19	
608	5.09423e+19	
609	5.0737e+19	
610	5.05376e+19	
611	5.03302e+19	
612	5.01094e+19	
613	4.98868e+19	
614	4.96637e+19	
615	4.94418e+19	
616	4.9239e+19	
617	4.9006e+19	
618	4.88039e+19	
619	4.85951e+19	
620	4.83586e+19	
621	4.81739e+19	
622	4.79605e+19	
623	4.77104e+19	
624	4.74902e+19	
625	4.72896e+19	
626	4.70661e+19	
627	4.68364e+19	
628	4.66182e+19	
629	4.64324e+19	
630	4.62215e+19	
631	4.59928e+19	
632	4.57861e+19	
633	4.55675e+19	
634	4.53512e+19	
635	4.51425e+19	
636	4.49642e+19	
637	4.47766e+19	
638	4.45779e+19	
639	4.43595e+19	
640	4.41832e+19	
641	4.40097e+19	
642	4.38148e+19	
643	4.36432e+19	
644	4.34881e+19	
645	4.33048e+19	
646	4.31099e+19	
647	4.29553e+19	
648	4.27798e+19	
649	4.25916e+19	
650	4.24243e+19	
651	4.22737e+19	
652	4.21024e+19	
653	4.19198e+19	
654	4.17616e+19	
655	4.16205e+19	
656	4.14605e+19	
657	4.13137e+19	
658	4.11779e+19	
659	4.10348e+19	
660	4.08696e+19	
661	4.07139e+19	
662	4.05732e+19	
663	4.04221e+19	
664	4.02654e+19	
665	4.01101e+19	
666	3.99669e+19	
667	3.97951e+19	
668	3.96216e+19	
669	3.9457e+19	
670	3.93005e+19	
671	3.91296e+19	
672	3.89624e+19	
673	3.88013e+19	
674	3.86456e+19	
675	3.84952e+19	
676	3.83206e+19	
677	3.81754e+19	
678	3.79941e+19	
679	3.78177e+19	
680	3.76494e+19	
681	3.75048e+19	
682	3.73436e+19	
683	3.71845e+19	
684	3.70251e+19	
685	3.68722e+19	
686	3.67225e+19	
687	3.65607e+19	
688	3.64087e+19	
689	3.62812e+19	
690	3.61464e+19	
691	3.59886e+19	
692	3.58345e+19	
693	3.57091e+19	
694	3.55464e+19	
695	3.53933e+19	
696	3.52336e+19	
697	3.50884e+19	
698	3.49428e+19	
699	3.47822e+19	
700	3.46423e+19	
701	3.45062e+19	
702	3.43677e+19	
703	3.42097e+19	
704	3.40859e+19	
705	3.39525e+19	
706	3.38095e+19	
707	3.3664e+19	
708	3.35223e+19	
709	3.33475e+19	
710	3.31977e+19	
711	3.30492e+19	
712	3.28864e+19	
713	3.27418e+19	
714	3.26071e+19	
715	3.24812e+19	
716	3.23306e+19	
717	3.22027e+19	
718	3.20779e+19	
719	3.19474e+19	
720	3.18104e+19	
721	3.16896e+19	
722	3.15799e+19	
723	3.14607e+19	
724	3.1357e+19	
725	3.12447e+19	
726	3.11244e+19	
727	3.09879e+19	
728	3.08646e+19	
729	3.07472e+19	
730	3.06243e+19	
731	3.05055e+19	
732	3.03703e+19	
733	3.02677e+19	
734	3.01383e+19	
735	3.00192e+19	
736	2.99093e+19	
737	2.97882e+19	
738	2.96672e+19	
739	2.95361e+19	
740	2.94381e+19	
741	2.93261e+19	
742	2.92041e+19	
743	2.90964e+19	
744	2.89908e+19	
745	2.88825e+19	
746	2.87698e+19	
747	2.86607e+19	
748	2.85763e+19	
749	2.84709e+19	
750	2.83843e+19	
751	2.82777e+19	
752	2.81847e+19	
753	2.80795e+19	
754	2.79865e+19	
755	2.78746e+19	
756	2.77564e+19	
757	2.76641e+19	
758	2.75693e+19	
759	2.74668e+19	
760	2.73825e+19	
761	2.73003e+19	
762	2.72124e+19	
763	2.71215e+19	
764	2.70345e+19	
765	2.69393e+19	
766	2.68556e+19	
767	2.67636e+19	
768	2.66759e+19	
769	2.65787e+19	
770	2.64825e+19	
771	2.63943e+19	
772	2.62964e+19	
773	2.61957e+19	
774	2.61191e+19	
775	2.60208e+19	
776	2.59272e+19	
777	2.58427e+19	
778	2.57525e+19	
779	2.56562e+19	
780	2.55488e+19	
781	2.54571e+19	
782	2.53716e+19	
783	2.52662e+19	
784	2.51767e+19	
785	2.50813e+19	
786	2.49843e+19	
787	2.48831e+19	
788	2.47872e+19	
789	2.46947e+19	
790	2.46024e+19	
791	2.45073e+19	
792	2.44157e+19	
793	2.43234e+19	
794	2.42279e+19	
795	2.41211e+19	
796	2.40305e+19	
797	2.39326e+19	
798	2.38337e+19	
799	2.37517e+19	
800	2.3673e+19	
801	2.35802e+19	
802	2.34902e+19	
803	2.341e+19	
804	2.33278e+19	
805	2.32463e+19	
806	2.31572e+19	
807	2.30792e+19	
808	2.30006e+19	
809	2.29261e+19	
810	2.28599e+19	
811	2.27823e+19	
812	2.27058e+19	
813	2.26359e+19	
814	2.25677e+19	
815	2.248e+19	
816	2.24161e+19	
817	2.23246e+19	
818	2.22504e+19	
819	2.21703e+19	
820	2.20955e+19	
821	2.20215e+19	
822	2.1944e+19	
823	2.18729e+19	
824	2.17903e+19	
825	2.17169e+19	
826	2.16511e+19	
827	2.15716e+19	
828	2.14984e+19	
829	2.1412e+19	
830	2.13355e+19	
831	2.12535e+19	
832	2.11834e+19	
833	2.1104e+19	
834	2.10257e+19	
835	2.0953e+19	
836	2.08774e+19	
837	2.08126e+19	
838	2.07389e+19	
839	2.06693e+19	
840	2.0595e+19	
841	2.05252e+19	
842	2.04562e+19	
843	2.03859e+19	
844	2.03138e+19	
845	2.02372e+19	
846	2.01719e+19	
847	2.00951e+19	
848	2.0037e+19	
849	1.99671e+19	
850	1.98868e+19	
851	1.98179e+19	
852	1.97388e+19	
853	1.96754e+19	
854	1.96047e+19	
855	1.95462e+19	
856	1.94895e+19	
857	1.94236e+19	
858	1.93652e+19	
859	1.93006e+19	
860	1.92361e+19	
861	1.91735e+19	
862	1.91072e+19	
863	1.90428e+19	
864	1.89757e+19	
865	1.8925e+19	
866	1.88552e+19	
867	1.87953e+19	
868	1.87356e+19	
869	1.86648e+19	
870	1.86064e+19	
871	1.8551e+19	
872	1.84952e+19	
873	1.8433e+19	
874	1.83794e+19	
875	1.83093e+19	
876	1.8249e+19	
877	1.82007e+19	
878	1.81412e+19	
879	1.80861e+19	
880	1.80234e+19	
881	1.7968e+19	
882	1.79126e+19	
883	1.78532e+19	
884	1.77942e+19	
885	1.77397e+19	
886	1.76874e+19	
887	1.76203e+19	
888	1.75763e+19	
889	1.75188e+19	
890	1.74626e+19	
891	1.74138e+19	
892	1.73474e+19	
893	1.73003e+19	
894	1.7254e+19	
895	1.72044e+19	
896	1.71529e+19	
897	1.71007e+19	
898	1.70451e+19	
899	1.69777e+19	
900	1.6923e+19	
901	1.6867e+19	
902	1.68122e+19	
903	1.67626e+19	
904	1.67011e+19	
905	1.66558e+19	
906	1.661e+19	
907	1.65629e+19	
908	1.65031e+19	
909	1.64565e+19	
910	1.64123e+19	
911	1.63635e+19	
912	1.63137e+19	
913	1.62551e+19	
914	1.62053e+19	
915	1.61597e+19	
916	1.61062e+19	
917	1.60675e+19	
918	1.60172e+19	
919	1.59674e+19	
920	1.59192e+19	
921	1.58668e+19	
922	1.58269e+19	
923	1.57852e+19	
924	1.57447e+19	
925	1.56893e+19	
926	1.56422e+19	
927	1.56033e+19	
928	1.55532e+19	
929	1.55128e+19	
930	1.54608e+19	
931	1.54198e+19	
932	1.53745e+19	
933	1.53345e+19	
934	1.52873e+19	
935	1.52413e+19	
936	1.51947e+19	
937	1.51336e+19	
938	1.50994e+19	
939	1.50489e+19	
940	1.50004e+19	
941	1.49513e+19	
942	1.48965e+19	
943	1.48544e+19	
944	1.48083e+19	
945	1.47652e+19	
946	1.47131e+19	
947	1.46696e+19	
948	1.46274e+19	
949	1.45797e+19	
950	1.45376e+19	
951	1.44827e+19	
952	1.44356e+19	
953	1.43989e+19	
954	1.43483e+19	
955	1.43095e+19	
956	1.42605e+19	
957	1.42014e+19	
958	1.41646e+19	
959	1.41165e+19	
960	1.40813e+19	
961	1.40413e+19	
962	1.40016e+19	
963	1.39663e+19	
964	1.39267e+19	
965	1.38914e+19	
966	1.38466e+19	
967	1.38136e+19	
968	1.37771e+19	
969	1.37394e+19	
970	1.37119e+19	
971	1.36643e+19	
972	1.36276e+19	
973	1.35942e+19	
974	1.35575e+19	
975	1.3524e+19	
976	1.34831e+19	
977	1.34524e+19	
978	1.34156e+19	
979	1.33879e+19	
980	1.33492e+19	
981	1.33147e+19	
982	1.32853e+19	
983	1.32418e+19	
984	1.32138e+19	
985	1.31747e+19	
986	1.31335e+19	
987	1.31017e+19	
988	1.30667e+19	
989	1.30379e+19	
990	1.30058e+19	
991	1.29712e+19	
992	1.29375e+19	
993	1.29031e+19	
994	1.28702e+19	
995	1.28349e+19	
996	1.27983e+19	
997	1.27684e+19	
998	1.27313e+19	
999	1.27041e+19	
1000	1.26708e+19	
1001	1.26304e+19	
1002	1.26015e+19	
1003	1.25628e+19	
1004	1.25288e+19	
1005	1.24956e+19	
1006	1.24522e+19	
1007	1.24265e+19	
1008	1.2384e+19	
1009	1.23446e+19	
1010	1.23165e+19	
1011	1.22733e+19	
1012	1.22331e+19	
1013	1.22056e+19	
1014	1.21615e+19	
1015	1.21317e+19	
1016	1.21009e+19	
1017	1.20625e+19	
1018	1.20316e+19	
1019	1.19995e+19	
1020	1.19675e+19	
1021	1.19327e+19	
1022	1.18928e+19	
1023	1.18606e+19	
1024	1.18276e+19	
1025	1.17905e+19	
1026	1.1762e+19	
1027	1.17328e+19	
1028	1.17008e+19	
1029	1.16691e+19	
1030	1.16371e+19	
1031	1.16047e+19	
1032	1.15768e+19	
1033	1.15449e+19	
1034	1.15156e+19	
1035	1.1484e+19	
1036	1.14495e+19	
1037	1.14216e+19	
1038	1.13854e+19	
1039	1.13523e+19	
1040	1.13256e+19	
1041	1.12993e+19	
1042	1.12708e+19	
1043	1.1244e+19	
1044	1.12116e+19	
1045	1.11878e+19	
1046	1.11642e+19	
1047	1.1132e+19	
1048	1.11104e+19	
1049	1.10816e+19	
1050	1.10549e+19	
1051	1.10291e+19	
1052	1.09995e+19	
1053	1.09797e+19	
1054	1.09526e+19	
1055	1.09281e+19	
1056	1.09e+19	
1057	1.08727e+19	
1058	1.08468e+19	
1059	1.08192e+19	
1060	1.07841e+19	
1061	1.07605e+19	
1062	1.07294e+19	
1063	1.07043e+19	
1064	1.06737e+19	
1065	1.06464e+19	
1066	1.06161e+19	
1067	1.05882e+19	
1068	1.0559e+19	
1069	1.05262e+19	
1070	1.04941e+19	
1071	1.04607e+19	
1072	1.04284e+19	
1073	1.03976e+19	
1074	1.03726e+19	
1075	1.03387e+19	
1076	1.03112e+19	
1077	1.02837e+19	
1078	1.02524e+19	
1079	1.02251e+19	
1080	1.01972e+19	
1081	1.0173e+19	
1082	1.01478e+19	
1083	1.01263e+19	
1084	1.01019e+19	
1085	1.00795e+19	
1086	1.00528e+19	
1087	1.00311e+19	
1088	1.00019e+19	
1089	9.97707e+18	
1090	9.95419e+18	
1091	9.92903e+18	
1092	9.90609e+18	
1093	9.88562e+18	
1094	9.86384e+18	
1095	9.84271e+18	
1096	9.82083e+18	
1097	9.79961e+18	
1098	9.77977e+18	
1099	9.75544e+18	
1100	9.73798e+18	
1101	9.72098e+18	
1102	9.69969e+18	
1103	9.68389e+18	
1104	9.66197e+18	
1105	9.64405e+18	
1106	9.62416e+18	
1107	9.6034e+18	
1108	9.58569e+18	
1109	9.56562e+18	
1110	9.54363e+18	
1111	9.52336e+18	
1112	9.50558e+18	
1113	9.48733e+18	
1114	9.46542e+18	
1115	9.44692e+18	
1116	9.42993e+18	
1117	9.41082e+18	
1118	9.38951e+18	
1119	9.37203e+18	
1120	9.35392e+18	
1121	9.33713e+18	
1122	9.31881e+18	
1123	9.29743e+18	
1124	9.28005e+18	
1125	9.26156e+18	
1126	9.24102e+18	
1127	9.22212e+18	
1128	9.19998e+18	
1129	9.18144e+18	
1130	9.16245e+18	
1131	9.14058e+18	
1132	9.12171e+18	
1133	9.10325e+18	
1134	9.08855e+18	
1135	9.07087e+18	
1136	9.04851e+18	
1137	9.03214e+18	
1138	9.01431e+18	
1139	8.99421e+18	
1140	8.97641e+18	
1141	8.95999e+18	
1142	8.94348e+18	
1143	8.92857e+18	
1144	8.90961e+18	
1145	8.8949e+18	
1146	8.87796e+18	
1147	8.86136e+18	
1148	8.84263e+18	
1149	8.82717e+18	
1150	8.81182e+18	
1151	8.79626e+18	
1152	8.77997e+18	
1153	8.76471e+18	
1154	8.74745e+18	
1155	8.72765e+18	
1156	8.70782e+18	
1157	8.68852e+18	
1158	8.66984e+18	
1159	8.64982e+18	
1160	8.63311e+18	
1161	8.60984e+18	
1162	8.59166e+18	
1163	8.57185e+18	
1164	8.55416e+18	
1165	8.53568e+18	
1166	8.51845e+18	
1167	8.50126e+18	
1168	8.4826e+18	
1169	8.46806e+18	
1170	8.45075e+18	
1171	8.43357e+18	
1172	8.41637e+18	
1173	8.39827e+18	
1174	8.38025e+18	
1175	8.36119e+18	
1176	8.34289e+18	
1177	8.32732e+18	
1178	8.30833e+18	
1179	8.29391e+18	
1180	8.28014e+18	
1181	8.26303e+18	
1182	8.24917e+18	
1183	8.23018e+18	
1184	8.2121e+18	
1185	8.19585e+18	
1186	8.17522e+18	
1187	8.15729e+18	
1188	8.14115e+18	
1189	8.12455e+18	
1190	8.11117e+18	
1191	8.09302e+18	
1192	8.07676e+18	
1193	8.06135e+18	
1194	8.04361e+18	
1195	8.02815e+18	
1196	8.00974e+18	
1197	7.99643e+18	
1198	7.98015e+18	
1199	7.96549e+18	
1200	7.94755e+18	
1201	7.93348e+18	
1202	7.91762e+18	
1203	7.89921e+18	
1204	7.88402e+18	
1205	7.87025e+18	
1206	7.85598e+18	
1207	7.84129e+18	
1208	7.82476e+18	
1209	7.81172e+18	
1210	7.79525e+18	
1211	7.77766e+18	
1212	7.75994e+18	
1213	7.74269e+18	
1214	7.72794e+18	
1215	7.71301e+18	
1216	7.69609e+18	
1217	7.68328e+18	
1218	7.66681e+18	
1219	7.65145e+18	
1220	7.62818e+18	
1221	7.61253e+18	
1222	7.59506e+18	
1223	7.57335e+18	
1224	7.55484e+18	
1225	7.53663e+18	
1226	7.52086e+18	
1227	7.50451e+18	
1228	7.48586e+18	
1229	7.4715e+18	
1230	7.4556e+18	
1231	7.43641e+18	
1232	7.42158e+18	
1233	7.40384e+18	
1234	7.3875e+18	
1235	7.37086e+18	
1236	7.35565e+18	
1237	7.33801e+18	
1238	7.3242e+18	
1239	7.30802e+18	
1240	7.29363e+18	
1241	7.27668e+18	
1242	7.26367e+18	
1243	7.25024e+18	
1244	7.23522e+18	
1245	7.21654e+18	
1246	7.20397e+18	
1247	7.18693e+18	
1248	7.17259e+18	
1249	7.15276e+18	
1250	7.13643e+18	
1251	7.11961e+18	
1252	7.10376e+18	
1253	7.09349e+18	
1254	7.079e+18	
1255	7.06742e+18	
1256	7.05408e+18	
1257	7.04053e+18	
1258	7.02612e+18	
1259	7.00988e+18	
1260	6.99576e+18	
1261	6.98152e+18	
1262	6.96405e+18	
1263	6.95085e+18	
1264	6.93284e+18	
1265	6.91693e+18	
1266	6.89691e+18	
1267	6.88121e+18	
1268	6.8638e+18	
1269	6.85118e+18	
1270	6.83411e+18	
1271	6.81892e+18	
1272	6.80639e+18	
1273	6.79245e+18	
1274	6.7797e+18	
1275	6.76788e+18	
1276	6.74769e+18	
1277	6.7348e+18	
1278	6.71958e+18	
1279	6.70725e+18	
1280	6.695e+18	
1281	6.68295e+18	
1282	6.67191e+18	
1283	6.65926e+18	
1284	6.64521e+18	
1285	6.63394e+18	
1286	6.61998e+18	
1287	6.6075e+18	
1288	6.59142e+18	
1289	6.57789e+18	
1290	6.56205e+18	
1291	6.54823e+18	
1292	6.53461e+18	
1293	6.51982e+18	
1294	6.50623e+18	
1295	6.48877e+18	
1296	6.47371e+18	
1297	6.4564e+18	
1298	6.44175e+18	
1299	6.43046e+18	
1300	6.41805e+18	
1301	6.40404e+18	
1302	6.39406e+18	
1303	6.3804e+18	
1304	6.36908e+18	
1305	6.35284e+18	
1306	6.33958e+18	
1307	6.32826e+18	
1308	6.31127e+18	
1309	6.29761e+18	
1310	6.28788e+18	
1311	6.27883e+18	
1312	6.26585e+18	
1313	6.25261e+18	
1314	6.24149e+18	
1315	6.23049e+18	
1316	6.21806e+18	
1317	6.2046e+18	
1318	6.19377e+18	
1319	6.18104e+18	
1320	6.17003e+18	
1321	6.16031e+18	
1322	6.15091e+18	
1323	6.14186e+18	
1324	6.13131e+18	
1325	6.12063e+18	
1326	6.11043e+18	
1327	6.09805e+18	
1328	6.08955e+18	
1329	6.07975e+18	
1330	6.06697e+18	
1331	6.05577e+18	
1332	6.04516e+18	
1333	6.03666e+18	
1334	6.02368e+18	
1335	6.01441e+18	
1336	6.00256e+18	
1337	5.99058e+18	
1338	5.97956e+18	
1339	5.96805e+18	
1340	5.95643e+18	
1341	5.94171e+18	
1342	5.93103e+18	
1343	5.91779e+18	
1344	5.90771e+18	
1345	5.89496e+18	
1346	5.88332e+18	
1347	5.87224e+18	
1348	5.86112e+18	
1349	5.8479e+18	
1350	5.83993e+18	
1351	5.82699e+18	
1352	5.8147e+18	
1353	5.80223e+18	
1354	5.79084e+18	
1355	5.78045e+18	
1356	5.77066e+18	
1357	5.76005e+18	
1358	5.75069e+18	
1359	5.73909e+18	
1360	5.73143e+18	
1361	5.71917e+18	
1362	5.71148e+18	
1363	5.69993e+18	
1364	5.68981e+18	
1365	5.67925e+18	
1366	5.67148e+18	
1367	5.65998e+18	
1368	5.65159e+18	
1369	5.64202e+18	
1370	5.6339e+18	
1371	5.62443e+18	
1372	5.61655e+18	
1373	5.60619e+18	
1374	5.59855e+18	
1375	5.58833e+18	
1376	5.58069e+18	
1377	5.57094e+18	
1378	5.56239e+18	
1379	5.55199e+18	
1380	5.54347e+18	
1381	5.53509e+18	
1382	5.52522e+18	
1383	5.51234e+18	
1384	5.50336e+18	
1385	5.49196e+18	
1386	5.48273e+18	
1387	5.46993e+18	
1388	5.46184e+18	
1389	5.44989e+18	
1390	5.43908e+18	
1391	5.42637e+18	
1392	5.41604e+18	
1393	5.40262e+18	
1394	5.39394e+18	
1395	5.38383e+18	
1396	5.37599e+18	
1397	5.36157e+18	
1398	5.35157e+18	
1399	5.34224e+18	
1400	5.33428e+18	
1401	5.32405e+18	
1402	5.31426e+18	
1403	5.30491e+18	
1404	5.29598e+18	
1405	5.28657e+18	
1406	5.27982e+18	
1407	5.27049e+18	
1408	5.26311e+18	
1409	5.25274e+18	
1410	5.24534e+18	
1411	5.23578e+18	
1412	5.22778e+18	
1413	5.2182e+18	
1414	5.20866e+18	
1415	5.19971e+18	
1416	5.1903e+18	
1417	5.18297e+18	
1418	5.17307e+18	
1419	5.16489e+18	
1420	5.15642e+18	
1421	5.14456e+18	
1422	5.13659e+18	
1423	5.12631e+18	
1424	5.1186e+18	
1425	5.11016e+18	
1426	5.10283e+18	
1427	5.09516e+18	
1428	5.08643e+18	
1429	5.07798e+18	
1430	5.06826e+18	
1431	5.05928e+18	
1432	5.05217e+18	
1433	5.04455e+18	
1434	5.03509e+18	
1435	5.02448e+18	
1436	5.01676e+18	
1437	5.0092e+18	
1438	4.99718e+18	
1439	4.98897e+18	
1440	4.97922e+18	
1441	4.97152e+18	
1442	4.96387e+18	
1443	4.95548e+18	
1444	4.94736e+18	
1445	4.93786e+18	
1446	4.92996e+18	
1447	4.91966e+18	
1448	4.90805e+18	
1449	4.89733e+18	
1450	4.88771e+18	
1451	4.87751e+18	
1452	4.86663e+18	
1453	4.85706e+18	
1454	4.84908e+18	
1455	4.83888e+18	
1456	4.83082e+18	
1457	4.82225e+18	
1458	4.81362e+18	
1459	4.80305e+18	
1460	4.79565e+18	
1461	4.78697e+18	
1462	4.77761e+18	
1463	4.76805e+18	
1464	4.75873e+18	
1465	4.74764e+18	
1466	4.73697e+18	
1467	4.72615e+18	
1468	4.71806e+18	
1469	4.70812e+18	
1470	4.69794e+18	
1471	4.69112e+18	
1472	4.68197e+18	
1473	4.6735e+18	
1474	4.66568e+18	
1475	4.65654e+18	
1476	4.6487e+18	
1477	4.63927e+18	
1478	4.62811e+18	
1479	4.62077e+18	
1480	4.6101e+18	
1481	4.60313e+18	
1482	4.59622e+18	
1483	4.58657e+18	
1484	4.57905e+18	
1485	4.56963e+18	
1486	4.56085e+18	
1487	4.55209e+18	
1488	4.54436e+18	
1489	4.53775e+18	
1490	4.53003e+18	
1491	4.52007e+18	
1492	4.51328e+18	
1493	4.50357e+18	
1494	4.49551e+18	
1495	4.48784e+18	
1496	4.47869e+18	
1497	4.47296e+18	
1498	4.46283e+18	
1499	4.45708e+18	
1500	4.4478e+18	
1501	4.44025e+18	
1502	4.43374e+18	
1503	4.42482e+18	
1504	4.41629e+18	
1505	4.40956e+18	
1506	4.40043e+18	
1507	4.39375e+18	
1508	4.38533e+18	
1509	4.37855e+18	
1510	4.37185e+18	
1511	4.36281e+18	
1512	4.35509e+18	
1513	4.34769e+18	
1514	4.3395e+18	
1515	4.33129e+18	
1516	4.32404e+18	
1517	4.31652e+18	
1518	4.31058e+18	
1519	4.30411e+18	
1520	4.29654e+18	
1521	4.28864e+18	
1522	4.28152e+18	
1523	4.27209e+18	
1524	4.26516e+18	
1525	4.2565e+18	
1526	4.24867e+18	
1527	4.24361e+18	
1528	4.23483e+18	
1529	4.22859e+18	
1530	4.22166e+18	
1531	4.21492e+18	
1532	4.20592e+18	
1533	4.19667e+18	
1534	4.1908e+18	
1535	4.18226e+18	
1536	4.17376e+18	
1537	4.1661e+18	
1538	4.15801e+18	
1539	4.15144e+18	
1540	4.14259e+18	
1541	4.13565e+18	
1542	4.12935e+18	
1543	4.11844e+18	
1544	4.11271e+18	
1545	4.10501e+18	
1546	4.09838e+18	
1547	4.09305e+18	
1548	4.08593e+18	
1549	4.08067e+18	
1550	4.07205e+18	
1551	4.06637e+18	
1552	4.06124e+18	
1553	4.05249e+18	
1554	4.04619e+18	
1555	4.04058e+18	
1556	4.03272e+18	
1557	4.0275e+18	
1558	4.01958e+18	
1559	4.01436e+18	
1560	4.00812e+18	
1561	4.0013e+18	
1562	3.99673e+18	
1563	3.99136e+18	
1564	3.98667e+18	
1565	3.98165e+18	
1566	3.97466e+18	
1567	3.9703e+18	
1568	3.9653e+18	
1569	3.9595e+18	
1570	3.9553e+18	
1571	3.94758e+18	
1572	3.94195e+18	
1573	3.93558e+18	
1574	3.93031e+18	
1575	3.92498e+18	
1576	3.92041e+18	
1577	3.91399e+18	
1578	3.90768e+18	
1579	3.90211e+18	
1580	3.89652e+18	
1581	3.89222e+18	
1582	3.88527e+18	
1583	3.8807e+18	
1584	3.8754e+18	
1585	3.86943e+18	
1586	3.86388e+18	
1587	3.85636e+18	
1588	3.85127e+18	
1589	3.84632e+18	
1590	3.83856e+18	
1591	3.83411e+18	
1592	3.82713e+18	
1593	3.82162e+18	
1594	3.81656e+18	
1595	3.81016e+18	
1596	3.8058e+18	
1597	3.80006e+18	
1598	3.79351e+18	
1599	3.78724e+18	
1600	3.78242e+18	
1601	3.7762e+18	
1602	3.77132e+18	
1603	3.76542e+18	
1604	3.75867e+18	
1605	3.75455e+18	
1606	3.746e+18	
1607	3.74075e+18	
1608	3.73346e+18	
1609	3.72838e+18	
1610	3.7234e+18	
1611	3.71809e+18	
1612	3.71364e+18	
1613	3.70862e+18	
1614	3.70293e+18	
1615	3.69789e+18	
1616	3.69208e+18	
1617	3.68629e+18	
1618	3.68126e+18	
1619	3.67426e+18	
1620	3.6697e+18	
1621	3.66356e+18	
1622	3.65762e+18	
1623	3.65274e+18	
1624	3.64611e+18	
1625	3.64029e+18	
1626	3.63606e+18	
1627	3.63121e+18	
1628	3.62484e+18	
1629	3.6211e+18	
1630	3.61443e+18	
1631	3.61075e+18	
1632	3.60598e+18	
1633	3.60166e+18	
1634	3.59789e+18	
1635	3.59224e+18	
1636	3.58847e+18	
1637	3.58362e+18	
1638	3.57914e+18	
1639	3.57556e+18	
1640	3.57175e+18	
1641	3.56669e+18	
1642	3.56348e+18	
1643	3.55952e+18	
1644	3.5548e+18	
1645	3.55052e+18	
1646	3.54532e+18	
1647	3.54103e+18	
1648	3.53738e+18	
1649	3.53219e+18	
1650	3.52801e+18	
1651	3.52471e+18	
1652	3.51769e+18	
1653	3.51373e+18	
1654	3.50947e+18	
1655	3.50368e+18	
1656	3.49982e+18	
1657	3.493e+18	
1658	3.488e+18	
1659	3.48284e+18	
1660	3.4765e+18	
1661	3.47185e+18	
1662	3.46627e+18	
1663	3.4594e+18	
1664	3.45273e+18	
1665	3.44804e+18	
1666	3.44118e+18	
1667	3.43643e+18	
1668	3.43077e+18	
1669	3.42532e+18	
1670	3.41963e+18	
1671	3.41232e+18	
1672	3.40829e+18	
1673	3.4027e+18	
1674	3.39501e+18	
1675	3.39102e+18	
1676	3.38602e+18	
1677	3.38167e+18	
1678	3.37685e+18	
1679	3.37121e+18	
1680	3.36599e+18	
1681	3.36019e+18	
1682	3.35431e+18	
1683	3.34945e+18	
1684	3.3442e+18	
1685	3.33849e+18	
1686	3.33441e+18	
1687	3.32927e+18	
1688	3.32511e+18	
1689	3.32091e+18	
1690	3.31569e+18	
1691	3.3113e+18	
1692	3.30616e+18	
1693	3.30033e+18	
1694	3.29615e+18	
1695	3.28927e+18	
1696	3.28439e+18	
1697	3.28113e+18	
1698	3.27452e+18	
1699	3.27024e+18	
1700	3.26552e+18	
1701	3.26037e+18	
1702	3.25545e+18	
1703	3.25139e+18	
1704	3.24712e+18	
1705	3.24365e+18	
1706	3.23991e+18	
1707	3.23457e+18	
1708	3.2312e+18	
1709	3.22506e+18	
1710	3.22081e+18	
1711	3.21439e+18	
1712	3.20883e+18	
1713	3.20573e+18	
1714	3.20001e+18	
1715	3.19628e+18	
1716	3.19195e+18	
1717	3.18793e+18	
1718	3.18073e+18	
1719	3.1755e+18	
1720	3.17152e+18	
1721	3.16777e+18	
1722	3.16302e+18	
1723	3.15772e+18	
1724	3.1539e+18	
1725	3.14922e+18	
1726	3.14437e+18	
1727	3.13936e+18	
1728	3.13533e+18	
1729	3.13038e+18	
1730	3.12445e+18	
1731	3.11914e+18	
1732	3.11292e+18	
1733	3.10932e+18	
1734	3.10387e+18	
1735	3.099e+18	
1736	3.09447e+18	
1737	3.09046e+18	
1738	3.0861e+18	
1739	3.07997e+18	
1740	3.07404e+18	
1741	3.06954e+18	
1742	3.06441e+18	
1743	3.05748e+18	
1744	3.05262e+18	
1745	3.04729e+18	
1746	3.04013e+18	
1747	3.03379e+18	
1748	3.02633e+18	
1749	3.02253e+18	
1750	3.0159e+18	
1751	3.00922e+18	
1752	3.00305e+18	
1753	2.99854e+18	
1754	2.99034e+18	
1755	2.98226e+18	
1756	2.97854e+18	
1757	2.97225e+18	
1758	2.96735e+18	
1759	2.96168e+18	
1760	2.9566e+18	
1761	2.95224e+18	
1762	2.94654e+18	
1763	2.94117e+18	
1764	2.93631e+18	
1765	2.93241e+18	
1766	2.92558e+18	
1767	2.92163e+18	
1768	2.91547e+18	
1769	2.90934e+18	
1770	2.90403e+18	
1771	2.89797e+18	
1772	2.89284e+18	
1773	2.88755e+18	
1774	2.88354e+18	
1775	2.87483e+18	
1776	2.87066e+18	
1777	2.86618e+18	
1778	2.86007e+18	
1779	2.8552e+18	
1780	2.85028e+18	
1781	2.84416e+18	
1782	2.8393e+18	
1783	2.83387e+18	
1784	2.82778e+18	
1785	2.8241e+18	
1786	2.81843e+18	
1787	2.81319e+18	
1788	2.80631e+18	
1789	2.8017e+18	
1790	2.797e+18	
1791	2.79112e+18	
1792	2.78649e+18	
1793	2.7811e+18	
1794	2.77688e+18	
1795	2.77168e+18	
1796	2.76749e+18	
1797	2.76287e+18	
1798	2.75835e+18	
1799	2.75253e+18	
1800	2.74587e+18	
1801	2.74188e+18	
1802	2.736e+18	
1803	2.73139e+18	
1804	2.72849e+18	
1805	2.72376e+18	
1806	2.71918e+18	
1807	2.71481e+18	
1808	2.71044e+18	
1809	2.70576e+18	
1810	2.70294e+18	
1811	2.69866e+18	
1812	2.69538e+18	
1813	2.69135e+18	
1814	2.68596e+18	
1815	2.68282e+18	
1816	2.67747e+18	
1817	2.67323e+18	
1818	2.66954e+18	
1819	2.66595e+18	
1820	2.66104e+18	
1821	2.65631e+18	
1822	2.65293e+18	
1823	2.64678e+18	
1824	2.64243e+18	
1825	2.63798e+18	
1826	2.63207e+18	
1827	2.62745e+18	
1828	2.62439e+18	
1829	2.61986e+18	
1830	2.61596e+18	
1831	2.61205e+18	
1832	2.60844e+18	
1833	2.60548e+18	
1834	2.60079e+18	
1835	2.59653e+18	
1836	2.59292e+18	
1837	2.58814e+18	
1838	2.58331e+18	
1839	2.58061e+18	
1840	2.57702e+18	
1841	2.57357e+18	
1842	2.56896e+18	
1843	2.56428e+18	
1844	2.56049e+18	
1845	2.55559e+18	
1846	2.55241e+18	
1847	2.54815e+18	
1848	2.54499e+18	
1849	2.54167e+18	
1850	2.53919e+18	
1851	2.53562e+18	
1852	2.53157e+18	
1853	2.52926e+18	
1854	2.52523e+18	
1855	2.52146e+18	
1856	2.51848e+18	
1857	2.51509e+18	
1858	2.51067e+18	
1859	2.50705e+18	
1860	2.50426e+18	
1861	2.50058e+18	
1862	2.4967e+18	
1863	2.49102e+18	
1864	2.48678e+18	
1865	2.48347e+18	
1866	2.47828e+18	
1867	2.47492e+18	
1868	2.47133e+18	
1869	2.46811e+18	
1870	2.46198e+18	
1871	2.45921e+18	
1872	2.45567e+18	
1873	2.45065e+18	
1874	2.44774e+18	
1875	2.44303e+18	
1876	2.43856e+18	
1877	2.43556e+18	
1878	2.43208e+18	
1879	2.42661e+18	
1880	2.42232e+18	
1881	2.41976e+18	
1882	2.4141e+18	
1883	2.41137e+18	
1884	2.40786e+18	
1885	2.40425e+18	
1886	2.40036e+18	
1887	2.39583e+18	
1888	2.39229e+18	
1889	2.38944e+18	
1890	2.38418e+18	
1891	2.38024e+18	
1892	2.3773e+18	
1893	2.3728e+18	
1894	2.36919e+18	
1895	2.36653e+18	
1896	2.36339e+18	
1897	2.35965e+18	
1898	2.35684e+18	
1899	2.35286e+18	
1900	2.34887e+18	
1901	2.34534e+18	
1902	2.34201e+18	
1903	2.33794e+18	
1904	2.33486e+18	
1905	2.3321e+18	
1906	2.3278e+18	
1907	2.32363e+18	
1908	2.31972e+18	
1909	2.31468e+18	
1910	2.31166e+18	
1911	2.30821e+18	
1912	2.30543e+18	
1913	2.30222e+18	
1914	2.299e+18	
1915	2.2953e+18	
1916	2.29288e+18	
1917	2.28996e+18	
1918	2.28539e+18	
1919	2.28233e+18	
1920	2.27895e+18	
1921	2.27623e+18	
1922	2.27246e+18	
1923	2.27006e+18	
1924	2.26636e+18	
1925	2.26308e+18	
1926	2.26064e+18	
1927	2.25511e+18	
1928	2.2516e+18	
1929	2.24874e+18	
1930	2.24574e+18	
1931	2.2414e+18	
1932	2.23872e+18	
1933	2.23684e+18	
1934	2.23305e+18	
1935	2.22919e+18	
1936	2.22649e+18	
1937	2.22325e+18	
1938	2.21955e+18	
1939	2.21669e+18	
1940	2.21406e+18	
1941	2.21176e+18	
1942	2.20856e+18	
1943	2.20313e+18	
1944	2.19999e+18	
1945	2.1957e+18	
1946	2.19192e+18	
1947	2.18937e+18	
1948	2.18531e+18	
1949	2.18165e+18	
1950	2.1788e+18	
1951	2.17575e+18	
1952	2.1716e+18	
1953	2.16851e+18	
1954	2.16608e+18	
1955	2.16232e+18	
1956	2.15932e+18	
1957	2.1571e+18	
1958	2.15432e+18	
1959	2.15068e+18	
1960	2.14796e+18	
1961	2.14534e+18	
1962	2.14254e+18	
1963	2.13905e+18	
1964	2.13604e+18	
1965	2.13307e+18	
1966	2.13028e+18	
1967	2.12644e+18	
1968	2.12277e+18	
1969	2.12022e+18	
1970	2.11699e+18	
1971	2.11218e+18	
1972	2.10931e+18	
1973	2.10687e+18	
1974	2.10329e+18	
1975	2.09977e+18	
1976	2.09685e+18	
1977	2.0932e+18	
1978	2.08915e+18	
1979	2.08621e+18	
1980	2.08233e+18	
1981	2.07855e+18	
1982	2.07554e+18	
1983	2.0719e+18	
1984	2.06804e+18	
1985	2.06467e+18	
1986	2.06106e+18	
1987	2.05789e+18	
1988	2.05516e+18	
1989	2.0526e+18	
1990	2.04935e+18	
1991	2.0469e+18	
1992	2.0439e+18	
1993	2.0394e+18	
1994	2.03629e+18	
1995	2.03314e+18	
1996	2.03041e+18	
1997	2.0284e+18	
1998	2.02561e+18	
1999	2.0226e+18	
2000	2.02066e+18	
2001	2.01841e+18	
2002	2.01555e+18	
2003	2.01383e+18	
2004	2.01202e+18	
2005	2.00907e+18	
2006	2.00598e+18	
2007	2.00395e+18	
2008	2.00121e+18	
2009	1.99744e+18	
2010	1.99504e+18	
2011	1.99334e+18	
2012	1.99027e+18	
2013	1.98702e+18	
2014	1.98448e+18	
2015	1.9815e+18	
2016	1.97871e+18	
2017	1.97561e+18	
2018	1.97276e+18	
2019	1.96999e+18	
2020	1.9676e+18	
2021	1.96462e+18	
2022	1.96182e+18	
2023	1.95881e+18	
2024	1.95573e+18	
2025	1.95288e+18	
2026	1.94989e+18	
2027	1.94716e+18	
2028	1.94512e+18	
2029	1.94297e+18	
2030	1.93901e+18	
2031	1.93493e+18	
2032	1.93217e+18	
2033	1.92954e+18	
2034	1.92545e+18	
2035	1.92263e+18	
2036	1.9204e+18	
2037	1.91451e+18	
2038	1.91065e+18	
2039	1.90834e+18	
2040	1.90454e+18	
2041	1.9004e+18	
2042	1.89785e+18	
2043	1.89569e+18	
2044	1.89172e+18	
2045	1.88795e+18	
2046	1.88597e+18	
2047	1.88262e+18	
2048	1.87857e+18	
2049	1.87627e+18	
2050	1.8733e+18	
2051	1.87011e+18	
2052	1.86658e+18	
2053	1.8634e+18	
2054	1.86088e+18	
2055	1.85774e+18	
2056	1.85393e+18	
2057	1.85119e+18	
2058	1.84897e+18	
2059	1.84603e+18	
2060	1.84156e+18	
2061	1.8386e+18	
2062	1.83651e+18	
2063	1.83294e+18	
2064	1.83036e+18	
2065	1.82811e+18	
2066	1.8241e+18	
2067	1.82076e+18	
2068	1.81822e+18	
2069	1.81633e+18	
2070	1.81387e+18	
2071	1.81218e+18	
2072	1.81001e+18	
2073	1.80748e+18	
2074	1.80528e+18	
2075	1.80268e+18	
2076	1.80012e+18	
2077	1.7979e+18	
2078	1.79626e+18	
2079	1.79359e+18	
2080	1.79114e+18	
2081	1.78884e+18	
2082	1.7862e+18	
2083	1.78388e+18	
2084	1.78016e+18	
2085	1.77719e+18	
2086	1.77471e+18	
2087	1.77244e+18	
2088	1.76912e+18	
2089	1.76656e+18	
2090	1.76475e+18	
2091	1.76244e+18	
2092	1.7596e+18	
2093	1.75686e+18	
2094	1.75455e+18	
2095	1.75156e+18	
2096	1.74921e+18	
2097	1.74628e+18	
2098	1.74419e+18	
2099	1.74228e+18	
2100	1.73968e+18	
2101	1.73566e+18	
2102	1.73268e+18	
2103	1.73009e+18	
2104	1.72597e+18	
2105	1.72269e+18	
2106	1.72052e+18	
2107	1.71776e+18	
2108	1.71372e+18	
2109	1.71171e+18	
2110	1.70987e+18	
2111	1.70723e+18	
2112	1.70451e+18	
2113	1.70198e+18	
2114	1.70016e+18	
2115	1.69821e+18	
2116	1.69537e+18	
2117	1.69259e+18	
2118	1.69081e+18	
2119	1.68778e+18	
2120	1.68424e+18	
2121	1.68193e+18	
2122	1.68015e+18	
2123	1.67737e+18	
2124	1.67489e+18	
2125	1.67311e+18	
2126	1.67164e+18	
2127	1.66905e+18	
2128	1.66646e+18	
2129	1.66432e+18	
2130	1.66171e+18	
2131	1.65875e+18	
2132	1.65619e+18	
2133	1.65427e+18	
2134	1.65211e+18	
2135	1.64942e+18	
2136	1.64735e+18	
2137	1.6453e+18	
2138	1.64314e+18	
2139	1.64059e+18	
2140	1.63782e+18	
2141	1.63572e+18	
2142	1.6342e+18	
2143	1.63246e+18	
2144	1.62929e+18	
2145	1.62642e+18	
2146	1.62478e+18	
2147	1.62266e+18	
2148	1.61982e+18	
2149	1.61779e+18	
2150	1.6163e+18	
2151	1.61373e+18	
2152	1.61126e+18	
2153	1.60915e+18	
2154	1.60765e+18	
2155	1.60438e+18	
2156	1.60215e+18	
2157	1.60068e+18	
2158	1.59912e+18	
2159	1.59642e+18	
2160	1.59441e+18	
2161	1.59266e+18	
2162	1.5909e+18	
2163	1.5881e+18	
2164	1.58663e+18	
2165	1.58489e+18	
2166	1.58215e+18	
2167	1.57839e+18	
2168	1.57606e+18	
2169	1.57431e+18	
2170	1.57217e+18	
2171	1.56986e+18	
2172	1.56782e+18	
2173	1.56588e+18	
2174	1.56368e+18	
2175	1.56087e+18	
2176	1.55885e+18	
2177	1.55702e+18	
2178	1.55516e+18	
2179	1.55216e+18	
2180	1.55004e+18	
2181	1.54808e+18	
2182	1.54615e+18	
2183	1.54342e+18	
2184	1.54096e+18	
2185	1.53923e+18	
2186	1.53717e+18	
2187	1.53507e+18	
2188	1.53274e+18	
2189	1.53089e+18	
2190	1.52775e+18	
2191	1.52431e+18	
2192	1.52235e+18	
2193	1.52e+18	
2194	1.5172e+18	
2195	1.51434e+18	
2196	1.51218e+18	
2197	1.51053e+18	
2198	1.50828e+18	
2199	1.50605e+18	
2200	1.50402e+18	
2201	1.50235e+18	
2202	1.50055e+18	
2203	1.49804e+18	
2204	1.49561e+18	
2205	1.49396e+18	
2206	1.49202e+18	
2207	1.48946e+18	
2208	1.48753e+18	
2209	1.48602e+18	
2210	1.48444e+18	
2211	1.48293e+18	
2212	1.4817e+18	
2213	1.48043e+18	
2214	1.47819e+18	
2215	1.47614e+18	
2216	1.47463e+18	
2217	1.47319e+18	
2218	1.47144e+18	
2219	1.47004e+18	
2220	1.46857e+18	
2221	1.46687e+18	
2222	1.46496e+18	
2223	1.46293e+18	
2224	1.46091e+18	
2225	1.45925e+18	
2226	1.45702e+18	
2227	1.45513e+18	
2228	1.45347e+18	
2229	1.4518e+18	
2230	1.44994e+18	
2231	1.44793e+18	
2232	1.44634e+18	
2233	1.44475e+18	
2234	1.44297e+18	
2235	1.44112e+18	
2236	1.43909e+18	
2237	1.43701e+18	
2238	1.43508e+18	
2239	1.43316e+18	
2240	1.43158e+18	
2241	1.42931e+18	
2242	1.42674e+18	
2243	1.42474e+18	
2244	1.42316e+18	
2245	1.42147e+18	
2246	1.41941e+18	
2247	1.41763e+18	
2248	1.41609e+18	
2249	1.4143e+18	
2250	1.41208e+18	
2251	1.41016e+18	
2252	1.40855e+18	
2253	1.40654e+18	
2254	1.40388e+18	
2255	1.40228e+18	
2256	1.40051e+18	
2257	1.39875e+18	
2258	1.39678e+18	
2259	1.39502e+18	
2260	1.39323e+18	
2261	1.39168e+18	
2262	1.38951e+18	
2263	1.3874e+18	
2264	1.38558e+18	
2265	1.38427e+18	
2266	1.38239e+18	
2267	1.38091e+18	
2268	1.37936e+18	
2269	1.37755e+18	
2270	1.37524e+18	
2271	1.37239e+18	
2272	1.37128e+18	
2273	1.36984e+18	
2274	1.3685e+18	
2275	1.36703e+18	
2276	1.3658e+18	
2277	1.36418e+18	
2278	1.36236e+18	
2279	1.36051e+18	
2280	1.35908e+18	
2281	1.35784e+18	
2282	1.35648e+18	
2283	1.35507e+18	
2284	1.35385e+18	
2285	1.35283e+18	
2286	1.35161e+18	
2287	1.34916e+18	
2288	1.3479e+18	
2289	1.3466e+18	
2290	1.34501e+18	
2291	1.34313e+18	
2292	1.34163e+18	
2293	1.34016e+18	
2294	1.33872e+18	
2295	1.33728e+18	
2296	1.33608e+18	
2297	1.33491e+18	
2298	1.33226e+18	
2299	1.33032e+18	
2300	1.32877e+18	
2301	1.3273e+18	
2302	1.32553e+18	
2303	1.32348e+18	
2304	1.32142e+18	
2305	1.32015e+18	
2306	1.31897e+18	
2307	1.3173e+18	
2308	1.31578e+18	
2309	1.31455e+18	
2310	1.31322e+18	
2311	1.31165e+18	
2312	1.31038e+18	
2313	1.30949e+18	
2314	1.30764e+18	
2315	1.30578e+18	
2316	1.30428e+18	
2317	1.30305e+18	
2318	1.30187e+18	
2319	1.30084e+18	
2320	1.29948e+18	
2321	1.29837e+18	
2322	1.29691e+18	
2323	1.29561e+18	
2324	1.29359e+18	
2325	1.29199e+18	
2326	1.28995e+18	
2327	1.28864e+18	
2328	1.2874e+18	
2329	1.28602e+18	
2330	1.28414e+18	
2331	1.28279e+18	
2332	1.28175e+18	
2333	1.28051e+18	
2334	1.27921e+18	
2335	1.27805e+18	
2336	1.27653e+18	
2337	1.275e+18	
2338	1.27336e+18	
2339	1.27214e+18	
2340	1.27099e+18	
2341	1.26973e+18	
2342	1.26853e+18	
2343	1.26706e+18	
2344	1.26572e+18	
2345	1.26435e+18	
2346	1.2628e+18	
2347	1.2617e+18	
2348	1.26059e+18	
2349	1.25941e+18	
2350	1.25816e+18	
2351	1.25693e+18	
2352	1.25592e+18	
2353	1.2539e+18	
2354	1.25212e+18	
2355	1.25073e+18	
2356	1.2498e+18	
2357	1.2486e+18	
2358	1.24738e+18	
2359	1.24573e+18	
2360	1.2444e+18	
2361	1.24316e+18	
2362	1.24206e+18	
2363	1.24076e+18	
2364	1.23971e+18	
2365	1.23853e+18	
2366	1.23672e+18	
2367	1.23529e+18	
2368	1.23396e+18	
2369	1.23277e+18	
2370	1.23132e+18	
2371	1.2301e+18	
2372	1.22879e+18	
2373	1.22707e+18	
2374	1.22577e+18	
2375	1.22451e+18	
2376	1.2229e+18	
2377	1.22147e+18	
2378	1.2204e+18	
2379	1.21921e+18	
2380	1.21779e+18	
2381	1.2164e+18	
2382	1.21521e+18	
2383	1.21372e+18	
2384	1.21246e+18	
2385	1.21123e+18	
2386	1.2096e+18	
2387	1.20819e+18	
2388	1.2068e+18	
2389	1.20566e+18	
2390	1.20418e+18	
2391	1.20296e+18	
2392	1.2016e+18	
2393	1.19986e+18	
2394	1.19863e+18	
2395	1.1971e+18	
2396	1.19602e+18	
2397	1.19488e+18	
2398	1.19375e+18	
2399	1.19235e+18	
2400	1.1912e+18	
2401	1.18999e+18	
2402	1.18895e+18	
2403	1.18742e+18	
2404	1.18654e+18	
2405	1.18547e+18	
2406	1.18394e+18	
2407	1.18246e+18	
2408	1.18119e+18	
2409	1.17971e+18	
2410	1.17822e+18	
2411	1.17638e+18	
2412	1.17522e+18	
2413	1.17371e+18	
2414	1.17229e+18	
2415	1.1709e+18	
2416	1.16894e+18	
2417	1.16782e+18	
2418	1.1664e+18	
2419	1.16492e+18	
2420	1.1629e+18	
2421	1.16177e+18	
2422	1.16028e+18	
2423	1.15916e+18	
2424	1.15795e+18	
2425	1.15609e+18	
2426	1.15448e+18	
2427	1.15341e+18	
2428	1.15241e+18	
2429	1.15134e+18	
2430	1.1498e+18	
2431	1.14871e+18	
2432	1.14756e+18	
2433	1.14657e+18	
2434	1.14588e+18	
2435	1.14502e+18	
2436	1.14387e+18	
2437	1.14262e+18	
2438	1.1412e+18	
2439	1.14026e+18	
2440	1.1391e+18	
2441	1.13806e+18	
2442	1.13661e+18	
2443	1.13583e+18	
2444	1.13487e+18	
2445	1.13384e+18	
2446	1.13245e+18	
2447	1.13145e+18	
2448	1.13028e+18	
2449	1.12887e+18	
2450	1.12784e+18	
2451	1.12703e+18	
2452	1.12522e+18	
2453	1.1241e+18	
2454	1.12238e+18	
2455	1.12115e+18	
2456	1.11988e+18	
2457	1.1187e+18	
2458	1.11722e+18	
2459	1.11541e+18	
2460	1.1139e+18	
2461	1.11281e+18	
2462	1.11201e+18	
2463	1.11079e+18	
2464	1.10967e+18	
2465	1.10846e+18	
2466	1.10727e+18	
2467	1.10614e+18	
2468	1.10451e+18	
2469	1.10291e+18	
2470	1.10173e+18	
2471	1.10056e+18	
2472	1.09927e+18	
2473	1.0979e+18	
2474	1.09682e+18	
2475	1.09583e+18	
2476	1.09441e+18	
2477	1.0933e+18	
2478	1.09234e+18	
2479	1.09115e+18	
2480	1.09004e+18	
2481	1.08866e+18	
2482	1.08769e+18	
2483	1.08664e+18	
2484	1.08549e+18	
2485	1.08481e+18	
2486	1.08362e+18	
2487	1.08257e+18	
2488	1.08128e+18	
2489	1.08029e+18	
2490	1.07933e+18	
2491	1.07829e+18	
2492	1.07734e+18	
2493	1.07625e+18	
2494	1.075e+18	
2495	1.07408e+18	
2496	1.07275e+18	
2497	1.07181e+18	
2498	1.07054e+18	
2499	1.06957e+18	
2500	1.06869e+18	
2501	1.06787e+18	
2502	1.06686e+18	
2503	1.06546e+18	
2504	1.0645e+18	
2505	1.06362e+18	
2506	1.06229e+18	
2507	1.06095e+18	
2508	1.05972e+18	
2509	1.05852e+18	
2510	1.05725e+18	
2511	1.05637e+18	
2512	1.05527e+18	
2513	1.05381e+18	
2514	1.05251e+18	
2515	1.05107e+18	
2516	1.05004e+18	
2517	1.04913e+18	
2518	1.04822e+18	
2519	1.0473e+18	
2520	1.04619e+18	
2521	1.04478e+18	
2522	1.0435e+18	
2523	1.04234e+18	
2524	1.04107e+18	
2525	1.03966e+18	
2526	1.0384e+18	
2527	1.03727e+18	
2528	1.03623e+18	
2529	1.03518e+18	
2530	1.03413e+18	
2531	1.03285e+18	
2532	1.03169e+18	
2533	1.03042e+18	
2534	1.02955e+18	
2535	1.02871e+18	
2536	1.02788e+18	
2537	1.0267e+18	
2538	1.02553e+18	
2539	1.0248e+18	
2540	1.02358e+18	
2541	1.02252e+18	
2542	1.02121e+18	
2543	1.02013e+18	
2544	1.01902e+18	
2545	1.01794e+18	
2546	1.01631e+18	
2547	1.01509e+18	
2548	1.01397e+18	
2549	1.01294e+18	
2550	1.01154e+18	
2551	1.01064e+18	
2552	1.00962e+18	
2553	1.00866e+18	
2554	1.00733e+18	
2555	1.00624e+18	
2556	1.00533e+18	
2557	1.00437e+18	
2558	1.00313e+18	
2559	1.00205e+18	
2560	1.00052e+18	
2561	9.99282e+17	
2562	9.9822e+17	
2563	9.97267e+17	
2564	9.95316e+17	
2565	9.94124e+17	
2566	9.9285e+17	
2567	9.91743e+17	
2568	9.90441e+17	
2569	9.88873e+17	
2570	9.87535e+17	
2571	9.86218e+17	
2572	9.85218e+17	
2573	9.84413e+17	
2574	9.83477e+17	
2575	9.82692e+17	
2576	9.81719e+17	
2577	9.80379e+17	
2578	9.79157e+17	
2579	9.78076e+17	
2580	9.77131e+17	
2581	9.76205e+17	
2582	9.75309e+17	
2583	9.74657e+17	
2584	9.73686e+17	
2585	9.72784e+17	
2586	9.71686e+17	
2587	9.70281e+17	
2588	9.69124e+17	
2589	9.68175e+17	
2590	9.67362e+17	
2591	9.66024e+17	
2592	9.6487e+17	
2593	9.63523e+17	
2594	9.62394e+17	
2595	9.61472e+17	
2596	9.60466e+17	
2597	9.59388e+17	
2598	9.58396e+17	
2599	9.57248e+17	
2600	9.56555e+17	
2601	9.55518e+17	
2602	9.54649e+17	
2603	9.53393e+17	
2604	9.52524e+17	
2605	9.51503e+17	
2606	9.50562e+17	
2607	9.49596e+17	
2608	9.48075e+17	
2609	9.46934e+17	
2610	9.45953e+17	
2611	9.45292e+17	
2612	9.44086e+17	
2613	9.42297e+17	
2614	9.40153e+17	
2615	9.38686e+17	
2616	9.37526e+17	
2617	9.36714e+17	
2618	9.35369e+17	
2619	9.34016e+17	
2620	9.32885e+17	
2621	9.31201e+17	
2622	9.30004e+17	
2623	9.28462e+17	
2624	9.27359e+17	
2625	9.26266e+17	
2626	9.25132e+17	
2627	9.24041e+17	
2628	9.22698e+17	
2629	9.21077e+17	
2630	9.19849e+17	
2631	9.18537e+17	
2632	9.17424e+17	
2633	9.16202e+17	
2634	9.15116e+17	
2635	9.13776e+17	
2636	9.12451e+17	
2637	9.1099e+17	
2638	9.09937e+17	
2639	9.08769e+17	
2640	9.07375e+17	
2641	9.05665e+17	
2642	9.04154e+17	
2643	9.02724e+17	
2644	9.01584e+17	
2645	9.00322e+17	
2646	8.99434e+17	
2647	8.98098e+17	
2648	8.96681e+17	
2649	8.95438e+17	
2650	8.9431e+17	
2651	8.93263e+17	
2652	8.91925e+17	
2653	8.90939e+17	
2654	8.89605e+17	
2655	8.88657e+17	
2656	8.87422e+17	
2657	8.86503e+17	
2658	8.8558e+17	
2659	8.84637e+17	
2660	8.83782e+17	
2661	8.82756e+17	
2662	8.81571e+17	
2663	8.80602e+17	
2664	8.79399e+17	
2665	8.78193e+17	
2666	8.76755e+17	
2667	8.75794e+17	
2668	8.74967e+17	
2669	8.74017e+17	
2670	8.72698e+17	
2671	8.71719e+17	
2672	8.70968e+17	
2673	8.70367e+17	
2674	8.69458e+17	
2675	8.68163e+17	
2676	8.66761e+17	
2677	8.65611e+17	
2678	8.6482e+17	
2679	8.63316e+17	
2680	8.62244e+17	
2681	8.61131e+17	
2682	8.60224e+17	
2683	8.59275e+17	
2684	8.57345e+17	
2685	8.55687e+17	
2686	8.54375e+17	
2687	8.53393e+17	
2688	8.52532e+17	
2689	8.50846e+17	
2690	8.49453e+17	
2691	8.47517e+17	
2692	8.46239e+17	
2693	8.45094e+17	
2694	8.44455e+17	
2695	8.43533e+17	
2696	8.4236e+17	
2697	8.40695e+17	
2698	8.39005e+17	
2699	8.37794e+17	
2700	8.37017e+17	
2701	8.36424e+17	
2702	8.3545e+17	
2703	8.33749e+17	
2704	8.31723e+17	
2705	8.30411e+17	
2706	8.29127e+17	
2707	8.27965e+17	
2708	8.27202e+17	
2709	8.2609e+17	
2710	8.25036e+17	
2711	8.23899e+17	
2712	8.23064e+17	
2713	8.22151e+17	
2714	8.20995e+17	
2715	8.20115e+17	
2716	8.19079e+17	
2717	8.18271e+17	
2718	8.17417e+17	
2719	8.16241e+17	
2720	8.15282e+17	
2721	8.14552e+17	
2722	8.13955e+17	
2723	8.13189e+17	
2724	8.12019e+17	
2725	8.10522e+17	
2726	8.09159e+17	
2727	8.08446e+17	
2728	8.07756e+17	
2729	8.06711e+17	
2730	8.05237e+17	
2731	8.03905e+17	
2732	8.02937e+17	
2733	8.01964e+17	
2734	8.01092e+17	
2735	7.99914e+17	
2736	7.985e+17	
2737	7.97674e+17	
2738	7.96572e+17	
2739	7.95555e+17	
2740	7.94849e+17	
2741	7.93986e+17	
2742	7.92965e+17	
2743	7.91867e+17	
2744	7.90454e+17	
2745	7.8944e+17	
2746	7.88614e+17	
2747	7.87997e+17	
2748	7.87229e+17	
2749	7.86188e+17	
2750	7.8529e+17	
2751	7.84268e+17	
2752	7.83262e+17	
2753	7.82242e+17	
2754	7.81478e+17	
2755	7.80703e+17	
2756	7.79832e+17	
2757	7.79028e+17	
2758	7.77817e+17	
2759	7.76846e+17	
2760	7.76107e+17	
2761	7.75469e+17	
2762	7.7474e+17	
2763	7.73727e+17	
2764	7.72894e+17	
2765	7.71818e+17	
2766	7.7085e+17	
2767	7.69905e+17	
2768	7.69056e+17	
2769	7.68128e+17	
2770	7.67117e+17	
2771	7.65975e+17	
2772	7.6503e+17	
2773	7.64169e+17	
2774	7.63338e+17	
2775	7.62677e+17	
2776	7.6156e+17	
2777	7.60672e+17	
2778	7.59839e+17	
2779	7.5869e+17	
2780	7.57613e+17	
2781	7.56454e+17	
2782	7.5547e+17	
2783	7.54755e+17	
2784	7.54177e+17	
2785	7.53443e+17	
2786	7.52131e+17	
2787	7.50619e+17	
2788	7.495e+17	
2789	7.48569e+17	
2790	7.47953e+17	
2791	7.47167e+17	
2792	7.46089e+17	
2793	7.44699e+17	
2794	7.43738e+17	
2795	7.43181e+17	
2796	7.42538e+17	
2797	7.41421e+17	
2798	7.40311e+17	
2799	7.39463e+17	
2800	7.38825e+17	
2801	7.37665e+17	
2802	7.368e+17	
2803	7.35826e+17	
2804	7.3511e+17	
2805	7.3429e+17	
2806	7.3311e+17	
2807	7.3198e+17	
2808	7.31057e+17	
2809	7.30415e+17	
2810	7.29693e+17	
2811	7.29084e+17	
2812	7.28185e+17	
2813	7.27202e+17	
2814	7.26122e+17	
2815	7.25012e+17	
2816	7.24145e+17	
2817	7.23203e+17	
2818	7.22577e+17	
2819	7.21863e+17	
2820	7.21134e+17	
2821	7.20229e+17	
2822	7.19513e+17	
2823	7.18707e+17	
2824	7.17614e+17	
2825	7.16249e+17	
2826	7.15374e+17	
2827	7.14614e+17	
2828	7.13486e+17	
2829	7.1211e+17	
2830	7.10772e+17	
2831	7.0977e+17	
2832	7.09053e+17	
2833	7.07998e+17	
2834	7.06512e+17	
2835	7.05431e+17	
2836	7.04718e+17	
2837	7.03977e+17	
2838	7.03353e+17	
2839	7.02307e+17	
2840	7.01167e+17	
2841	7.00228e+17	
2842	6.99544e+17	
2843	6.98814e+17	
2844	6.97953e+17	
2845	6.97105e+17	
2846	6.96272e+17	
2847	6.95195e+17	
2848	6.94437e+17	
2849	6.93368e+17	
2850	6.92297e+17	
2851	6.91224e+17	
2852	6.90227e+17	
2853	6.89608e+17	
2854	6.88793e+17	
2855	6.87771e+17	
2856	6.86786e+17	
2857	6.85994e+17	
2858	6.85387e+17	
2859	6.8472e+17	
2860	6.83681e+17	
2861	6.82636e+17	
2862	6.81301e+17	
2863	6.80422e+17	
2864	6.7974e+17	
2865	6.79225e+17	
2866	6.78468e+17	
2867	6.77714e+17	
2868	6.76707e+17	
2869	6.75391e+17	
2870	6.74254e+17	
2871	6.7357e+17	
2872	6.7305e+17	
2873	6.7239e+17	
2874	6.71574e+17	
2875	6.70425e+17	
2876	6.69119e+17	
2877	6.6837e+17	
2878	6.67731e+17	
2879	6.67203e+17	
2880	6.66543e+17	
2881	6.65484e+17	
2882	6.6472e+17	
2883	6.63933e+17	
2884	6.63194e+17	
2885	6.62643e+17	
2886	6.62071e+17	
2887	6.61368e+17	
2888	6.60532e+17	
2889	6.59733e+17	
2890	6.59007e+17	
2891	6.58355e+17	
2892	6.57791e+17	
2893	6.57159e+17	
2894	6.56558e+17	
2895	6.55778e+17	
2896	6.54912e+17	
2897	6.54099e+17	
2898	6.5346e+17	
2899	6.52822e+17	
2900	6.52223e+17	
2901	6.51763e+17	
2902	6.50776e+17	
2903	6.49602e+17	
2904	6.48522e+17	
2905	6.47921e+17	
2906	6.47413e+17	
2907	6.46973e+17	
2908	6.46552e+17	
2909	6.45708e+17	
2910	6.44544e+17	
2911	6.43426e+17	
2912	6.4259e+17	
2913	6.42076e+17	
2914	6.41351e+17	
2915	6.40607e+17	
2916	6.39746e+17	
2917	6.38939e+17	
2918	6.38188e+17	
2919	6.37342e+17	
2920	6.3633e+17	
2921	6.3555e+17	
2922	6.35022e+17	
2923	6.3463e+17	
2924	6.33973e+17	
2925	6.32989e+17	
2926	6.32125e+17	
2927	6.31535e+17	
2928	6.31107e+17	
2929	6.30316e+17	
2930	6.29337e+17	
2931	6.28265e+17	
2932	6.27807e+17	
2933	6.27415e+17	
2934	6.26872e+17	
2935	6.26064e+17	
2936	6.25161e+17	
2937	6.24338e+17	
2938	6.23857e+17	
2939	6.23505e+17	
2940	6.23078e+17	
2941	6.22505e+17	
2942	6.21765e+17	
2943	6.21083e+17	
2944	6.20336e+17	
2945	6.19865e+17	
2946	6.19427e+17	
2947	6.18802e+17	
2948	6.18061e+17	
2949	6.17031e+17	
2950	6.16305e+17	
2951	6.15752e+17	
2952	6.15405e+17	
2953	6.14845e+17	
2954	6.14159e+17	
2955	6.13147e+17	
2956	6.12618e+17	
2957	6.12256e+17	
2958	6.1179e+17	
2959	6.11246e+17	
2960	6.10592e+17	
2961	6.09993e+17	
2962	6.09325e+17	
2963	6.08404e+17	
2964	6.07351e+17	
2965	6.0671e+17	
2966	6.06319e+17	
2967	6.05972e+17	
2968	6.0545e+17	
2969	6.04497e+17	
2970	6.03732e+17	
2971	6.03146e+17	
2972	6.02817e+17	
2973	6.02422e+17	
2974	6.01888e+17	
2975	6.01012e+17	
2976	6.00468e+17	
2977	6.00048e+17	
2978	5.99738e+17	
2979	5.99328e+17	
2980	5.98337e+17	
2981	5.97566e+17	
2982	5.97101e+17	
2983	5.96693e+17	
2984	5.96294e+17	
2985	5.95422e+17	
2986	5.94532e+17	
2987	5.93867e+17	
2988	5.93438e+17	
2989	5.9308e+17	
2990	5.92482e+17	
2991	5.91637e+17	
2992	5.9085e+17	
2993	5.90359e+17	
2994	5.89924e+17	
2995	5.89337e+17	
2996	5.88838e+17	
2997	5.88298e+17	
2998	5.87699e+17	
2999	5.86898e+17	
3000	5.86249e+17	
3001	5.85878e+17	
3002	5.85489e+17	
3003	5.85039e+17	
3004	5.84426e+17	
3005	5.83582e+17	
3006	5.82881e+17	
3007	5.82228e+17	
3008	5.81775e+17	
3009	5.81349e+17	
3010	5.80945e+17	
3011	5.80535e+17	
3012	5.80013e+17	
3013	5.79355e+17	
3014	5.78893e+17	
3015	5.78605e+17	
3016	5.78222e+17	
3017	5.77805e+17	
3018	5.77181e+17	
3019	5.76374e+17	
3020	5.75746e+17	
3021	5.75247e+17	
3022	5.74868e+17	
3023	5.74463e+17	
3024	5.73975e+17	
3025	5.73559e+17	
3026	5.73068e+17	
3027	5.72465e+17	
3028	5.71886e+17	
3029	5.71481e+17	
3030	5.71221e+17	
3031	5.70875e+17	
3032	5.7031e+17	
3033	5.69311e+17	
3034	5.68511e+17	
3035	5.67868e+17	
3036	5.67464e+17	
3037	5.67216e+17	
3038	5.66617e+17	
3039	5.65974e+17	
3040	5.65043e+17	
3041	5.64589e+17	
3042	5.6424e+17	
3043	5.63711e+17	
3044	5.63099e+17	
3045	5.62371e+17	
3046	5.61672e+17	
3047	5.61348e+17	
3048	5.60983e+17	
3049	5.60447e+17	
3050	5.59996e+17	
3051	5.59524e+17	
3052	5.59064e+17	
3053	5.58419e+17	
3054	5.5787e+17	
3055	5.57485e+17	
3056	5.57168e+17	
3057	5.56755e+17	
3058	5.56258e+17	
3059	5.55659e+17	
3060	5.54961e+17	
3061	5.54635e+17	
3062	5.54271e+17	
3063	5.5384e+17	
3064	5.53081e+17	
3065	5.5246e+17	
3066	5.5196e+17	
3067	5.51418e+17	
3068	5.50753e+17	
3069	5.50003e+17	
3070	5.49233e+17	
3071	5.48643e+17	
3072	5.48121e+17	
3073	5.47672e+17	
3074	5.47192e+17	
3075	5.46797e+17	
3076	5.4637e+17	
3077	5.4585e+17	
3078	5.45003e+17	
3079	5.44078e+17	
3080	5.43649e+17	
3081	5.43314e+17	
3082	5.42986e+17	
3083	5.42467e+17	
3084	5.41485e+17	
3085	5.40641e+17	
3086	5.40157e+17	
3087	5.39804e+17	
3088	5.39545e+17	
3089	5.39048e+17	
3090	5.38455e+17	
3091	5.37931e+17	
3092	5.37475e+17	
3093	5.3699e+17	
3094	5.36657e+17	
3095	5.36395e+17	
3096	5.36235e+17	
3097	5.35938e+17	
3098	5.35463e+17	
3099	5.34854e+17	
3100	5.34369e+17	
3101	5.34059e+17	
3102	5.3375e+17	
3103	5.33221e+17	
3104	5.32588e+17	
3105	5.32009e+17	
3106	5.31576e+17	
3107	5.3118e+17	
3108	5.30797e+17	
3109	5.30321e+17	
3110	5.2965e+17	
3111	5.29059e+17	
3112	5.28448e+17	
3113	5.28012e+17	
3114	5.27627e+17	
3115	5.27196e+17	
3116	5.26767e+17	
3117	5.26217e+17	
3118	5.2568e+17	
3119	5.2495e+17	
3120	5.24457e+17	
3121	5.24075e+17	
3122	5.23554e+17	
3123	5.23089e+17	
3124	5.225e+17	
3125	5.22092e+17	
3126	5.21574e+17	
3127	5.20984e+17	
3128	5.20364e+17	
3129	5.19864e+17	
3130	5.19467e+17	
3131	5.19157e+17	
3132	5.18899e+17	
3133	5.18513e+17	
3134	5.18061e+17	
3135	5.1751e+17	
3136	5.16971e+17	
3137	5.16414e+17	
3138	5.15886e+17	
3139	5.15536e+17	
3140	5.15224e+17	
3141	5.1471e+17	
3142	5.14138e+17	
3143	5.13578e+17	
3144	5.13172e+17	
3145	5.12937e+17	
3146	5.12635e+17	
3147	5.12167e+17	
3148	5.11711e+17	
3149	5.11099e+17	
3150	5.10645e+17	
3151	5.10291e+17	
3152	5.09906e+17	
3153	5.09592e+17	
3154	5.08845e+17	
3155	5.08215e+17	
3156	5.07781e+17	
3157	5.07444e+17	
3158	5.07251e+17	
3159	5.06914e+17	
3160	5.063e+17	
3161	5.05891e+17	
3162	5.05507e+17	
3163	5.0521e+17	
3164	5.04909e+17	
3165	5.04566e+17	
3166	5.04279e+17	
3167	5.03846e+17	
3168	5.03616e+17	
3169	5.03227e+17	
3170	5.0287e+17	
3171	5.02513e+17	
3172	5.02248e+17	
3173	5.01986e+17	
3174	5.01718e+17	
3175	5.01467e+17	
3176	5.01231e+17	
3177	5.00888e+17	
3178	5.00508e+17	
3179	5.00101e+17	
3180	4.99613e+17	
3181	4.99225e+17	
3182	4.98966e+17	
3183	4.98724e+17	
3184	4.98258e+17	
3185	4.97568e+17	
3186	4.96715e+17	
3187	4.9625e+17	
3188	4.959e+17	
3189	4.95473e+17	
3190	4.95183e+17	
3191	4.94758e+17	
3192	4.94305e+17	
3193	4.94013e+17	
3194	4.93535e+17	
3195	4.93033e+17	
3196	4.92588e+17	
3197	4.92119e+17	
3198	4.91724e+17	
3199	4.91217e+17	
3200	4.90915e+17	
3201	4.90524e+17	
3202	4.90157e+17	
3203	4.89654e+17	
3204	4.89321e+17	
3205	4.88926e+17	
3206	4.88583e+17	
3207	4.88209e+17	
3208	4.87922e+17	
3209	4.87527e+17	
3210	4.872e+17	
3211	4.86872e+17	
3212	4.8657e+17	
3213	4.86326e+17	
3214	4.86074e+17	
3215	4.8574e+17	
3216	4.85272e+17	
3217	4.84809e+17	
3218	4.84437e+17	
3219	4.84212e+17	
3220	4.83942e+17	
3221	4.83506e+17	
3222	4.82921e+17	
3223	4.82387e+17	
3224	4.81961e+17	
3225	4.81639e+17	
3226	4.81377e+17	
3227	4.8106e+17	
3228	4.80833e+17	
3229	4.80481e+17	
3230	4.80149e+17	
3231	4.79764e+17	
3232	4.79201e+17	
3233	4.7888e+17	
3234	4.78242e+17	
3235	4.7788e+17	
3236	4.77562e+17	
3237	4.77171e+17	
3238	4.76906e+17	
3239	4.7659e+17	
3240	4.76127e+17	
3241	4.7564e+17	
3242	4.75127e+17	
3243	4.74782e+17	
3244	4.74502e+17	
3245	4.73979e+17	
3246	4.73527e+17	
3247	4.73073e+17	
3248	4.72389e+17	
3249	4.71787e+17	
3250	4.7136e+17	
3251	4.70869e+17	
3252	4.70528e+17	
3253	4.7014e+17	
3254	4.69709e+17	
3255	4.69287e+17	
3256	4.68635e+17	
3257	4.68262e+17	
3258	4.67764e+17	
3259	4.66814e+17	
3260	4.66366e+17	
3261	4.65999e+17	
3262	4.65594e+17	
3263	4.65186e+17	
3264	4.64759e+17	
3265	4.64396e+17	
3266	4.64128e+17	
3267	4.63815e+17	
3268	4.63518e+17	
3269	4.6306e+17	
3270	4.62497e+17	
3271	4.62108e+17	
3272	4.61658e+17	
3273	4.61307e+17	
3274	4.61007e+17	
3275	4.60556e+17	
3276	4.60028e+17	
3277	4.59429e+17	
3278	4.58914e+17	
3279	4.58529e+17	
3280	4.5803e+17	
3281	4.57475e+17	
3282	4.57129e+17	
3283	4.56827e+17	
3284	4.56538e+17	
3285	4.55994e+17	
3286	4.55388e+17	
3287	4.5483e+17	
3288	4.5437e+17	
3289	4.54115e+17	
3290	4.53739e+17	
3291	4.53349e+17	
3292	4.52977e+17	
3293	4.52577e+17	
3294	4.52043e+17	
3295	4.51608e+17	
3296	4.51265e+17	
3297	4.51043e+17	
3298	4.50801e+17	
3299	4.50512e+17	
3300	4.50075e+17	
3301	4.49267e+17	
3302	4.48852e+17	
3303	4.48327e+17	
3304	4.47931e+17	
3305	4.47484e+17	
3306	4.47024e+17	
3307	4.46653e+17	
3308	4.46357e+17	
3309	4.46003e+17	
3310	4.45634e+17	
3311	4.45161e+17	
3312	4.44771e+17	
3313	4.44399e+17	
3314	4.4406e+17	
3315	4.43692e+17	
3316	4.43293e+17	
3317	4.42928e+17	
3318	4.42449e+17	
3319	4.41931e+17	
3320	4.41508e+17	
3321	4.41224e+17	
3322	4.40912e+17	
3323	4.40599e+17	
3324	4.40212e+17	
3325	4.39625e+17	
3326	4.392e+17	
3327	4.3889e+17	
3328	4.38519e+17	
3329	4.38095e+17	
3330	4.37808e+17	
3331	4.37387e+17	
3332	4.37026e+17	
3333	4.36753e+17	
3334	4.36402e+17	
3335	4.36155e+17	
3336	4.35648e+17	
3337	4.35273e+17	
3338	4.34838e+17	
3339	4.34423e+17	
3340	4.33957e+17	
3341	4.33468e+17	
3342	4.3319e+17	
3343	4.32887e+17	
3344	4.32592e+17	
3345	4.3211e+17	
3346	4.31605e+17	
3347	4.31172e+17	
3348	4.30758e+17	
3349	4.30288e+17	
3350	4.30021e+17	
3351	4.2982e+17	
3352	4.29601e+17	
3353	4.2937e+17	
3354	4.28869e+17	
3355	4.28544e+17	
3356	4.28144e+17	
3357	4.27841e+17	
3358	4.27617e+17	
3359	4.27319e+17	
3360	4.27068e+17	
3361	4.26824e+17	
3362	4.26537e+17	
3363	4.26215e+17	
3364	4.25916e+17	
3365	4.25511e+17	
3366	4.25177e+17	
3367	4.24863e+17	
3368	4.24622e+17	
3369	4.24465e+17	
3370	4.24219e+17	
3371	4.2391e+17	
3372	4.23627e+17	
3373	4.23293e+17	
3374	4.23022e+17	
3375	4.22839e+17	
3376	4.22684e+17	
3377	4.22482e+17	
3378	4.22247e+17	
3379	4.21991e+17	
3380	4.21654e+17	
3381	4.21353e+17	
3382	4.20877e+17	
3383	4.20663e+17	
3384	4.2039e+17	
3385	4.20046e+17	
3386	4.1986e+17	
3387	4.19617e+17	
3388	4.19363e+17	
3389	4.19073e+17	
3390	4.18666e+17	
3391	4.18309e+17	
3392	4.18049e+17	
3393	4.17756e+17	
3394	4.17557e+17	
3395	4.17221e+17	
3396	4.16833e+17	
3397	4.16304e+17	
3398	4.1579e+17	
3399	4.15373e+17	
3400	4.15027e+17	
3401	4.14806e+17	
3402	4.14518e+17	
3403	4.14261e+17	
3404	4.13936e+17	
3405	4.13364e+17	
3406	4.12672e+17	
3407	4.12208e+17	
3408	4.11688e+17	
3409	4.11168e+17	
3410	4.10803e+17	
3411	4.10539e+17	
3412	4.10323e+17	
3413	4.09998e+17	
3414	4.09684e+17	
3415	4.09309e+17	
3416	4.08815e+17	
3417	4.08513e+17	
3418	4.08193e+17	
3419	4.07831e+17	
3420	4.07565e+17	
3421	4.07192e+17	
3422	4.06968e+17	
3423	4.06596e+17	
3424	4.06347e+17	
3425	4.06061e+17	
3426	4.05791e+17	
3427	4.05536e+17	
3428	4.0525e+17	
3429	4.04907e+17	
3430	4.04401e+17	
3431	4.04024e+17	
3432	4.03612e+17	
3433	4.03335e+17	
3434	4.03059e+17	
3435	4.02821e+17	
3436	4.02653e+17	
3437	4.02455e+17	
3438	4.02199e+17	
3439	4.01914e+17	
3440	4.01703e+17	
3441	4.01389e+17	
3442	4.01138e+17	
3443	4.00887e+17	
3444	4.00578e+17	
3445	4.00334e+17	
3446	4.00018e+17	
3447	3.99796e+17	
3448	3.99606e+17	
3449	3.99361e+17	
3450	3.99192e+17	
3451	3.98916e+17	
3452	3.98583e+17	
3453	3.9833e+17	
3454	3.98059e+17	
3455	3.97699e+17	
3456	3.97338e+17	
3457	3.97114e+17	
3458	3.96759e+17	
3459	3.96317e+17	
3460	3.95908e+17	
3461	3.9552e+17	
3462	3.95255e+17	
3463	3.94881e+17	
3464	3.94611e+17	
3465	3.94337e+17	
3466	3.94016e+17	
3467	3.93676e+17	
3468	3.93279e+17	
3469	3.92692e+17	
3470	3.92206e+17	
3471	3.91863e+17	
3472	3.91585e+17	
3473	3.913e+17	
3474	3.91134e+17	
3475	3.90894e+17	
3476	3.90661e+17	
3477	3.90231e+17	
3478	3.89821e+17	
3479	3.89311e+17	
3480	3.88945e+17	
3481	3.88639e+17	
3482	3.88502e+17	
3483	3.88329e+17	
3484	3.88074e+17	
3485	3.87756e+17	
3486	3.87328e+17	
3487	3.87096e+17	
3488	3.86838e+17	
3489	3.86528e+17	
3490	3.86346e+17	
3491	3.86159e+17	
3492	3.85831e+17	
3493	3.8562e+17	
3494	3.8537e+17	
3495	3.85103e+17	
3496	3.84771e+17	
3497	3.84423e+17	
3498	3.84198e+17	
3499	3.83981e+17	
3500	3.83703e+17	
3501	3.83375e+17	
3502	3.82965e+17	
3503	3.8263e+17	
3504	3.8231e+17	
3505	3.81952e+17	
3506	3.81689e+17	
3507	3.81529e+17	
3508	3.81255e+17	
3509	3.80889e+17	
3510	3.80527e+17	
3511	3.8016e+17	
3512	3.7976e+17	
3513	3.79432e+17	
3514	3.79134e+17	
3515	3.78794e+17	
3516	3.78487e+17	
3517	3.78219e+17	
3518	3.78038e+17	
3519	3.77731e+17	
3520	3.7733e+17	
3521	3.769e+17	
3522	3.76491e+17	
3523	3.76039e+17	
3524	3.75842e+17	
3525	3.75564e+17	
3526	3.75312e+17	
3527	3.75081e+17	
3528	3.74822e+17	
3529	3.74468e+17	
3530	3.74101e+17	
3531	3.7383e+17	
3532	3.73622e+17	
3533	3.73362e+17	
3534	3.73121e+17	
3535	3.72896e+17	
3536	3.7267e+17	
3537	3.72366e+17	
3538	3.72051e+17	
3539	3.71722e+17	
3540	3.71376e+17	
3541	3.71119e+17	
3542	3.70961e+17	
3543	3.70715e+17	
3544	3.70507e+17	
3545	3.70249e+17	
3546	3.69968e+17	
3547	3.69649e+17	
3548	3.69307e+17	
3549	3.69007e+17	
3550	3.68729e+17	
3551	3.68367e+17	
3552	3.681e+17	
3553	3.67941e+17	
3554	3.67653e+17	
3555	3.67364e+17	
3556	3.67047e+17	
3557	3.66832e+17	
3558	3.66581e+17	
3559	3.66342e+17	
3560	3.6617e+17	
3561	3.65873e+17	
3562	3.65604e+17	
3563	3.65327e+17	
3564	3.64965e+17	
3565	3.64689e+17	
3566	3.64437e+17	
3567	3.64251e+17	
3568	3.64068e+17	
3569	3.63903e+17	
3570	3.63641e+17	
3571	3.63355e+17	
3572	3.63009e+17	
3573	3.62608e+17	
3574	3.62277e+17	
3575	3.6202e+17	
3576	3.61789e+17	
3577	3.61664e+17	
3578	3.61481e+17	
3579	3.61271e+17	
3580	3.60868e+17	
3581	3.60553e+17	
3582	3.60237e+17	
3583	3.59864e+17	
3584	3.59511e+17	
3585	3.59373e+17	
3586	3.59218e+17	
3587	3.59052e+17	
3588	3.58897e+17	
3589	3.58674e+17	
3590	3.58421e+17	
3591	3.5818e+17	
3592	3.57987e+17	
3593	3.57777e+17	
3594	3.57653e+17	
3595	3.57469e+17	
3596	3.57228e+17	
3597	3.56979e+17	
3598	3.56682e+17	
3599	3.56399e+17	
3600	3.56194e+17	
3601	3.55977e+17	
3602	3.55782e+17	
3603	3.55625e+17	
3604	3.55451e+17	
3605	3.55316e+17	
3606	3.5517e+17	
3607	3.54957e+17	
3608	3.54731e+17	
3609	3.54534e+17	
3610	3.54223e+17	
3611	3.53996e+17	
3612	3.53783e+17	
3613	3.53539e+17	
3614	3.53315e+17	
3615	3.53054e+17	
3616	3.52854e+17	
3617	3.52624e+17	
3618	3.52254e+17	
3619	3.5204e+17	
3620	3.51751e+17	
3621	3.51375e+17	
3622	3.51106e+17	
3623	3.50841e+17	
3624	3.5062e+17	
3625	3.50347e+17	
3626	3.50167e+17	
3627	3.49968e+17	
3628	3.49792e+17	
3629	3.49521e+17	
3630	3.4933e+17	
3631	3.4918e+17	
3632	3.48955e+17	
3633	3.48679e+17	
3634	3.48364e+17	
3635	3.48073e+17	
3636	3.47775e+17	
3637	3.47568e+17	
3638	3.47335e+17	
3639	3.47073e+17	
3640	3.46866e+17	
3641	3.46692e+17	
3642	3.4648e+17	
3643	3.46148e+17	
3644	3.45924e+17	
3645	3.45695e+17	
3646	3.45437e+17	
3647	3.45159e+17	
3648	3.44987e+17	
3649	3.44834e+17	
3650	3.4466e+17	
3651	3.44445e+17	
3652	3.44212e+17	
3653	3.43928e+17	
3654	3.43643e+17	
3655	3.43373e+17	
3656	3.43111e+17	
3657	3.42881e+17	
3658	3.42672e+17	
3659	3.42532e+17	
3660	3.42391e+17	
3661	3.42204e+17	
3662	3.42e+17	
3663	3.41756e+17	
3664	3.41411e+17	
3665	3.41047e+17	
3666	3.40816e+17	
3667	3.40584e+17	
3668	3.40298e+17	
3669	3.40095e+17	
3670	3.39917e+17	
3671	3.39612e+17	
3672	3.39242e+17	
3673	3.39087e+17	
3674	3.38848e+17	
3675	3.38669e+17	
3676	3.38514e+17	
3677	3.38268e+17	
3678	3.38034e+17	
3679	3.37725e+17	
3680	3.37401e+17	
3681	3.37029e+17	
3682	3.36639e+17	
3683	3.3637e+17	
3684	3.36123e+17	
3685	3.35822e+17	
3686	3.35608e+17	
3687	3.35287e+17	
3688	3.34887e+17	
3689	3.34541e+17	
3690	3.34234e+17	
3691	3.33942e+17	
3692	3.33532e+17	
3693	3.33027e+17	
3694	3.32715e+17	
3695	3.32397e+17	
3696	3.32021e+17	
3697	3.31606e+17	
3698	3.3141e+17	
3699	3.31169e+17	
3700	3.30888e+17	
3701	3.30632e+17	
3702	3.30386e+17	
3703	3.29995e+17	
3704	3.29625e+17	
3705	3.2927e+17	
3706	3.29035e+17	
3707	3.28811e+17	
3708	3.2857e+17	
3709	3.28265e+17	
3710	3.28069e+17	
3711	3.2787e+17	
3712	3.27637e+17	
3713	3.27342e+17	
3714	3.27137e+17	
3715	3.26925e+17	
3716	3.26687e+17	
3717	3.26464e+17	
3718	3.26211e+17	
3719	3.25941e+17	
3720	3.25674e+17	
3721	3.25321e+17	
3722	3.25058e+17	
3723	3.2492e+17	
3724	3.24762e+17	
3725	3.24578e+17	
3726	3.24442e+17	
3727	3.24097e+17	
3728	3.23783e+17	
3729	3.23402e+17	
3730	3.23067e+17	
3731	3.22707e+17	
3732	3.22448e+17	
3733	3.2218e+17	
3734	3.21817e+17	
3735	3.21579e+17	
3736	3.21269e+17	
3737	3.20863e+17	
3738	3.20392e+17	
3739	3.20086e+17	
3740	3.19816e+17	
3741	3.19543e+17	
3742	3.19236e+17	
3743	3.19005e+17	
3744	3.1854e+17	
3745	3.17996e+17	
3746	3.17411e+17	
3747	3.17096e+17	
3748	3.16843e+17	
3749	3.16686e+17	
3750	3.16464e+17	
3751	3.16297e+17	
3752	3.16137e+17	
3753	3.15927e+17	
3754	3.15557e+17	
3755	3.15302e+17	
3756	3.14947e+17	
3757	3.14742e+17	
3758	3.14521e+17	
3759	3.14371e+17	
3760	3.14159e+17	
3761	3.13954e+17	
3762	3.13583e+17	
3763	3.13274e+17	
3764	3.12964e+17	
3765	3.12601e+17	
3766	3.12305e+17	
3767	3.12089e+17	
3768	3.11808e+17	
3769	3.11617e+17	
3770	3.11427e+17	
3771	3.11111e+17	
3772	3.10887e+17	
3773	3.10661e+17	
3774	3.10352e+17	
3775	3.10127e+17	
3776	3.09817e+17	
3777	3.09405e+17	
3778	3.09038e+17	
3779	3.08678e+17	
3780	3.08318e+17	
3781	3.0791e+17	
3782	3.07586e+17	
3783	3.07352e+17	
3784	3.07141e+17	
3785	3.06953e+17	
3786	3.06726e+17	
3787	3.06568e+17	
3788	3.06351e+17	
3789	3.05903e+17	
3790	3.05526e+17	
3791	3.05199e+17	
3792	3.04984e+17	
3793	3.04569e+17	
3794	3.04393e+17	
3795	3.04211e+17	
3796	3.0397e+17	
3797	3.0376e+17	
3798	3.03503e+17	
3799	3.03175e+17	
3800	3.02806e+17	
3801	3.02518e+17	
3802	3.02348e+17	
3803	3.02197e+17	
3804	3.01956e+17	
3805	3.0177e+17	
3806	3.01618e+17	
3807	3.01384e+17	
3808	3.01099e+17	
3809	3.00831e+17	
3810	3.00543e+17	
3811	3.00122e+17	
3812	2.998e+17	
3813	2.99544e+17	
3814	2.99337e+17	
3815	2.98886e+17	
3816	2.98653e+17	
3817	2.98479e+17	
3818	2.98302e+17	
3819	2.98119e+17	
3820	2.97933e+17	
3821	2.97657e+17	
3822	2.97396e+17	
3823	2.97133e+17	
3824	2.96876e+17	
3825	2.96599e+17	
3826	2.96379e+17	
3827	2.96149e+17	
3828	2.959e+17	
3829	2.95645e+17	
3830	2.95396e+17	
3831	2.95103e+17	
3832	2.94885e+17	
3833	2.94543e+17	
3834	2.94324e+17	
3835	2.94129e+17	
3836	2.93914e+17	
3837	2.93672e+17	
3838	2.93442e+17	
3839	2.93187e+17	
3840	2.92817e+17	
3841	2.92562e+17	
3842	2.92295e+17	
3843	2.92117e+17	
3844	2.91982e+17	
3845	2.91845e+17	
3846	2.91684e+17	
3847	2.91532e+17	
3848	2.91307e+17	
3849	2.90906e+17	
3850	2.90561e+17	
3851	2.90256e+17	
3852	2.89976e+17	
3853	2.8979e+17	
3854	2.89632e+17	
3855	2.89485e+17	
3856	2.89332e+17	
3857	2.89173e+17	
3858	2.89012e+17	
3859	2.88846e+17	
3860	2.88588e+17	
3861	2.88411e+17	
3862	2.881e+17	
3863	2.87851e+17	
3864	2.87642e+17	
3865	2.8745e+17	
3866	2.87329e+17	
3867	2.87209e+17	
3868	2.87055e+17	
3869	2.86934e+17	
3870	2.86757e+17	
3871	2.86599e+17	
3872	2.8647e+17	
3873	2.86307e+17	
3874	2.85963e+17	
3875	2.85709e+17	
3876	2.8547e+17	
3877	2.85159e+17	
3878	2.84983e+17	
3879	2.84802e+17	
3880	2.84634e+17	
3881	2.84336e+17	
3882	2.84067e+17	
3883	2.83763e+17	
3884	2.83378e+17	
3885	2.83069e+17	
3886	2.8276e+17	
3887	2.82545e+17	
3888	2.82341e+17	
3889	2.82141e+17	
3890	2.81947e+17	
3891	2.81722e+17	
3892	2.81461e+17	
3893	2.8109e+17	
3894	2.80812e+17	
3895	2.80533e+17	
3896	2.80275e+17	
3897	2.80087e+17	
3898	2.79815e+17	
3899	2.7947e+17	
3900	2.79275e+17	
3901	2.79039e+17	
3902	2.78755e+17	
3903	2.78618e+17	
3904	2.78469e+17	
3905	2.7826e+17	
3906	2.78053e+17	
3907	2.77803e+17	
3908	2.77441e+17	
3909	2.77148e+17	
3910	2.76696e+17	
3911	2.76388e+17	
3912	2.76154e+17	
3913	2.75988e+17	
3914	2.75756e+17	
3915	2.7563e+17	
3916	2.75474e+17	
3917	2.75177e+17	
3918	2.74855e+17	
3919	2.74596e+17	
3920	2.74327e+17	
3921	2.74117e+17	
3922	2.73986e+17	
3923	2.738e+17	
3924	2.73633e+17	
3925	2.73456e+17	
3926	2.73244e+17	
3927	2.72916e+17	
3928	2.72647e+17	
3929	2.72407e+17	
3930	2.72185e+17	
3931	2.7196e+17	
3932	2.71712e+17	
3933	2.71461e+17	
3934	2.71213e+17	
3935	2.70836e+17	
3936	2.70564e+17	
3937	2.70327e+17	
3938	2.70103e+17	
3939	2.69855e+17	
3940	2.69689e+17	
3941	2.69496e+17	
3942	2.69197e+17	
3943	2.68925e+17	
3944	2.68588e+17	
3945	2.68308e+17	
3946	2.68043e+17	
3947	2.67746e+17	
3948	2.67491e+17	
3949	2.67283e+17	
3950	2.67063e+17	
3951	2.66849e+17	
3952	2.66606e+17	
3953	2.66328e+17	
3954	2.65944e+17	
3955	2.65714e+17	
3956	2.65366e+17	
3957	2.64879e+17	
3958	2.64627e+17	
3959	2.64363e+17	
3960	2.6406e+17	
3961	2.63789e+17	
3962	2.63591e+17	
3963	2.63341e+17	
3964	2.63106e+17	
3965	2.62904e+17	
3966	2.627e+17	
3967	2.62503e+17	
3968	2.62238e+17	
3969	2.61934e+17	
3970	2.61588e+17	
3971	2.61313e+17	
3972	2.61027e+17	
3973	2.60812e+17	
3974	2.60676e+17	
3975	2.60553e+17	
3976	2.60354e+17	
3977	2.60212e+17	
3978	2.60039e+17	
3979	2.59773e+17	
3980	2.5952e+17	
3981	2.59164e+17	
3982	2.58935e+17	
3983	2.58737e+17	
3984	2.58555e+17	
3985	2.58368e+17	
3986	2.5818e+17	
3987	2.58e+17	
3988	2.57851e+17	
3989	2.57752e+17	
3990	2.57575e+17	
3991	2.57403e+17	
3992	2.57211e+17	
3993	2.56927e+17	
3994	2.56632e+17	
3995	2.56412e+17	
3996	2.56244e+17	
3997	2.56021e+17	
3998	2.55866e+17	
3999	2.55688e+17	
4000	2.55487e+17	
4001	2.55264e+17	
4002	2.55051e+17	
4003	2.5482e+17	
4004	2.54611e+17	
4005	2.54425e+17	
4006	2.54261e+17	
4007	2.54059e+17	
4008	2.53873e+17	
4009	2.53663e+17	
4010	2.53469e+17	
4011	2.53296e+17	
4012	2.53016e+17	
4013	2.52888e+17	
4014	2.52787e+17	
4015	2.52613e+17	
4016	2.5246e+17	
4017	2.5227e+17	
4018	2.52044e+17	
4019	2.51817e+17	
4020	2.51642e+17	
4021	2.51458e+17	
4022	2.51314e+17	
4023	2.51152e+17	
4024	2.51006e+17	
4025	2.50881e+17	
4026	2.5076e+17	
4027	2.50619e+17	
4028	2.50415e+17	
4029	2.50242e+17	
4030	2.49963e+17	
4031	2.49708e+17	
4032	2.49471e+17	
4033	2.49238e+17	
4034	2.49077e+17	
4035	2.48954e+17	
4036	2.48844e+17	
4037	2.48752e+17	
4038	2.48652e+17	
4039	2.48535e+17	
4040	2.48367e+17	
4041	2.4813e+17	
4042	2.47958e+17	
4043	2.4779e+17	
4044	2.47631e+17	
4045	2.47374e+17	
4046	2.47111e+17	
4047	2.46956e+17	
4048	2.46789e+17	
4049	2.4659e+17	
4050	2.46401e+17	
4051	2.4619e+17	
4052	2.46056e+17	
4053	2.45822e+17	
4054	2.45616e+17	
4055	2.45388e+17	
4056	2.45232e+17	
4057	2.44981e+17	
4058	2.44804e+17	
4059	2.44696e+17	
4060	2.44583e+17	
4061	2.44388e+17	
4062	2.44196e+17	
4063	2.4401e+17	
4064	2.43801e+17	
4065	2.43586e+17	
4066	2.43429e+17	
4067	2.433e+17	
4068	2.4316e+17	
4069	2.43029e+17	
4070	2.42835e+17	
4071	2.42647e+17	
4072	2.42483e+17	
4073	2.42284e+17	
4074	2.4208e+17	
4075	2.41927e+17	
4076	2.41785e+17	
4077	2.41666e+17	
4078	2.4152e+17	
4079	2.41375e+17	
4080	2.412e+17	
4081	2.41057e+17	
4082	2.40926e+17	
4083	2.40745e+17	
4084	2.40583e+17	
4085	2.40429e+17	
4086	2.40265e+17	
4087	2.40066e+17	
4088	2.39946e+17	
4089	2.39786e+17	
4090	2.39587e+17	
4091	2.39406e+17	
4092	2.39242e+17	
4093	2.39098e+17	
4094	2.38914e+17	
4095	2.38758e+17	
4096	2.38607e+17	
4097	2.38476e+17	
4098	2.38324e+17	
4099	2.38158e+17	
4100	2.38034e+17	
4101	2.37873e+17	
4102	2.37713e+17	
4103	2.37551e+17	
4104	2.37373e+17	
4105	2.37185e+17	
4106	2.37009e+17	
4107	2.3688e+17	
4108	2.36773e+17	
4109	2.36658e+17	
4110	2.36543e+17	
4111	2.36425e+17	
4112	2.3627e+17	
4113	2.36093e+17	
4114	2.35899e+17	
4115	2.3568e+17	
4116	2.35488e+17	
4117	2.3527e+17	
4118	2.35068e+17	
4119	2.34804e+17	
4120	2.34574e+17	
4121	2.34412e+17	
4122	2.34203e+17	
4123	2.33994e+17	
4124	2.33839e+17	
4125	2.33742e+17	
4126	2.3355e+17	
4127	2.33373e+17	
4128	2.33201e+17	
4129	2.329e+17	
4130	2.32619e+17	
4131	2.32312e+17	
4132	2.32101e+17	
4133	2.31901e+17	
4134	2.31679e+17	
4135	2.31487e+17	
4136	2.31314e+17	
4137	2.31166e+17	
4138	2.31002e+17	
4139	2.30782e+17	
4140	2.30587e+17	
4141	2.30412e+17	
4142	2.30185e+17	
4143	2.29959e+17	
4144	2.29825e+17	
4145	2.29693e+17	
4146	2.29551e+17	
4147	2.29402e+17	
4148	2.29252e+17	
4149	2.2912e+17	
4150	2.28906e+17	
4151	2.28761e+17	
4152	2.28633e+17	
4153	2.28493e+17	
4154	2.28377e+17	
4155	2.2816e+17	
4156	2.27935e+17	
4157	2.27674e+17	
4158	2.27398e+17	
4159	2.27177e+17	
4160	2.27031e+17	
4161	2.26904e+17	
4162	2.26718e+17	
4163	2.26603e+17	
4164	2.26452e+17	
4165	2.26243e+17	
4166	2.26035e+17	
4167	2.25854e+17	
4168	2.25604e+17	
4169	2.25352e+17	
4170	2.25118e+17	
4171	2.2482e+17	
4172	2.24579e+17	
4173	2.24311e+17	
4174	2.24091e+17	
4175	2.2393e+17	
4176	2.23767e+17	
4177	2.23609e+17	
4178	2.23478e+17	
4179	2.23352e+17	
4180	2.23129e+17	
4181	2.22892e+17	
4182	2.22592e+17	
4183	2.22346e+17	
4184	2.22011e+17	
4185	2.2182e+17	
4186	2.21643e+17	
4187	2.21503e+17	
4188	2.21383e+17	
4189	2.21254e+17	
4190	2.21127e+17	
4191	2.20979e+17	
4192	2.2082e+17	
4193	2.20611e+17	
4194	2.20302e+17	
4195	2.20052e+17	
4196	2.19937e+17	
4197	2.19824e+17	
4198	2.1971e+17	
4199	2.19584e+17	
4200	2.19466e+17	
4201	2.19369e+17	
4202	2.19215e+17	
4203	2.19026e+17	
4204	2.18777e+17	
4205	2.18531e+17	
4206	2.18239e+17	
4207	2.17945e+17	
4208	2.17747e+17	
4209	2.17572e+17	
4210	2.17426e+17	
4211	2.17205e+17	
4212	2.17119e+17	
4213	2.17011e+17	
4214	2.16893e+17	
4215	2.16778e+17	
4216	2.16637e+17	
4217	2.1647e+17	
4218	2.16209e+17	
4219	2.15989e+17	
4220	2.15818e+17	
4221	2.1569e+17	
4222	2.15528e+17	
4223	2.15394e+17	
4224	2.1525e+17	
4225	2.15111e+17	
4226	2.15003e+17	
4227	2.14797e+17	
4228	2.14641e+17	
4229	2.14533e+17	
4230	2.14378e+17	
4231	2.14247e+17	
4232	2.14122e+17	
4233	2.13948e+17	
4234	2.13759e+17	
4235	2.13566e+17	
4236	2.1343e+17	
4237	2.13292e+17	
4238	2.13189e+17	
4239	2.13048e+17	
4240	2.12918e+17	
4241	2.12814e+17	
4242	2.12728e+17	
4243	2.125e+17	
4244	2.12279e+17	
4245	2.12112e+17	
4246	2.11968e+17	
4247	2.11807e+17	
4248	2.11702e+17	
4249	2.11626e+17	
4250	2.11535e+17	
4251	2.11411e+17	
4252	2.113e+17	
4253	2.1121e+17	
4254	2.11079e+17	
4255	2.10749e+17	
4256	2.10492e+17	
4257	2.10223e+17	
4258	2.1005e+17	
4259	2.09799e+17	
4260	2.09655e+17	
4261	2.09514e+17	
4262	2.09414e+17	
4263	2.09295e+17	
4264	2.09203e+17	
4265	2.09112e+17	
4266	2.08978e+17	
4267	2.08844e+17	
4268	2.0863e+17	
4269	2.0845e+17	
4270	2.0828e+17	
4271	2.08085e+17	
4272	2.0793e+17	
4273	2.07792e+17	
4274	2.07668e+17	
4275	2.07495e+17	
4276	2.07357e+17	
4277	2.07173e+17	
4278	2.06974e+17	
4279	2.06789e+17	
4280	2.06646e+17	
4281	2.06527e+17	
4282	2.06379e+17	
4283	2.06247e+17	
4284	2.06105e+17	
4285	2.05965e+17	
4286	2.05754e+17	
4287	2.05548e+17	
4288	2.05375e+17	
4289	2.05237e+17	
4290	2.05129e+17	
4291	2.05002e+17	
4292	2.04906e+17	
4293	2.04762e+17	
4294	2.04631e+17	
4295	2.04386e+17	
4296	2.04306e+17	
4297	2.04179e+17	
4298	2.0407e+17	
4299	2.03993e+17	
4300	2.03908e+17	
4301	2.03832e+17	
4302	2.03712e+17	
4303	2.03601e+17	
4304	2.03476e+17	
4305	2.03252e+17	
4306	2.03053e+17	
4307	2.02799e+17	
4308	2.02579e+17	
4309	2.02418e+17	
4310	2.02279e+17	
4311	2.0217e+17	
4312	2.02059e+17	
4313	2.01953e+17	
4314	2.01785e+17	
4315	2.01651e+17	
4316	2.01476e+17	
4317	2.0122e+17	
4318	2.00948e+17	
4319	2.00785e+17	
4320	2.00611e+17	
4321	2.00469e+17	
4322	2.00322e+17	
4323	2.00184e+17	
4324	2.0006e+17	
4325	1.99965e+17	
4326	1.9987e+17	
4327	1.99715e+17	
4328	1.99518e+17	
4329	1.99259e+17	
4330	1.99095e+17	
4331	1.98896e+17	
4332	1.98709e+17	
4333	1.98517e+17	
4334	1.98358e+17	
4335	1.98225e+17	
4336	1.9805e+17	
4337	1.97924e+17	
4338	1.9774e+17	
4339	1.97529e+17	
4340	1.97286e+17	
4341	1.97081e+17	
4342	1.96896e+17	
4343	1.96729e+17	
4344	1.96626e+17	
4345	1.96502e+17	
4346	1.96366e+17	
4347	1.96223e+17	
4348	1.96064e+17	
4349	1.95865e+17	
4350	1.95684e+17	
4351	1.9552e+17	
4352	1.95295e+17	
4353	1.95131e+17	
4354	1.94937e+17	
4355	1.94778e+17	
4356	1.94665e+17	
4357	1.94536e+17	
4358	1.94404e+17	
4359	1.94272e+17	
4360	1.94168e+17	
4361	1.94016e+17	
4362	1.93808e+17	
4363	1.93611e+17	
4364	1.93465e+17	
4365	1.9335e+17	
4366	1.93225e+17	
4367	1.93165e+17	
4368	1.9311e+17	
4369	1.92991e+17	
4370	1.92846e+17	
4371	1.92646e+17	
4372	1.92433e+17	
4373	1.92201e+17	
4374	1.91989e+17	
4375	1.91811e+17	
4376	1.9165e+17	
4377	1.91461e+17	
4378	1.91286e+17	
4379	1.91146e+17	
4380	1.9106e+17	
4381	1.90925e+17	
4382	1.90772e+17	
4383	1.90599e+17	
4384	1.90372e+17	
4385	1.9017e+17	
4386	1.89923e+17	
4387	1.89802e+17	
4388	1.89638e+17	
4389	1.89523e+17	
4390	1.89444e+17	
4391	1.89353e+17	
4392	1.89257e+17	
4393	1.89167e+17	
4394	1.89046e+17	
4395	1.88932e+17	
4396	1.88779e+17	
4397	1.88632e+17	
4398	1.88496e+17	
4399	1.8836e+17	
4400	1.88249e+17	
4401	1.8813e+17	
4402	1.88046e+17	
4403	1.87974e+17	
4404	1.87902e+17	
4405	1.87757e+17	
4406	1.87634e+17	
4407	1.87465e+17	
4408	1.87246e+17	
4409	1.87101e+17	
4410	1.86985e+17	
4411	1.86898e+17	
4412	1.86813e+17	
4413	1.86736e+17	
4414	1.86667e+17	
4415	1.8657e+17	
4416	1.86462e+17	
4417	1.86294e+17	
4418	1.86096e+17	
4419	1.85959e+17	
4420	1.85844e+17	
4421	1.85721e+17	
4422	1.85581e+17	
4423	1.85469e+17	
4424	1.85289e+17	
4425	1.85112e+17	
4426	1.84981e+17	
4427	1.84848e+17	
4428	1.84741e+17	
4429	1.84654e+17	
4430	1.84573e+17	
4431	1.8449e+17	
4432	1.84293e+17	
4433	1.84128e+17	
4434	1.83957e+17	
4435	1.83659e+17	
4436	1.83397e+17	
4437	1.83152e+17	
4438	1.83045e+17	
4439	1.82933e+17	
4440	1.82843e+17	
4441	1.82764e+17	
4442	1.82676e+17	
4443	1.82602e+17	
4444	1.82432e+17	
4445	1.82285e+17	
4446	1.82171e+17	
4447	1.81955e+17	
4448	1.81835e+17	
4449	1.81718e+17	
4450	1.8165e+17	
4451	1.8157e+17	
4452	1.81503e+17	
4453	1.8142e+17	
4454	1.81319e+17	
4455	1.81199e+17	
4456	1.81006e+17	
4457	1.80729e+17	
4458	1.80556e+17	
4459	1.80411e+17	
4460	1.80284e+17	
4461	1.80143e+17	
4462	1.80034e+17	
4463	1.79958e+17	
4464	1.79907e+17	
4465	1.79839e+17	
4466	1.79765e+17	
4467	1.7969e+17	
4468	1.79543e+17	
4469	1.79363e+17	
4470	1.79125e+17	
4471	1.78883e+17	
4472	1.78668e+17	
4473	1.78526e+17	
4474	1.78387e+17	
4475	1.78301e+17	
4476	1.78236e+17	
4477	1.78176e+17	
4478	1.78103e+17	
4479	1.78009e+17	
4480	1.77921e+17	
4481	1.77775e+17	
4482	1.77627e+17	
4483	1.77446e+17	
4484	1.77333e+17	
4485	1.77216e+17	
4486	1.77128e+17	
4487	1.77041e+17	
4488	1.7698e+17	
4489	1.7694e+17	
4490	1.76855e+17	
4491	1.76763e+17	
4492	1.76687e+17	
4493	1.76578e+17	
4494	1.76439e+17	
4495	1.76268e+17	
4496	1.76063e+17	
4497	1.75936e+17	
4498	1.75816e+17	
4499	1.75695e+17	
4500	1.75585e+17	
4501	1.75517e+17	
4502	1.75404e+17	
4503	1.75268e+17	
4504	1.7516e+17	
4505	1.7504e+17	
4506	1.74909e+17	
4507	1.74721e+17	
4508	1.74598e+17	
4509	1.74497e+17	
4510	1.74414e+17	
4511	1.74353e+17	
4512	1.74273e+17	
4513	1.74203e+17	
4514	1.74102e+17	
4515	1.73981e+17	
4516	1.73857e+17	
4517	1.73748e+17	
4518	1.73636e+17	
4519	1.73539e+17	
4520	1.73446e+17	
4521	1.73387e+17	
4522	1.73292e+17	
4523	1.73183e+17	
4524	1.73086e+17	
4525	1.72961e+17	
4526	1.72849e+17	
4527	1.72793e+17	
4528	1.72747e+17	
4529	1.72677e+17	
4530	1.7259e+17	
4531	1.72501e+17	
4532	1.72415e+17	
4533	1.72264e+17	
4534	1.72114e+17	
4535	1.72008e+17	
4536	1.71893e+17	
4537	1.71745e+17	
4538	1.71617e+17	
4539	1.71524e+17	
4540	1.71442e+17	
4541	1.71369e+17	
4542	1.71308e+17	
4543	1.71242e+17	
4544	1.71181e+17	
4545	1.71082e+17	
4546	1.70987e+17	
4547	1.70852e+17	
4548	1.70713e+17	
4549	1.70581e+17	
4550	1.70472e+17	
4551	1.7036e+17	
4552	1.70276e+17	
4553	1.70168e+17	
4554	1.70075e+17	
4555	1.69977e+17	
4556	1.69863e+17	
4557	1.69746e+17	
4558	1.69661e+17	
4559	1.69564e+17	
4560	1.69452e+17	
4561	1.69348e+17	
4562	1.69254e+17	
4563	1.69118e+17	
4564	1.69009e+17	
4565	1.68877e+17	
4566	1.68669e+17	
4567	1.68557e+17	
4568	1.6842e+17	
4569	1.68312e+17	
4570	1.68219e+17	
4571	1.68143e+17	
4572	1.68069e+17	
4573	1.67959e+17	
4574	1.67872e+17	
4575	1.67798e+17	
4576	1.67694e+17	
4577	1.67591e+17	
4578	1.67522e+17	
4579	1.67446e+17	
4580	1.67363e+17	
4581	1.67301e+17	
4582	1.67255e+17	
4583	1.67195e+17	
4584	1.67128e+17	
4585	1.67043e+17	
4586	1.66962e+17	
4587	1.6685e+17	
4588	1.66741e+17	
4589	1.66609e+17	
4590	1.66485e+17	
4591	1.66368e+17	
4592	1.66288e+17	
4593	1.66221e+17	
4594	1.66173e+17	
4595	1.66097e+17	
4596	1.66031e+17	
4597	1.65941e+17	
4598	1.6586e+17	
4599	1.65757e+17	
4600	1.65616e+17	
4601	1.65482e+17	
4602	1.65351e+17	
4603	1.65252e+17	
4604	1.65173e+17	
4605	1.65067e+17	
4606	1.64947e+17	
4607	1.64843e+17	
4608	1.64741e+17	
4609	1.64621e+17	
4610	1.64526e+17	
4611	1.64439e+17	
4612	1.64373e+17	
4613	1.64288e+17	
4614	1.64203e+17	
4615	1.64099e+17	
4616	1.63954e+17	
4617	1.63753e+17	
4618	1.63562e+17	
4619	1.63364e+17	
4620	1.63249e+17	
4621	1.63117e+17	
4622	1.6299e+17	
4623	1.62931e+17	
4624	1.62854e+17	
4625	1.62788e+17	
4626	1.62695e+17	
4627	1.62609e+17	
4628	1.62471e+17	
4629	1.62303e+17	
4630	1.62152e+17	
4631	1.6203e+17	
4632	1.6192e+17	
4633	1.61788e+17	
4634	1.61709e+17	
4635	1.61634e+17	
4636	1.61563e+17	
4637	1.61471e+17	
4638	1.61367e+17	
4639	1.61253e+17	
4640	1.61125e+17	
4641	1.61025e+17	
4642	1.60918e+17	
4643	1.60815e+17	
4644	1.60737e+17	
4645	1.60653e+17	
4646	1.60546e+17	
4647	1.60465e+17	
4648	1.60396e+17	
4649	1.6032e+17	
4650	1.6021e+17	
4651	1.60102e+17	
4652	1.60005e+17	
4653	1.59901e+17	
4654	1.59781e+17	
4655	1.59696e+17	
4656	1.59574e+17	
4657	1.59448e+17	
4658	1.59368e+17	
4659	1.59248e+17	
4660	1.59163e+17	
4661	1.59087e+17	
4662	1.58987e+17	
4663	1.58922e+17	
4664	1.58846e+17	
4665	1.58756e+17	
4666	1.58652e+17	
4667	1.58503e+17	
4668	1.58308e+17	
4669	1.58131e+17	
4670	1.57995e+17	
4671	1.57906e+17	
4672	1.57818e+17	
4673	1.57736e+17	
4674	1.57677e+17	
4675	1.5762e+17	
4676	1.57531e+17	
4677	1.57445e+17	
4678	1.5736e+17	
4679	1.57289e+17	
4680	1.57121e+17	
4681	1.56989e+17	
4682	1.56874e+17	
4683	1.56726e+17	
4684	1.56528e+17	
4685	1.56358e+17	
4686	1.56205e+17	
4687	1.56041e+17	
4688	1.55824e+17	
4689	1.55656e+17	
4690	1.55516e+17	
4691	1.55381e+17	
4692	1.55312e+17	
4693	1.55254e+17	
4694	1.5517e+17	
4695	1.5509e+17	
4696	1.54974e+17	
4697	1.54834e+17	
4698	1.54694e+17	
4699	1.54524e+17	
4700	1.54416e+17	
4701	1.54326e+17	
4702	1.54221e+17	
4703	1.54161e+17	
4704	1.54089e+17	
4705	1.54017e+17	
4706	1.53891e+17	
4707	1.53755e+17	
4708	1.53621e+17	
4709	1.53456e+17	
4710	1.53235e+17	
4711	1.53076e+17	
4712	1.52962e+17	
4713	1.52836e+17	
4714	1.52747e+17	
4715	1.5266e+17	
4716	1.52596e+17	
4717	1.52509e+17	
4718	1.52411e+17	
4719	1.52286e+17	
4720	1.52144e+17	
4721	1.52034e+17	
4722	1.51903e+17	
4723	1.51709e+17	
4724	1.51576e+17	
4725	1.51471e+17	
4726	1.51393e+17	
4727	1.51327e+17	
4728	1.51256e+17	
4729	1.51183e+17	
4730	1.51077e+17	
4731	1.50953e+17	
4732	1.50824e+17	
4733	1.50723e+17	
4734	1.50537e+17	
4735	1.50365e+17	
4736	1.50233e+17	
4737	1.50158e+17	
4738	1.50099e+17	
4739	1.50016e+17	
4740	1.49932e+17	
4741	1.49858e+17	
4742	1.4976e+17	
4743	1.49667e+17	
4744	1.49591e+17	
4745	1.4947e+17	
4746	1.49374e+17	
4747	1.49262e+17	
4748	1.49117e+17	
4749	1.48996e+17	
4750	1.48843e+17	
4751	1.48731e+17	
4752	1.48599e+17	
4753	1.48465e+17	
4754	1.48353e+17	
4755	1.48239e+17	
4756	1.4812e+17	
4757	1.48019e+17	
4758	1.47916e+17	
4759	1.47829e+17	
4760	1.47775e+17	
4761	1.47689e+17	
4762	1.47569e+17	
4763	1.47409e+17	
4764	1.47287e+17	
4765	1.47144e+17	
4766	1.4705e+17	
4767	1.46947e+17	
4768	1.46837e+17	
4769	1.46699e+17	
4770	1.46568e+17	
4771	1.46467e+17	
4772	1.46346e+17	
4773	1.46221e+17	
4774	1.46108e+17	
4775	1.46004e+17	
4776	1.45905e+17	
4777	1.45788e+17	
4778	1.45603e+17	
4779	1.45435e+17	
4780	1.4525e+17	
4781	1.45183e+17	
4782	1.45082e+17	
4783	1.45012e+17	
4784	1.44948e+17	
4785	1.44894e+17	
4786	1.44832e+17	
4787	1.44751e+17	
4788	1.44648e+17	
4789	1.44569e+17	
4790	1.44452e+17	
4791	1.44293e+17	
4792	1.44116e+17	
4793	1.43994e+17	
4794	1.43945e+17	
4795	1.43871e+17	
4796	1.4379e+17	
4797	1.437e+17	
4798	1.43625e+17	
4799	1.43513e+17	
4800	1.43369e+17	
4801	1.43216e+17	
4802	1.43021e+17	
4803	1.42853e+17	
4804	1.42752e+17	
4805	1.42652e+17	
4806	1.42567e+17	
4807	1.42471e+17	
4808	1.42371e+17	
4809	1.42298e+17	
4810	1.42224e+17	
4811	1.42141e+17	
4812	1.42082e+17	
4813	1.4197e+17	
4814	1.41851e+17	
4815	1.41761e+17	
4816	1.41645e+17	
4817	1.41499e+17	
4818	1.41349e+17	
4819	1.41146e+17	
4820	1.40975e+17	
4821	1.4078e+17	
4822	1.40629e+17	
4823	1.40431e+17	
4824	1.40279e+17	
4825	1.40145e+17	
4826	1.40021e+17	
4827	1.39916e+17	
4828	1.39857e+17	
4829	1.39747e+17	
4830	1.39643e+17	
4831	1.39427e+17	
4832	1.39242e+17	
4833	1.39087e+17	
4834	1.38944e+17	
4835	1.38832e+17	
4836	1.38741e+17	
4837	1.38664e+17	
4838	1.38566e+17	
4839	1.38524e+17	
4840	1.3844e+17	
4841	1.38374e+17	
4842	1.38289e+17	
4843	1.38196e+17	
4844	1.38079e+17	
4845	1.37902e+17	
4846	1.37794e+17	
4847	1.37622e+17	
4848	1.37474e+17	
4849	1.37347e+17	
4850	1.37221e+17	
4851	1.37108e+17	
4852	1.36999e+17	
4853	1.36918e+17	
4854	1.36855e+17	
4855	1.36816e+17	
4856	1.36763e+17	
4857	1.3672e+17	
4858	1.3664e+17	
4859	1.36523e+17	
4860	1.36417e+17	
4861	1.36329e+17	
4862	1.36211e+17	
4863	1.3605e+17	
4864	1.35926e+17	
4865	1.35807e+17	
4866	1.35685e+17	
4867	1.35621e+17	
4868	1.35538e+17	
4869	1.35459e+17	
4870	1.35369e+17	
4871	1.35302e+17	
4872	1.35228e+17	
4873	1.35149e+17	
4874	1.35084e+17	
4875	1.35019e+17	
4876	1.3493e+17	
4877	1.34848e+17	
4878	1.34752e+17	
4879	1.34632e+17	
4880	1.34416e+17	
4881	1.34256e+17	
4882	1.34062e+17	
4883	1.33951e+17	
4884	1.33851e+17	
4885	1.33783e+17	
4886	1.33722e+17	
4887	1.33652e+17	
4888	1.33577e+17	
4889	1.33519e+17	
4890	1.33404e+17	
4891	1.33297e+17	
4892	1.33169e+17	
4893	1.33048e+17	
4894	1.32967e+17	
4895	1.32886e+17	
4896	1.3281e+17	
4897	1.32752e+17	
4898	1.32695e+17	
4899	1.32638e+17	
4900	1.32589e+17	
4901	1.32518e+17	
4902	1.32447e+17	
4903	1.32354e+17	
4904	1.32246e+17	
4905	1.32164e+17	
4906	1.32088e+17	
4907	1.32016e+17	
4908	1.31949e+17	
4909	1.31855e+17	
4910	1.31797e+17	
4911	1.31717e+17	
4912	1.31653e+17	
4913	1.31584e+17	
4914	1.31515e+17	
4915	1.31454e+17	
4916	1.31397e+17	
4917	1.31351e+17	
4918	1.31293e+17	
4919	1.31228e+17	
4920	1.31165e+17	
4921	1.31101e+17	
4922	1.31043e+17	
4923	1.30996e+17	
4924	1.30947e+17	
4925	1.30916e+17	
4926	1.3086e+17	
4927	1.30789e+17	
4928	1.3074e+17	
4929	1.30677e+17	
4930	1.3059e+17	
4931	1.30517e+17	
4932	1.30436e+17	
4933	1.30379e+17	
4934	1.30315e+17	
4935	1.30233e+17	
4936	1.3017e+17	
4937	1.30121e+17	
4938	1.30049e+17	
4939	1.30003e+17	
4940	1.29952e+17	
4941	1.29906e+17	
4942	1.29852e+17	
4943	1.29786e+17	
4944	1.29703e+17	
4945	1.29637e+17	
4946	1.29566e+17	
4947	1.29456e+17	
4948	1.29344e+17	
4949	1.29204e+17	
4950	1.29134e+17	
4951	1.29069e+17	
4952	1.29013e+17	
4953	1.28964e+17	
4954	1.28921e+17	
4955	1.28881e+17	
4956	1.28855e+17	
4957	1.28819e+17	
4958	1.28766e+17	
4959	1.2869e+17	
4960	1.28596e+17	
4961	1.28475e+17	
4962	1.28363e+17	
4963	1.28274e+17	
4964	1.28151e+17	
4965	1.28039e+17	
4966	1.27952e+17	
4967	1.27888e+17	
4968	1.27848e+17	
4969	1.27799e+17	
4970	1.27771e+17	
4971	1.27738e+17	
4972	1.27704e+17	
4973	1.27666e+17	
4974	1.27611e+17	
4975	1.27541e+17	
4976	1.27468e+17	
4977	1.27357e+17	
4978	1.27262e+17	
4979	1.27195e+17	
4980	1.27139e+17	
4981	1.27074e+17	
4982	1.27011e+17	
4983	1.26971e+17	
4984	1.26916e+17	
4985	1.26881e+17	
4986	1.26824e+17	
4987	1.26762e+17	
4988	1.26675e+17	
4989	1.26563e+17	
4990	1.26471e+17	
4991	1.264e+17	
4992	1.26293e+17	
4993	1.26233e+17	
4994	1.26108e+17	
4995	1.26029e+17	
4996	1.25954e+17	
4997	1.25884e+17	
4998	1.25822e+17	
4999	1.25764e+17	
5000	1.25697e+17	
# iterates cost: 413.096
