# Reading DATA...
# Reading Matrix Successfully!
BICG
0	3.93972e+26
1	3.56865e+25	
2	8.19789e+24	
3	2.79831e+24	
4	1.23079e+24	
5	5.89343e+23	
6	3.23053e+23	
7	1.95898e+23	
8	1.23514e+23	
9	8.29362e+22	
10	6.03377e+22	
11	4.30616e+22	
12	3.15484e+22	
13	2.304e+22	
14	1.7119e+22	
15	1.34279e+22	
16	1.02372e+22	
17	7.74631e+21	
18	6.05963e+21	
19	4.66285e+21	
20	3.96055e+21	
21	3.29857e+21	
22	2.71753e+21	
23	2.44241e+21	
24	2.12334e+21	
25	1.83723e+21	
26	1.56038e+21	
27	1.45542e+21	
28	1.27001e+21	
29	1.09523e+21	
30	9.45448e+20	
31	8.18815e+20	
32	7.54417e+20	
33	6.6128e+20	
34	5.81141e+20	
35	5.08112e+20	
36	4.31523e+20	
37	3.66301e+20	
38	3.34493e+20	
39	2.93911e+20	
40	2.59793e+20	
41	2.27128e+20	
42	2.06747e+20	
43	1.89178e+20	
44	1.73489e+20	
45	1.625e+20	
46	1.55853e+20	
47	1.42378e+20	
48	1.27995e+20	
49	1.21569e+20	
50	1.18386e+20	
51	1.07225e+20	
52	9.28662e+19	
53	8.78667e+19	
54	7.99597e+19	
55	7.1961e+19	
56	6.45813e+19	
57	5.71743e+19	
58	5.62607e+19	
59	5.258e+19	
60	4.94737e+19	
61	4.65392e+19	
62	4.2192e+19	
63	3.76398e+19	
64	3.55005e+19	
65	3.29072e+19	
66	3.20227e+19	
67	3.1274e+19	
68	2.85867e+19	
69	2.64777e+19	
70	2.68863e+19	
71	2.53093e+19	
72	2.54831e+19	
73	2.35955e+19	
74	2.22184e+19	
75	2.12471e+19	
76	1.95087e+19	
77	1.8084e+19	
78	1.71683e+19	
79	1.56274e+19	
80	1.48287e+19	
81	1.45878e+19	
82	1.34837e+19	
83	1.22073e+19	
84	1.13488e+19	
85	1.07558e+19	
86	9.9783e+18	
87	9.43354e+18	
88	9.04466e+18	
89	8.39219e+18	
90	8.05021e+18	
91	7.88879e+18	
92	7.27338e+18	
93	7.05805e+18	
94	6.67374e+18	
95	6.31794e+18	
96	5.92068e+18	
97	5.78972e+18	
98	5.29921e+18	
99	4.97707e+18	
100	4.95358e+18	
101	4.67059e+18	
102	4.42582e+18	
103	4.15048e+18	
104	4.21083e+18	
105	3.95804e+18	
106	3.73319e+18	
107	3.71228e+18	
108	3.45939e+18	
109	3.45799e+18	
110	3.18422e+18	
111	3.17083e+18	
112	3.10219e+18	
113	2.86328e+18	
114	2.8291e+18	
115	2.94693e+18	
116	2.77772e+18	
117	2.64653e+18	
118	2.54495e+18	
119	2.37127e+18	
120	2.23891e+18	
121	2.16867e+18	
122	2.18174e+18	
123	2.09093e+18	
124	2.13638e+18	
125	1.98473e+18	
126	2.0087e+18	
127	2.03893e+18	
128	1.90317e+18	
129	1.82346e+18	
130	1.68808e+18	
131	1.66799e+18	
132	1.62344e+18	
133	1.55803e+18	
134	1.60431e+18	
135	1.57522e+18	
136	1.51624e+18	
137	1.40866e+18	
138	1.42591e+18	
139	1.51974e+18	
140	1.41969e+18	
141	1.38337e+18	
142	1.295e+18	
143	1.21675e+18	
144	1.13341e+18	
145	1.16342e+18	
146	1.1715e+18	
147	1.12059e+18	
148	1.11639e+18	
149	1.1219e+18	
150	1.107e+18	
151	1.0393e+18	
152	9.80001e+17	
153	9.27873e+17	
154	9.27051e+17	
155	9.31906e+17	
156	9.68901e+17	
157	9.63672e+17	
158	9.5326e+17	
159	9.06576e+17	
160	8.95064e+17	
161	8.81692e+17	
162	8.47401e+17	
163	8.42933e+17	
164	8.39838e+17	
165	8.57943e+17	
166	8.53838e+17	
167	8.41934e+17	
168	7.99639e+17	
169	7.91927e+17	
170	7.1381e+17	
171	6.6912e+17	
172	6.34944e+17	
173	6.21216e+17	
174	6.1189e+17	
175	6.05172e+17	
176	6.0255e+17	
177	5.99849e+17	
178	5.82523e+17	
179	5.76197e+17	
180	5.7312e+17	
181	5.4913e+17	
182	4.94571e+17	
183	4.95782e+17	
184	4.93127e+17	
185	4.88542e+17	
186	4.57399e+17	
187	4.53496e+17	
188	4.61216e+17	
189	4.46084e+17	
190	4.32911e+17	
191	4.16223e+17	
192	4.1034e+17	
193	3.94096e+17	
194	3.85377e+17	
195	3.63689e+17	
196	3.62676e+17	
197	3.43998e+17	
198	3.49025e+17	
199	3.38542e+17	
200	3.28584e+17	
201	3.287e+17	
202	3.18352e+17	
203	2.96565e+17	
204	2.82035e+17	
205	2.75103e+17	
206	2.52646e+17	
207	2.33144e+17	
208	2.13963e+17	
209	2.04074e+17	
210	1.99127e+17	
211	1.84325e+17	
212	1.73957e+17	
213	1.68537e+17	
214	1.62257e+17	
215	1.62e+17	
216	1.47334e+17	
217	1.50535e+17	
218	1.49988e+17	
219	1.45943e+17	
220	1.45625e+17	
221	1.41679e+17	
222	1.36985e+17	
223	1.27727e+17	
224	1.19024e+17	
225	1.16368e+17	
226	1.14241e+17	
227	1.14353e+17	
228	1.09978e+17	
229	1.07379e+17	
230	1.05284e+17	
231	1.02883e+17	
232	1.01553e+17	
233	1.03033e+17	
234	1.09634e+17	
235	1.16687e+17	
236	1.21453e+17	
237	1.15557e+17	
238	1.17426e+17	
239	1.10389e+17	
240	1.14356e+17	
241	1.14489e+17	
242	1.22143e+17	
243	1.18896e+17	
244	1.17373e+17	
245	1.18846e+17	
246	1.18847e+17	
247	1.12908e+17	
248	1.02626e+17	
249	9.69287e+16	
250	9.75579e+16	
251	9.71474e+16	
252	9.50398e+16	
253	8.98451e+16	
254	8.88016e+16	
255	8.75751e+16	
256	8.7427e+16	
257	9.07449e+16	
258	9.43285e+16	
259	9.03378e+16	
260	8.80118e+16	
261	9.14303e+16	
262	9.21307e+16	
263	9.20216e+16	
264	9.868e+16	
265	9.72071e+16	
266	9.43075e+16	
267	1.02831e+17	
268	1.10313e+17	
269	1.10412e+17	
270	1.20991e+17	
271	1.35781e+17	
272	1.4269e+17	
273	1.30979e+17	
274	1.11667e+17	
275	1.02219e+17	
276	9.27035e+16	
277	8.10897e+16	
278	7.30763e+16	
279	6.83034e+16	
280	6.75175e+16	
281	6.56133e+16	
282	6.71386e+16	
283	6.62055e+16	
284	6.09784e+16	
285	5.83697e+16	
286	5.5426e+16	
287	5.6671e+16	
288	5.24792e+16	
289	5.3316e+16	
290	5.4129e+16	
291	5.48835e+16	
292	4.9391e+16	
293	4.83568e+16	
294	4.7034e+16	
295	4.33834e+16	
296	4.46158e+16	
297	4.51724e+16	
298	4.7656e+16	
299	4.99198e+16	
300	4.73547e+16	
301	4.66534e+16	
302	4.47454e+16	
303	4.46404e+16	
304	4.33289e+16	
305	4.39359e+16	
306	4.53838e+16	
307	4.67876e+16	
308	4.79961e+16	
309	5.23945e+16	
310	5.49071e+16	
311	5.44114e+16	
312	4.8306e+16	
313	4.68039e+16	
314	4.20123e+16	
315	3.94636e+16	
316	3.86602e+16	
317	4.02077e+16	
318	3.91225e+16	
319	3.99836e+16	
320	4.21419e+16	
321	4.16369e+16	
322	4.02513e+16	
323	3.98622e+16	
324	4.11452e+16	
325	3.98587e+16	
326	3.9629e+16	
327	3.87898e+16	
328	3.9451e+16	
329	4.2519e+16	
330	4.85889e+16	
331	5.09694e+16	
332	5.91147e+16	
333	6.82516e+16	
334	8.18071e+16	
335	1.26469e+17	
336	2.71557e+17	
337	1.48909e+18	
338	6.55271e+18	
339	4.2639e+17	
340	1.71362e+17	
341	1.01364e+17	
342	6.73013e+16	
343	5.45654e+16	
344	5.17058e+16	
345	5.00537e+16	
346	5.36148e+16	
347	6.32779e+16	
348	9.48802e+16	
349	1.85116e+17	
350	5.15384e+17	
351	3.1461e+18	
352	6.08616e+19	
353	1.62742e+18	
354	4.25091e+17	
355	1.5448e+17	
356	5.7487e+16	
357	3.17468e+16	
358	5.52343e+16	
359	1.51653e+17	
360	4.46773e+17	
361	1.28227e+18	
362	7.56138e+18	
363	9.70812e+19	
364	3.38631e+18	
365	1.18928e+18	
366	8.7091e+17	
367	7.05674e+17	
368	7.00832e+17	
369	7.31596e+17	
370	6.3926e+17	
371	5.37231e+17	
372	3.26622e+17	
373	2.09748e+17	
374	1.1471e+17	
375	6.19496e+16	
376	3.92238e+16	
377	3.01581e+16	
378	2.54652e+16	
379	2.23558e+16	
380	2.09395e+16	
381	2.06656e+16	
382	2.06651e+16	
383	2.07555e+16	
384	2.0711e+16	
385	2.19046e+16	
386	2.30802e+16	
387	2.48435e+16	
388	2.58803e+16	
389	2.79932e+16	
390	3.16475e+16	
391	3.02437e+16	
392	3.1007e+16	
393	3.10372e+16	
394	2.53783e+16	
395	2.09943e+16	
396	1.89717e+16	
397	2.0695e+16	
398	2.3556e+16	
399	3.45967e+16	
400	7.23943e+16	
401	8.51898e+17	
402	2.56391e+17	
403	5.59285e+16	
404	3.46025e+16	
405	2.67499e+16	
406	2.26611e+16	
407	2.17587e+16	
408	2.47682e+16	
409	3.27744e+16	
410	5.67814e+16	
411	5.91348e+17	
412	1.80337e+17	
413	4.95483e+16	
414	3.49624e+16	
415	2.86861e+16	
416	2.73664e+16	
417	2.73382e+16	
418	3.06976e+16	
419	3.8418e+16	
420	5.99705e+16	
421	1.55253e+17	
422	1.85698e+18	
423	5.51776e+17	
424	8.90433e+16	
425	3.76687e+16	
426	2.46799e+16	
427	2.22234e+16	
428	2.11688e+16	
429	1.94285e+16	
430	1.86084e+16	
431	1.83902e+16	
432	1.80419e+16	
433	1.79409e+16	
434	1.72036e+16	
435	2.00241e+16	
436	2.92015e+16	
437	6.3504e+16	
438	1.23554e+18	
439	1.4257e+17	
440	3.57327e+16	
441	2.00542e+16	
442	1.77237e+16	
443	1.58418e+16	
444	1.45427e+16	
445	1.34057e+16	
446	1.27026e+16	
447	1.29384e+16	
448	1.24974e+16	
449	1.23824e+16	
450	1.29534e+16	
451	1.37478e+16	
452	1.39716e+16	
453	1.31412e+16	
454	1.25139e+16	
455	1.18732e+16	
456	1.13281e+16	
457	1.14385e+16	
458	1.13816e+16	
459	1.15524e+16	
460	1.2376e+16	
461	1.37621e+16	
462	1.34967e+16	
463	1.23153e+16	
464	1.06062e+16	
465	9.816e+15	
466	9.21239e+15	
467	8.60723e+15	
468	8.40935e+15	
469	8.41586e+15	
470	8.70938e+15	
471	8.61206e+15	
472	8.63726e+15	
473	8.65148e+15	
474	8.41804e+15	
475	8.21646e+15	
476	8.18767e+15	
477	7.69427e+15	
478	7.40298e+15	
479	7.47784e+15	
480	6.86231e+15	
481	7.14741e+15	
482	6.85985e+15	
483	7.0262e+15	
484	7.13649e+15	
485	7.28715e+15	
486	7.65426e+15	
487	7.66519e+15	
488	7.56206e+15	
489	7.20312e+15	
490	6.78324e+15	
491	6.22203e+15	
492	5.84837e+15	
493	5.8323e+15	
494	6.10733e+15	
495	6.88369e+15	
496	6.69098e+15	
497	6.62367e+15	
498	7.23379e+15	
499	7.55719e+15	
500	8.24461e+15	
501	1.07509e+16	
502	1.54567e+16	
503	1.79533e+16	
504	1.52694e+16	
505	1.08756e+16	
506	7.89099e+15	
507	6.01446e+15	
508	5.7009e+15	
509	6.79971e+15	
510	1.10314e+16	
511	2.88332e+16	
512	1.17121e+17	
513	4.13252e+19	
514	9.3268e+16	
515	2.42386e+16	
516	1.04013e+16	
517	7.47087e+15	
518	7.3467e+15	
519	1.011e+16	
520	2.1743e+16	
521	3.47264e+16	
522	3.88426e+16	
523	3.08722e+16	
524	1.64106e+16	
525	1.06615e+16	
526	8.33213e+15	
527	7.03304e+15	
528	5.98661e+15	
529	6.32062e+15	
530	7.54052e+15	
531	1.31568e+16	
532	2.16597e+17	
533	3.54263e+16	
534	7.58881e+15	
535	4.88816e+15	
536	4.32736e+15	
537	4.2446e+15	
538	4.21928e+15	
539	4.40148e+15	
540	4.22876e+15	
541	4.03474e+15	
542	3.75095e+15	
543	3.35343e+15	
544	3.65359e+15	
545	4.70696e+15	
546	8.99109e+15	
547	1.35461e+17	
548	2.22704e+16	
549	5.63408e+15	
550	3.33153e+15	
551	2.68229e+15	
552	2.49762e+15	
553	2.7087e+15	
554	3.19337e+15	
555	5.67772e+15	
556	1.87825e+16	
557	1.66204e+20	
558	1.71618e+16	
559	5.9497e+15	
560	3.57555e+15	
561	2.75474e+15	
562	2.49064e+15	
563	2.74918e+15	
564	3.32294e+15	
565	3.92558e+15	
566	4.89213e+15	
567	4.95568e+15	
568	4.20656e+15	
569	3.58822e+15	
570	3.67255e+15	
571	3.88042e+15	
572	3.73417e+15	
573	3.54872e+15	
574	2.85669e+15	
575	2.36906e+15	
576	2.0797e+15	
577	1.83823e+15	
578	1.74504e+15	
579	1.82634e+15	
580	1.68867e+15	
581	1.60991e+15	
582	1.61422e+15	
583	1.57353e+15	
584	1.53549e+15	
585	1.48434e+15	
586	1.92512e+15	
587	3.23473e+15	
588	1.34334e+16	
589	1.5373e+19	
590	1.41997e+16	
591	4.41281e+15	
592	2.72424e+15	
593	2.25037e+15	
594	2.16167e+15	
595	1.95937e+15	
596	1.59131e+15	
597	1.32713e+15	
598	1.20003e+15	
599	1.25507e+15	
600	1.51612e+15	
601	1.58101e+15	
602	1.65903e+15	
603	1.48701e+15	
604	1.61479e+15	
605	1.80617e+15	
606	2.84935e+15	
607	6.77632e+15	
608	9.07253e+16	
609	2.31537e+16	
610	3.58399e+15	
611	1.8559e+15	
612	1.42232e+15	
613	1.46569e+15	
614	1.60716e+15	
615	1.81676e+15	
616	1.70863e+15	
617	1.66952e+15	
618	1.47115e+15	
619	1.22317e+15	
620	1.79115e+15	
621	5.87561e+15	
622	1.04288e+17	
623	3.4046e+15	
624	1.60385e+15	
625	1.26689e+15	
626	1.19228e+15	
627	1.30774e+15	
628	1.71606e+15	
629	2.23934e+15	
630	2.34253e+15	
631	3.22768e+15	
632	6.95119e+15	
633	7.10265e+16	
634	4.9267e+16	
635	7.31273e+15	
636	2.96416e+15	
637	1.54376e+15	
638	1.05538e+15	
639	9.31205e+14	
640	9.44037e+14	
641	9.65076e+14	
642	1.0989e+15	
643	1.38783e+15	
644	1.44326e+15	
645	1.59275e+15	
646	3.00802e+15	
647	1.36382e+16	
648	1.54887e+17	
649	4.91338e+15	
650	1.62569e+15	
651	9.8021e+14	
652	9.2379e+14	
653	8.14385e+14	
654	7.41609e+14	
655	8.49773e+14	
656	9.13961e+14	
657	8.74134e+14	
658	9.11487e+14	
659	8.49633e+14	
660	7.77577e+14	
661	8.32014e+14	
662	9.07577e+14	
663	9.70226e+14	
664	1.11068e+15	
665	1.55214e+15	
666	1.78987e+15	
667	2.1521e+15	
668	3.26466e+15	
669	2.18276e+16	
670	2.30122e+16	
671	2.69954e+15	
672	1.0982e+15	
673	8.93751e+14	
674	8.45361e+14	
675	8.36304e+14	
676	8.30569e+14	
677	9.68542e+14	
678	9.08195e+14	
679	9.51121e+14	
680	9.46627e+14	
681	9.13362e+14	
682	8.7373e+14	
683	8.52745e+14	
684	8.68643e+14	
685	8.37056e+14	
686	9.36469e+14	
687	9.2271e+14	
688	8.36124e+14	
689	8.40914e+14	
690	8.29245e+14	
691	7.97145e+14	
692	8.18367e+14	
693	7.95223e+14	
694	8.19203e+14	
695	8.3318e+14	
696	9.09102e+14	
697	1.01697e+15	
698	1.04517e+15	
699	1.07283e+15	
700	1.12347e+15	
701	1.16256e+15	
702	1.05865e+15	
703	1.04188e+15	
704	1.06506e+15	
705	1.01241e+15	
706	1.02579e+15	
707	1.05157e+15	
708	1.09163e+15	
709	1.058e+15	
710	1.12979e+15	
711	1.15778e+15	
712	1.11894e+15	
713	1.15214e+15	
714	1.10682e+15	
715	1.06118e+15	
716	9.56039e+14	
717	1.02897e+15	
718	1.07408e+15	
719	1.16365e+15	
720	1.16339e+15	
721	1.18586e+15	
722	9.63804e+14	
723	9.85183e+14	
724	9.58447e+14	
725	9.99794e+14	
726	1.05329e+15	
727	1.06426e+15	
728	1.01635e+15	
729	1.07379e+15	
730	1.11372e+15	
731	1.26915e+15	
732	1.33825e+15	
733	1.31619e+15	
734	1.31773e+15	
735	1.33136e+15	
736	1.61904e+15	
737	1.89754e+15	
738	2.46399e+15	
739	2.10808e+15	
740	1.8063e+15	
741	1.74681e+15	
742	1.82241e+15	
743	1.70805e+15	
744	1.59412e+15	
745	1.32608e+15	
746	1.2844e+15	
747	1.4911e+15	
748	2.05222e+15	
749	2.91418e+15	
750	3.4279e+15	
751	3.16509e+15	
752	2.92936e+15	
753	4.41739e+15	
754	5.45693e+15	
755	4.95585e+15	
756	3.79345e+15	
757	2.65956e+15	
758	1.88911e+15	
759	1.6929e+15	
760	1.75314e+15	
761	1.48641e+15	
762	1.39027e+15	
763	1.32191e+15	
764	1.33349e+15	
765	1.43967e+15	
766	1.41292e+15	
767	1.72844e+15	
768	1.9981e+15	
769	2.22292e+15	
770	2.33232e+15	
771	3.84057e+15	
772	1.74165e+16	
773	7.49865e+16	
774	6.07993e+15	
775	2.68197e+15	
776	2.00425e+15	
777	1.7628e+15	
778	2.14062e+15	
779	1.98121e+15	
780	2.16344e+15	
781	2.20087e+15	
782	2.52985e+15	
783	7.434e+15	
784	7.34378e+18	
785	7.37474e+15	
786	3.19138e+15	
787	2.50419e+15	
788	2.57212e+15	
789	2.39452e+15	
790	2.33361e+15	
791	2.21761e+15	
792	2.25444e+15	
793	2.12865e+15	
794	2.02715e+15	
795	1.99126e+15	
796	1.92588e+15	
797	1.94744e+15	
798	2.21818e+15	
799	2.18253e+15	
800	2.55086e+15	
801	4.71372e+15	
802	8.58052e+16	
803	9.23373e+15	
804	2.62406e+15	
805	1.97202e+15	
806	1.82115e+15	
807	1.64291e+15	
808	1.3225e+15	
809	1.34071e+15	
810	1.34731e+15	
811	1.32161e+15	
812	1.32473e+15	
813	1.18654e+15	
814	1.0983e+15	
815	1.16838e+15	
816	1.04403e+15	
817	1.06912e+15	
818	1.024e+15	
819	1.02468e+15	
820	9.5391e+14	
821	9.40945e+14	
822	9.22943e+14	
823	8.65202e+14	
824	9.14459e+14	
825	1.11873e+15	
826	1.69977e+15	
827	3.27881e+15	
828	2.51543e+16	
829	2.78637e+16	
830	3.70607e+15	
831	1.32526e+15	
832	8.03673e+14	
833	8.42337e+14	
834	1.21433e+15	
835	1.35339e+15	
836	1.2484e+15	
837	8.94848e+14	
838	6.93e+14	
839	6.48578e+14	
840	6.83911e+14	
841	6.36683e+14	
842	5.84849e+14	
843	5.10268e+14	
844	4.92294e+14	
845	4.57286e+14	
846	4.80118e+14	
847	4.81531e+14	
848	4.97501e+14	
849	5.33229e+14	
850	5.33394e+14	
851	5.85231e+14	
852	6.5055e+14	
853	9.1912e+14	
854	2.39061e+15	
855	4.95739e+16	
856	1.77425e+15	
857	1.13556e+15	
858	8.24468e+14	
859	7.38685e+14	
860	6.55422e+14	
861	6.47263e+14	
862	6.19439e+14	
863	6.44378e+14	
864	8.76108e+14	
865	1.60503e+15	
866	3.9459e+15	
867	2.99427e+16	
868	1.80914e+16	
869	2.37655e+15	
870	1.05962e+15	
871	7.81859e+14	
872	7.05229e+14	
873	8.94452e+14	
874	1.35835e+15	
875	2.01703e+15	
876	1.44554e+15	
877	9.19837e+14	
878	7.19588e+14	
879	6.45492e+14	
880	5.87447e+14	
881	5.50824e+14	
882	5.94683e+14	
883	7.1011e+14	
884	1.50289e+15	
885	5.72847e+15	
886	7.29589e+17	
887	1.0819e+16	
888	2.63136e+15	
889	1.68308e+15	
890	1.49665e+15	
891	1.20177e+15	
892	1.11553e+15	
893	1.46794e+15	
894	2.66595e+15	
895	3.3789e+16	
896	7.00998e+15	
897	1.3321e+15	
898	8.54099e+14	
899	7.02315e+14	
900	6.94195e+14	
901	7.10702e+14	
902	6.56567e+14	
903	6.26843e+14	
904	6.47757e+14	
905	6.93821e+14	
906	6.53379e+14	
907	6.10845e+14	
908	6.17829e+14	
909	6.70898e+14	
910	6.1435e+14	
911	6.26028e+14	
912	8.34106e+14	
913	8.56652e+14	
914	6.16735e+14	
915	6.00033e+14	
916	5.3207e+14	
917	5.33336e+14	
918	5.59613e+14	
919	4.54085e+14	
920	4.61686e+14	
921	4.08271e+14	
922	4.31735e+14	
923	4.3985e+14	
924	4.41394e+14	
925	3.74324e+14	
926	3.44431e+14	
927	3.77304e+14	
928	3.51555e+14	
929	3.24443e+14	
930	3.1673e+14	
931	3.22239e+14	
932	3.69603e+14	
933	4.57674e+14	
934	4.00122e+14	
935	2.97346e+14	
936	2.55237e+14	
937	2.69737e+14	
938	3.1189e+14	
939	3.78837e+14	
940	3.25862e+14	
941	3.63808e+14	
942	5.35214e+14	
943	5.2264e+14	
944	4.76648e+14	
945	4.59349e+14	
946	5.24567e+14	
947	8.69616e+14	
948	1.89235e+15	
949	3.60422e+15	
950	3.3628e+15	
951	3.79984e+15	
952	2.84837e+15	
953	1.65444e+15	
954	5.67811e+14	
955	3.303e+14	
956	6.423e+14	
957	2.54356e+15	
958	9.55659e+15	
959	5.0088e+17	
960	1.69619e+16	
961	4.04411e+15	
962	1.49114e+15	
963	8.05605e+14	
964	4.56434e+14	
965	3.69408e+14	
966	5.12511e+14	
967	7.74522e+14	
968	1.63269e+15	
969	1.22471e+16	
970	1.93688e+16	
971	2.43156e+15	
972	1.1419e+15	
973	5.70552e+14	
974	4.18126e+14	
975	4.57871e+14	
976	5.42772e+14	
977	6.0338e+14	
978	7.12402e+14	
979	7.17575e+14	
980	8.18791e+14	
981	7.69104e+14	
982	6.82379e+14	
983	5.49772e+14	
984	5.32194e+14	
985	6.24949e+14	
986	1.44859e+15	
987	1.03426e+16	
988	1.43845e+16	
989	1.49002e+15	
990	7.88149e+14	
991	8.02115e+14	
992	5.97339e+14	
993	5.64861e+14	
994	8.14004e+14	
995	1.31913e+16	
996	1.65357e+15	
997	6.22979e+14	
998	5.22098e+14	
999	4.48779e+14	
1000	4.08095e+14	
1001	3.84009e+14	
1002	4.21676e+14	
1003	4.33412e+14	
1004	5.00379e+14	
1005	5.17004e+14	
1006	3.43931e+14	
1007	3.03332e+14	
1008	3.00552e+14	
1009	2.75817e+14	
1010	2.69369e+14	
1011	2.75179e+14	
1012	2.33974e+14	
1013	2.06747e+14	
1014	2.17986e+14	
1015	1.89498e+14	
1016	1.71026e+14	
1017	1.64836e+14	
1018	1.79971e+14	
1019	1.75595e+14	
1020	1.85019e+14	
1021	2.33579e+14	
1022	3.13266e+14	
1023	6.5377e+14	
1024	7.17414e+16	
1025	4.56093e+14	
1026	2.05827e+14	
1027	1.60559e+14	
1028	1.60701e+14	
1029	1.51511e+14	
1030	1.6931e+14	
1031	1.40276e+14	
1032	1.57454e+14	
1033	1.57431e+14	
1034	1.65522e+14	
1035	1.79774e+14	
1036	1.58049e+14	
1037	1.62787e+14	
1038	1.86806e+14	
1039	2.11955e+14	
1040	2.41599e+14	
1041	3.20482e+14	
1042	7.9166e+14	
1043	2.62982e+17	
1044	7.99224e+14	
1045	3.06771e+14	
1046	2.05966e+14	
1047	2.2119e+14	
1048	1.97533e+14	
1049	1.91441e+14	
1050	1.62236e+14	
1051	1.70546e+14	
1052	1.74511e+14	
1053	1.58275e+14	
1054	1.78542e+14	
1055	1.88155e+14	
1056	2.15546e+14	
1057	2.58447e+14	
1058	4.17946e+14	
1059	1.88118e+15	
1060	2.5594e+18	
1061	2.81265e+15	
1062	9.90405e+14	
1063	4.6368e+14	
1064	3.2917e+14	
1065	2.3927e+14	
1066	1.91233e+14	
1067	2.22453e+14	
1068	2.05603e+14	
1069	1.9437e+14	
1070	2.09563e+14	
1071	2.21444e+14	
1072	2.56643e+14	
1073	2.58429e+14	
1074	2.98454e+14	
1075	3.3912e+14	
1076	4.25763e+14	
1077	3.23876e+14	
1078	3.19953e+14	
1079	3.24545e+14	
1080	3.27928e+14	
1081	2.83899e+14	
1082	3.06863e+14	
1083	2.56328e+14	
1084	2.21993e+14	
1085	2.16317e+14	
1086	2.091e+14	
1087	1.82358e+14	
1088	1.72776e+14	
1089	1.79344e+14	
1090	1.50702e+14	
1091	1.3643e+14	
1092	1.28894e+14	
1093	1.40293e+14	
1094	1.76076e+14	
1095	1.83536e+14	
1096	1.63678e+14	
1097	1.65505e+14	
1098	1.83841e+14	
1099	1.70573e+14	
1100	1.58e+14	
1101	1.69089e+14	
1102	1.58283e+14	
1103	1.50769e+14	
1104	1.62433e+14	
1105	1.4727e+14	
1106	1.42488e+14	
1107	1.38182e+14	
1108	1.48701e+14	
1109	1.37151e+14	
1110	1.13358e+14	
1111	1.41321e+14	
1112	2.10963e+14	
1113	4.01732e+14	
1114	2.10215e+15	
1115	3.81534e+15	
1116	4.65876e+14	
1117	1.89566e+14	
1118	1.39228e+14	
1119	1.05089e+14	
1120	1.09591e+14	
1121	9.31976e+13	
1122	6.78418e+13	
1123	6.91551e+13	
1124	6.82961e+13	
1125	6.57287e+13	
1126	5.28305e+13	
1127	8.83789e+13	
1128	1.73285e+14	
1129	1.76542e+15	
1130	5.87458e+14	
1131	1.11919e+14	
1132	6.39412e+13	
1133	5.22353e+13	
1134	5.06593e+13	
1135	4.20308e+13	
1136	4.16667e+13	
1137	3.17803e+13	
1138	3.58017e+13	
1139	3.3196e+13	
1140	3.09789e+13	
1141	2.58164e+13	
1142	3.01778e+13	
1143	3.01941e+13	
1144	2.683e+13	
1145	2.50973e+13	
1146	2.53974e+13	
1147	2.15105e+13	
1148	1.73374e+13	
1149	2.0194e+13	
1150	1.81658e+13	
1151	2.1892e+13	
1152	3.91939e+13	
1153	5.98238e+13	
1154	7.56371e+13	
1155	1.23526e+14	
1156	1.38881e+14	
1157	1.14084e+14	
1158	2.04116e+14	
1159	2.07983e+14	
1160	1.25661e+14	
1161	7.47011e+13	
1162	2.33454e+13	
1163	2.37878e+13	
1164	1.47856e+14	
1165	1.15609e+15	
1166	1.3456e+16	
1167	4.17999e+15	
1168	5.06343e+14	
1169	1.20452e+14	
1170	4.26322e+13	
1171	1.99138e+13	
1172	1.25401e+13	
1173	1.89551e+13	
1174	2.86399e+13	
1175	3.13331e+13	
1176	6.44873e+13	
1177	1.26522e+14	
1178	7.91078e+13	
1179	7.38824e+13	
1180	8.81692e+13	
1181	5.94472e+13	
1182	3.61997e+13	
1183	3.6426e+13	
1184	2.03575e+13	
1185	1.68664e+13	
1186	1.5225e+13	
1187	1.42192e+13	
1188	1.17658e+13	
1189	1.24416e+13	
1190	1.25534e+13	
1191	1.17339e+13	
1192	1.18595e+13	
1193	1.31426e+13	
1194	1.14328e+13	
1195	1.1224e+13	
1196	1.22134e+13	
1197	1.39036e+13	
1198	1.39396e+13	
1199	1.71245e+13	
1200	1.37658e+13	
1201	1.27317e+13	
1202	1.30887e+13	
1203	1.40123e+13	
1204	1.28194e+13	
1205	1.60365e+13	
1206	3.25732e+13	
1207	3.66092e+13	
1208	9.79443e+13	
1209	7.79478e+15	
1210	1.57602e+14	
1211	4.56092e+13	
1212	3.84619e+13	
1213	2.80914e+13	
1214	3.39817e+13	
1215	7.44004e+13	
1216	1.4086e+14	
1217	3.14276e+15	
1218	4.02395e+14	
1219	8.18915e+13	
1220	4.38743e+13	
1221	2.79242e+13	
1222	1.49774e+13	
1223	9.09414e+12	
1224	8.22538e+12	
1225	8.87446e+12	
1226	7.9901e+12	
1227	8.5079e+12	
1228	1.01007e+13	
1229	1.00565e+13	
1230	1.05925e+13	
1231	9.41701e+12	
1232	7.34371e+12	
1233	8.66152e+12	
1234	1.096e+13	
1235	8.18303e+12	
1236	1.01602e+13	
1237	1.23197e+13	
1238	9.00659e+12	
1239	6.53937e+12	
1240	9.88695e+12	
1241	1.0662e+13	
1242	6.64889e+12	
1243	8.2996e+12	
1244	1.18063e+13	
1245	6.80859e+12	
1246	4.72472e+12	
1247	5.48161e+12	
1248	5.63073e+12	
1249	5.14132e+12	
1250	6.70052e+12	
1251	1.51944e+13	
1252	3.00699e+14	
1253	2.48919e+13	
1254	8.05429e+12	
1255	5.39528e+12	
1256	5.0799e+12	
1257	5.20159e+12	
1258	4.28437e+12	
1259	4.90201e+12	
1260	1.87531e+13	
1261	7.12323e+13	
1262	7.5502e+12	
1263	6.05315e+12	
1264	5.84238e+12	
1265	5.4184e+12	
1266	5.18412e+12	
1267	5.88685e+12	
1268	5.70728e+12	
1269	6.25771e+12	
1270	5.65814e+12	
1271	6.42618e+12	
1272	6.32628e+12	
1273	7.48445e+12	
1274	9.09539e+12	
1275	8.91507e+12	
1276	1.13448e+13	
1277	1.50429e+13	
1278	2.37282e+13	
1279	2.3127e+13	
1280	2.50439e+13	
1281	4.06026e+13	
1282	4.8995e+13	
1283	3.26411e+13	
1284	2.51141e+13	
1285	2.06476e+13	
1286	3.00094e+13	
1287	5.06752e+13	
1288	9.06813e+13	
1289	5.51083e+14	
1290	2.26063e+15	
1291	1.32859e+14	
1292	6.37357e+13	
1293	5.72666e+13	
1294	5.00119e+13	
1295	3.8378e+13	
1296	4.0115e+13	
1297	3.97696e+13	
1298	3.70637e+13	
1299	2.82502e+13	
1300	3.14069e+13	
1301	3.44653e+13	
1302	3.10812e+13	
1303	3.41165e+13	
1304	4.1071e+13	
1305	4.20615e+13	
1306	4.2506e+13	
1307	3.9341e+13	
1308	3.78571e+13	
1309	3.77722e+13	
1310	4.3466e+13	
1311	4.67939e+13	
1312	4.79388e+13	
1313	5.15591e+13	
1314	5.30491e+13	
1315	5.56557e+13	
1316	4.95209e+13	
1317	5.0915e+13	
1318	6.08223e+13	
1319	6.64972e+13	
1320	5.72287e+13	
1321	6.10122e+13	
1322	7.02969e+13	
1323	7.66592e+13	
1324	7.20256e+13	
1325	7.40317e+13	
1326	8.01352e+13	
1327	7.71279e+13	
1328	9.08544e+13	
1329	1.01726e+14	
1330	1.04847e+14	
1331	1.05848e+14	
1332	9.98695e+13	
1333	9.21513e+13	
1334	9.46413e+13	
1335	1.159e+14	
1336	9.3968e+13	
1337	1.13096e+14	
1338	1.62832e+14	
1339	1.43856e+14	
1340	9.05306e+13	
1341	6.86793e+13	
1342	5.96538e+13	
1343	1.02076e+14	
1344	1.74728e+14	
1345	8.03071e+14	
1346	2.5992e+15	
1347	1.744e+14	
1348	8.82474e+13	
1349	6.57735e+13	
1350	6.19303e+13	
1351	5.38377e+13	
1352	7.2284e+13	
1353	1.04895e+14	
1354	3.78452e+14	
1355	6.56812e+15	
1356	2.04147e+14	
1357	8.67209e+13	
1358	7.8474e+13	
1359	5.553e+13	
1360	4.71949e+13	
1361	4.32975e+13	
1362	5.05679e+13	
1363	4.2133e+13	
1364	4.64371e+13	
1365	8.78904e+13	
1366	3.01178e+14	
1367	3.09487e+20	
1368	3.32433e+14	
1369	1.06146e+14	
1370	8.76089e+13	
1371	9.11429e+13	
1372	9.62619e+13	
1373	1.72972e+14	
1374	4.23426e+14	
1375	1.3208e+15	
1376	2.44767e+16	
1377	8.7056e+15	
1378	1.3914e+15	
1379	5.47877e+14	
1380	2.5234e+14	
1381	2.01952e+14	
1382	2.56161e+14	
1383	2.05103e+14	
1384	1.84661e+14	
1385	2.19904e+14	
1386	1.18135e+15	
1387	9.17724e+15	
1388	4.57577e+14	
1389	1.90184e+14	
1390	7.77034e+13	
1391	9.1863e+13	
1392	1.49637e+14	
1393	2.30478e+14	
1394	2.66839e+14	
1395	2.94549e+14	
1396	6.04421e+14	
1397	7.0151e+14	
1398	6.81571e+14	
1399	5.12703e+14	
1400	3.92407e+14	
1401	1.70957e+14	
1402	8.78997e+13	
1403	6.07714e+13	
1404	6.35627e+13	
1405	5.75556e+13	
1406	4.90579e+13	
1407	5.63924e+13	
1408	6.43431e+13	
1409	6.00174e+13	
1410	6.7346e+13	
1411	8.6865e+13	
1412	7.41607e+13	
1413	8.24699e+13	
1414	1.44968e+14	
1415	4.45327e+14	
1416	2.55763e+15	
1417	1.7027e+14	
1418	1.07602e+14	
1419	8.67802e+13	
1420	7.08407e+13	
1421	7.27141e+13	
1422	7.12669e+13	
1423	8.86392e+13	
1424	1.0235e+14	
1425	1.16508e+14	
1426	1.11535e+14	
1427	1.02773e+14	
1428	9.76711e+13	
1429	9.70631e+13	
1430	1.08375e+14	
1431	9.54516e+13	
1432	1.15924e+14	
1433	1.19826e+14	
1434	1.2434e+14	
1435	9.03797e+13	
1436	8.76751e+13	
1437	7.05219e+13	
1438	5.68885e+13	
1439	4.8081e+13	
1440	4.74391e+13	
1441	5.65706e+13	
1442	4.39834e+13	
1443	4.32265e+13	
1444	4.20951e+13	
1445	4.83062e+13	
1446	4.69233e+13	
1447	4.73269e+13	
1448	4.75648e+13	
1449	3.99788e+13	
1450	5.03539e+13	
1451	9.27556e+13	
1452	2.76126e+14	
1453	9.33067e+17	
1454	2.72686e+14	
1455	9.23257e+13	
1456	6.40652e+13	
1457	6.53956e+13	
1458	5.17405e+13	
1459	4.81534e+13	
1460	3.49715e+13	
1461	3.23308e+13	
1462	3.60791e+13	
1463	3.94742e+13	
1464	5.0548e+13	
1465	6.67524e+13	
1466	4.64495e+13	
1467	3.73267e+13	
1468	3.49917e+13	
1469	3.11612e+13	
1470	3.65109e+13	
1471	3.81882e+13	
1472	3.73188e+13	
1473	3.40998e+13	
1474	3.37467e+13	
1475	4.19831e+13	
1476	4.44249e+13	
1477	4.61151e+13	
1478	4.14725e+13	
1479	4.36169e+13	
1480	7.44091e+13	
1481	9.47442e+13	
1482	5.54289e+14	
1483	7.8097e+14	
1484	1.21646e+14	
1485	6.3951e+13	
1486	6.03053e+13	
1487	6.8293e+13	
1488	7.67976e+13	
1489	9.33711e+13	
1490	8.97386e+13	
1491	1.18392e+14	
1492	1.00586e+14	
1493	1.04057e+14	
1494	1.14373e+14	
1495	1.09884e+14	
1496	1.23882e+14	
1497	1.43641e+14	
1498	2.22675e+14	
1499	3.86777e+14	
1500	4.76616e+15	
1501	2.19956e+15	
1502	3.90375e+14	
1503	1.91246e+14	
1504	1.91714e+14	
1505	1.8001e+14	
1506	1.72776e+14	
1507	1.70554e+14	
1508	1.91798e+14	
1509	2.26019e+14	
1510	2.21897e+14	
1511	2.45304e+14	
1512	2.56506e+14	
1513	2.23678e+14	
1514	2.62577e+14	
1515	2.36654e+14	
1516	2.97553e+14	
1517	2.61518e+14	
1518	2.80115e+14	
1519	3.16921e+14	
1520	2.67863e+14	
1521	2.32962e+14	
1522	2.28397e+14	
1523	2.28151e+14	
1524	2.12732e+14	
1525	2.27676e+14	
1526	1.69177e+14	
1527	2.37159e+14	
1528	1.98146e+14	
1529	1.76755e+14	
1530	1.59687e+14	
1531	1.4807e+14	
1532	1.62418e+14	
1533	1.66003e+14	
1534	1.43739e+14	
1535	1.266e+14	
1536	1.2515e+14	
1537	1.16349e+14	
1538	1.26295e+14	
1539	1.30374e+14	
1540	1.07994e+14	
1541	1.4605e+14	
1542	1.40348e+14	
1543	1.48877e+14	
1544	1.40031e+14	
1545	1.44117e+14	
1546	1.3725e+14	
1547	1.33543e+14	
1548	1.47342e+14	
1549	1.60891e+14	
1550	1.64902e+14	
1551	1.65624e+14	
1552	1.79413e+14	
1553	1.4709e+14	
1554	1.61181e+14	
1555	1.40056e+14	
1556	1.44563e+14	
1557	1.31149e+14	
1558	1.44067e+14	
1559	1.53292e+14	
1560	1.74658e+14	
1561	2.22636e+14	
1562	2.26213e+14	
1563	4.23177e+14	
1564	1.80981e+15	
1565	1.63079e+17	
1566	1.40146e+15	
1567	3.96727e+14	
1568	2.70496e+14	
1569	1.35557e+14	
1570	1.5704e+14	
1571	1.45876e+14	
1572	1.3092e+14	
1573	1.77528e+14	
1574	1.85085e+14	
1575	2.81625e+14	
1576	3.99068e+14	
1577	6.3508e+14	
1578	5.98297e+14	
1579	7.73861e+14	
1580	1.08942e+15	
1581	1.88544e+15	
1582	3.03907e+15	
1583	2.51353e+15	
1584	2.74974e+15	
1585	3.84215e+15	
1586	1.12634e+16	
1587	2.01132e+16	
1588	1.37021e+17	
1589	5.00918e+17	
1590	5.10173e+16	
1591	1.5382e+16	
1592	5.03071e+15	
1593	4.11068e+15	
1594	3.03735e+15	
1595	2.51778e+15	
1596	1.9671e+15	
1597	2.37164e+15	
1598	1.76551e+15	
1599	3.11028e+15	
1600	4.42827e+15	
1601	3.13136e+15	
1602	2.26934e+15	
1603	1.01497e+15	
1604	1.42255e+15	
1605	1.12635e+15	
1606	1.09825e+15	
1607	1.79216e+15	
1608	1.94069e+15	
1609	1.70091e+15	
1610	4.29163e+15	
1611	5.01603e+16	
1612	1.64378e+16	
1613	2.02256e+15	
1614	6.02812e+14	
1615	6.43497e+14	
1616	3.67381e+14	
1617	3.8047e+14	
1618	3.80224e+14	
1619	3.3531e+14	
1620	2.41113e+14	
1621	3.88419e+14	
1622	1.01572e+15	
1623	1.38659e+16	
1624	2.90082e+15	
1625	4.89433e+14	
1626	3.67251e+14	
1627	1.88014e+14	
1628	1.41184e+14	
1629	1.6371e+14	
1630	1.4168e+14	
1631	1.10673e+14	
1632	9.20453e+13	
1633	9.69785e+13	
1634	1.10223e+14	
1635	8.11397e+13	
1636	6.46264e+13	
1637	5.45836e+13	
1638	4.60936e+13	
1639	4.12054e+13	
1640	4.22632e+13	
1641	4.58949e+13	
1642	3.2211e+13	
1643	2.95813e+13	
1644	2.63601e+13	
1645	3.21629e+13	
1646	3.02517e+13	
1647	3.08388e+13	
1648	2.10636e+13	
1649	2.01976e+13	
1650	1.89104e+13	
1651	1.63494e+13	
1652	1.69303e+13	
1653	1.33017e+13	
1654	1.07854e+13	
1655	9.53561e+12	
1656	1.28842e+13	
1657	9.35054e+12	
1658	1.08936e+13	
1659	1.15054e+13	
1660	1.11446e+13	
1661	1.1034e+13	
1662	1.20002e+13	
1663	1.42797e+13	
1664	1.09994e+13	
1665	1.19175e+13	
1666	1.04667e+13	
1667	1.26769e+13	
1668	1.27081e+13	
1669	6.52343e+13	
1670	3.79796e+13	
1671	7.58173e+12	
1672	7.2578e+12	
1673	5.8012e+12	
1674	5.48248e+12	
1675	5.75475e+12	
1676	4.87863e+12	
1677	6.75536e+12	
1678	7.29492e+12	
1679	1.88266e+13	
1680	2.5116e+16	
1681	1.44121e+13	
1682	5.69585e+12	
1683	6.4289e+12	
1684	4.27875e+12	
1685	4.02026e+12	
1686	4.56642e+12	
1687	3.84114e+12	
1688	3.08423e+12	
1689	3.52643e+12	
1690	2.73584e+12	
1691	2.68063e+12	
1692	3.80876e+12	
1693	2.68953e+12	
1694	3.2822e+12	
1695	5.72484e+12	
1696	8.21656e+12	
1697	3.42556e+13	
1698	1.57955e+14	
1699	1.78619e+17	
1700	1.11288e+14	
1701	1.67413e+13	
1702	1.40689e+13	
1703	6.35176e+12	
1704	1.57372e+12	
1705	1.37369e+12	
1706	2.30958e+12	
1707	3.14321e+12	
1708	1.53831e+13	
1709	5.66821e+14	
1710	6.57684e+12	
1711	2.46832e+11	
1712	3.01371e+12	
1713	6.91741e+12	
1714	2.96394e+12	
1715	9.36083e+11	
1716	6.0027e+11	
1717	2.3112e+11	
1718	1.10057e+11	
1719	1.8853e+11	
1720	4.31376e+11	
1721	8.58041e+11	
1722	1.50328e+12	
1723	1.33688e+12	
1724	6.70008e+11	
1725	2.67564e+11	
1726	9.42595e+10	
1727	9.14454e+10	
1728	7.76284e+10	
1729	7.96624e+10	
1730	6.47201e+10	
1731	4.25401e+10	
1732	4.45329e+10	
1733	3.56422e+10	
1734	3.26427e+10	
1735	2.89502e+10	
1736	2.75128e+10	
1737	2.18454e+10	
1738	3.17345e+10	
1739	4.33286e+10	
1740	8.36614e+10	
1741	9.45962e+11	
1742	5.10879e+11	
1743	1.06387e+11	
1744	2.20009e+10	
1745	1.40865e+10	
1746	1.90351e+10	
1747	2.23358e+10	
1748	5.45702e+10	
1749	1.19432e+14	
1750	4.88281e+10	
1751	1.40961e+10	
1752	6.93308e+09	
1753	5.02006e+09	
1754	6.00317e+09	
1755	4.64778e+09	
1756	4.33941e+09	
1757	4.8886e+09	
1758	2.87202e+09	
1759	2.56229e+09	
1760	1.83195e+09	
1761	1.63769e+09	
1762	1.37799e+09	
1763	1.18191e+09	
1764	7.74234e+08	
1765	9.81595e+08	
1766	8.62672e+08	
1767	5.56525e+08	
1768	8.46488e+08	
1769	7.1953e+08	
1770	7.85139e+08	
1771	6.77922e+08	
1772	5.72419e+08	
1773	8.60879e+08	
1774	1.47351e+09	
1775	1.62513e+09	
1776	1.83632e+09	
1777	1.01497e+09	
1778	4.85959e+08	
1779	3.20319e+08	
1780	2.97438e+08	
1781	3.19082e+08	
1782	6.01467e+08	
1783	5.09332e+08	
1784	1.7387e+09	
1785	1.12422e+10	
1786	1.72184e+14	
1787	9.98768e+09	
1788	1.27936e+09	
1789	3.37912e+08	
1790	9.73088e+07	
1791	1.49443e+08	
1792	3.68309e+08	
1793	6.46073e+08	
1794	1.52298e+09	
1795	7.61474e+08	
1796	8.05701e+08	
1797	2.39827e+08	
1798	1.54334e+08	
1799	1.21807e+08	
1800	6.47201e+07	
1801	3.28402e+07	
1802	3.4922e+07	
1803	2.79888e+07	
1804	2.39621e+07	
1805	2.42594e+07	
1806	1.91076e+07	
1807	1.71042e+07	
1808	2.25664e+07	
1809	2.89099e+07	
1810	3.56182e+07	
1811	6.07966e+07	
1812	5.78811e+07	
1813	2.97725e+08	
1814	6.24066e+08	
1815	6.09212e+07	
1816	2.38816e+07	
1817	1.37487e+07	
1818	1.01559e+07	
1819	9.17338e+06	
1820	5.93365e+06	
1821	6.15248e+06	
1822	4.51372e+06	
1823	5.49376e+06	
1824	4.12418e+06	
1825	4.03172e+06	
1826	4.84592e+06	
1827	3.83016e+06	
1828	4.48379e+06	
1829	3.14548e+06	
1830	3.75038e+06	
1831	3.3636e+06	
1832	4.0592e+06	
1833	3.78735e+06	
1834	2.5456e+06	
1835	2.79779e+06	
1836	2.10568e+06	
1837	2.48892e+06	
1838	1.83319e+06	
1839	2.45664e+06	
1840	4.34277e+06	
1841	1.51995e+08	
1842	9.565e+06	
1843	2.4329e+06	
1844	1.47745e+06	
1845	924147	
1846	754237	
1847	639668	
1848	674982	
1849	586021	
1850	635196	
1851	560230	
1852	560785	
1853	437580	
1854	480545	
1855	390845	
1856	409772	
1857	339530	
1858	286197	
1859	322440	
1860	245787	
1861	219956	
1862	164524	
1863	183222	
1864	188118	
1865	147931	
1866	164957	
1867	143338	
1868	165349	
1869	134516	
1870	154932	
1871	170015	
1872	146152	
1873	137565	
1874	130178	
1875	248974	
1876	360236	
1877	962271	
1878	1.14346e+08	
1879	484175	
1880	151417	
1881	87714.9	
1882	71746.9	
1883	71171.1	
1884	64425.8	
1885	68994.8	
1886	61472.2	
1887	72998.4	
1888	113204	
1889	204504	
1890	5.38989e+07	
1891	252616	
1892	142539	
1893	86069.8	
1894	59846.6	
1895	36030.6	
1896	44119.9	
1897	32710.8	
1898	42011.5	
1899	27557	
1900	46954.4	
1901	41525.3	
1902	48100.3	
1903	123171	
1904	299370	
1905	1.03039e+07	
1906	95907.9	
1907	16401.8	
1908	158152	
1909	119011	
1910	39894.6	
1911	23510.9	
1912	11003.6	
1913	9441.63	
1914	5745.79	
1915	4449.4	
1916	3910.73	
1917	3515.82	
1918	2696.27	
1919	2230.79	
1920	1831.19	
1921	1486.95	
1922	1090.27	
1923	1136.23	
1924	924.549	
1925	1114.43	
1926	2783.74	
1927	20503	
1928	1784.55	
1929	878.721	
1930	832.706	
1931	914.787	
1932	1121	
1933	766.63	
1934	1138.41	
1935	680.964	
1936	763.843	
1937	627.788	
1938	590.912	
1939	447.523	
1940	336.734	
1941	458.393	
1942	236.801	
1943	209.029	
1944	161.919	
1945	158.567	
1946	110.287	
1947	137.028	
1948	128.745	
1949	123.257	
1950	97.8155	
1951	133.587	
1952	94.7337	
1953	391.346	
1954	552.15	
1955	1985.89	
1956	22789.5	
1957	878.087	
1958	208.447	
1959	68.8072	
1960	59.7721	
1961	44.5742	
1962	46.512	
1963	41.7969	
1964	75.1997	
1965	69.3719	
1966	105.883	
1967	27.4059	
1968	28.3697	
1969	16.1715	
1970	21.2287	
1971	19.3425	
1972	21.4132	
1973	15.3357	
1974	18.4328	
1975	25.6885	
1976	22.5557	
1977	18.7249	
1978	35.3958	
1979	123.745	
1980	17926.5	
1981	98.7382	
1982	31.7391	
1983	8.20438	
1984	7.83706	
1985	4.78671	
1986	2.85906	
1987	3.34761	
1988	2.68659	
1989	3.45184	
1990	3.62443	
1991	4.51721	
1992	4.54382	
1993	7.85096	
1994	9.66866	
1995	7.97122	
1996	6.60981	
1997	6.42524	
1998	3.52201	
1999	3.7095	
2000	2.10396	
2001	1.35292	
2002	1.0003	
2003	0.65286	
2004	0.707823	
2005	0.549872	
2006	0.75362	
2007	1.56101	
2008	15.907	
2009	5.70339	
2010	0.531166	
2011	0.317955	
2012	0.164727	
2013	0.175389	
2014	0.146488	
2015	0.14959	
2016	0.155596	
2017	0.200586	
2018	0.0813899	
2019	0.099236	
2020	0.0870242	
2021	0.0802608	
2022	0.176414	
2023	0.47239	
2024	44.8053	
2025	0.390508	
2026	0.19685	
2027	0.0681474	
2028	0.0579644	
2029	0.0267529	
2030	0.021641	
2031	0.0175959	
2032	0.0182578	
2033	0.0227084	
2034	0.0388109	
2035	0.0715333	
2036	0.2277	
2037	0.652887	
2038	6.63598	
2039	2.12612	
2040	0.162573	
2041	0.0141911	
2042	0.294018	
2043	0.267633	
2044	0.213693	
2045	0.104702	
2046	0.0485452	
2047	0.0113158	
2048	0.00787761	
# iterates cost: 6.54388
