# Reading DATA...
# Reading Matrix Successfully!
MRSM
0	4.22991e+30
1	3.25534e+29
2	8.09969e+28
3	3.37006e+28
4	1.72444e+28
5	1.00575e+28
6	6.35977e+27
7	4.27795e+27
8	3.01293e+27
9	2.20456e+27
10	1.66331e+27
11	1.28856e+27
12	1.02049e+27
13	8.23986e+26
14	6.76392e+26
15	5.63435e+26
16	4.7533e+26
17	4.05583e+26
18	3.49523e+26
19	3.03918e+26
20	2.66357e+26
21	2.35113e+26
22	2.08855e+26
23	1.86607e+26
24	1.67594e+26
25	1.51233e+26
26	1.37054e+26
27	1.24695e+26
28	1.13857e+26
29	1.04306e+26
30	9.58467e+25
31	8.83229e+25
32	8.1602e+25
33	7.55769e+25
34	7.01554e+25
35	6.5262e+25
36	6.0831e+25
37	5.68079e+25
38	5.31448e+25
39	4.98016e+25
40	4.67428e+25
41	4.39383e+25
42	4.13612e+25
43	3.89886e+25
44	3.68e+25
45	3.47777e+25
46	3.29057e+25
47	3.11701e+25
48	2.95584e+25
49	2.80596e+25
50	2.66637e+25
51	2.5362e+25
52	2.41464e+25
53	2.30098e+25
54	2.19459e+25
55	2.09487e+25
56	2.00132e+25
57	1.91344e+25
58	1.83081e+25
59	1.75304e+25
60	1.67976e+25
61	1.61066e+25
62	1.54543e+25
63	1.4838e+25
64	1.42553e+25
65	1.37038e+25
66	1.31815e+25
67	1.26863e+25
68	1.22166e+25
69	1.17707e+25
70	1.1347e+25
71	1.09442e+25
72	1.0561e+25
73	1.01962e+25
74	9.84867e+24
75	9.51737e+24
76	9.20135e+24
77	8.89974e+24
78	8.61168e+24
79	8.33644e+24
80	8.07327e+24
81	7.82151e+24
82	7.58054e+24
83	7.34977e+24
84	7.12866e+24
85	6.9167e+24
86	6.7134e+24
87	6.51832e+24
88	6.33104e+24
89	6.15116e+24
90	5.97831e+24
91	5.81214e+24
92	5.65233e+24
93	5.49856e+24
94	5.35056e+24
95	5.20803e+24
96	5.07073e+24
97	4.93841e+24
98	4.81084e+24
99	4.68781e+24
100	4.5691e+24
101	4.45453e+24
102	4.34391e+24
103	4.23708e+24
104	4.13385e+24
105	4.03409e+24
106	3.93763e+24
107	3.84435e+24
108	3.7541e+24
109	3.66676e+24
110	3.58222e+24
111	3.50036e+24
112	3.42106e+24
113	3.34423e+24
114	3.26977e+24
115	3.19759e+24
116	3.12759e+24
117	3.0597e+24
118	2.99383e+24
119	2.9299e+24
120	2.86784e+24
121	2.80759e+24
122	2.74907e+24
123	2.69222e+24
124	2.63699e+24
125	2.5833e+24
126	2.53111e+24
127	2.48036e+24
128	2.43101e+24
129	2.383e+24
130	2.33628e+24
131	2.29082e+24
132	2.24657e+24
133	2.20348e+24
134	2.16153e+24
135	2.12066e+24
136	2.08085e+24
137	2.04206e+24
138	2.00426e+24
139	1.96741e+24
140	1.93148e+24
141	1.89645e+24
142	1.86229e+24
143	1.82896e+24
144	1.79645e+24
145	1.76472e+24
146	1.73376e+24
147	1.70353e+24
148	1.67403e+24
149	1.64522e+24
150	1.61708e+24
151	1.5896e+24
152	1.56275e+24
153	1.53652e+24
154	1.51089e+24
155	1.48584e+24
156	1.46135e+24
157	1.43741e+24
158	1.41401e+24
159	1.39112e+24
160	1.36873e+24
161	1.34683e+24
162	1.32541e+24
163	1.30445e+24
164	1.28394e+24
165	1.26387e+24
166	1.24423e+24
167	1.22499e+24
168	1.20616e+24
169	1.18773e+24
170	1.16967e+24
171	1.15199e+24
172	1.13466e+24
173	1.1177e+24
174	1.10107e+24
175	1.08478e+24
176	1.06882e+24
177	1.05317e+24
178	1.03783e+24
179	1.0228e+24
180	1.00806e+24
181	9.93609e+23
182	9.79437e+23
183	9.65539e+23
184	9.51908e+23
185	9.38537e+23
186	9.2542e+23
187	9.12551e+23
188	8.99923e+23
189	8.87532e+23
190	8.75372e+23
191	8.63437e+23
192	8.51722e+23
193	8.40221e+23
194	8.28931e+23
195	8.17845e+23
196	8.0696e+23
197	7.9627e+23
198	7.85772e+23
199	7.75461e+23
200	7.65332e+23
201	7.55383e+23
202	7.45608e+23
203	7.36003e+23
204	7.26566e+23
205	7.17293e+23
206	7.08179e+23
207	6.99221e+23
208	6.90417e+23
209	6.81762e+23
210	6.73254e+23
211	6.64889e+23
212	6.56664e+23
213	6.48577e+23
214	6.40624e+23
215	6.32803e+23
216	6.25111e+23
217	6.17545e+23
218	6.10102e+23
219	6.02781e+23
220	5.95578e+23
221	5.88492e+23
222	5.81519e+23
223	5.74658e+23
224	5.67906e+23
225	5.61262e+23
226	5.54722e+23
227	5.48285e+23
228	5.41949e+23
229	5.35711e+23
230	5.29571e+23
231	5.23526e+23
232	5.17574e+23
233	5.11713e+23
234	5.05942e+23
235	5.00258e+23
236	4.94661e+23
237	4.89149e+23
238	4.83719e+23
239	4.78371e+23
240	4.73102e+23
241	4.67912e+23
242	4.62799e+23
243	4.57761e+23
244	4.52797e+23
245	4.47906e+23
246	4.43087e+23
247	4.38337e+23
248	4.33656e+23
249	4.29043e+23
250	4.24496e+23
251	4.20014e+23
252	4.15596e+23
253	4.1124e+23
254	4.06947e+23
255	4.02714e+23
256	3.9854e+23
257	3.94425e+23
258	3.90367e+23
259	3.86366e+23
260	3.8242e+23
261	3.78528e+23
262	3.7469e+23
263	3.70905e+23
264	3.67171e+23
265	3.63488e+23
266	3.59855e+23
267	3.56271e+23
268	3.52736e+23
269	3.49247e+23
270	3.45806e+23
271	3.4241e+23
272	3.39059e+23
273	3.35753e+23
274	3.3249e+23
275	3.2927e+23
276	3.26093e+23
277	3.22956e+23
278	3.19861e+23
279	3.16805e+23
280	3.1379e+23
281	3.10813e+23
282	3.07874e+23
283	3.04973e+23
284	3.02108e+23
285	2.9928e+23
286	2.96488e+23
287	2.93732e+23
288	2.9101e+23
289	2.88322e+23
290	2.85667e+23
291	2.83046e+23
292	2.80457e+23
293	2.779e+23
294	2.75375e+23
295	2.72881e+23
296	2.70418e+23
297	2.67984e+23
298	2.65581e+23
299	2.63206e+23
300	2.6086e+23
301	2.58543e+23
302	2.56253e+23
303	2.53991e+23
304	2.51756e+23
305	2.49548e+23
306	2.47365e+23
307	2.45209e+23
308	2.43078e+23
309	2.40972e+23
310	2.38891e+23
311	2.36835e+23
312	2.34802e+23
313	2.32793e+23
314	2.30807e+23
315	2.28844e+23
316	2.26904e+23
317	2.24986e+23
318	2.2309e+23
319	2.21216e+23
320	2.19363e+23
321	2.17532e+23
322	2.1572e+23
323	2.1393e+23
324	2.12159e+23
325	2.10409e+23
326	2.08678e+23
327	2.06966e+23
328	2.05273e+23
329	2.03599e+23
330	2.01944e+23
331	2.00307e+23
332	1.98688e+23
333	1.97087e+23
334	1.95503e+23
335	1.93936e+23
336	1.92387e+23
337	1.90854e+23
338	1.89338e+23
339	1.87838e+23
340	1.86355e+23
341	1.84887e+23
342	1.83435e+23
343	1.81998e+23
344	1.80577e+23
345	1.79171e+23
346	1.7778e+23
347	1.76403e+23
348	1.75041e+23
349	1.73693e+23
350	1.72359e+23
351	1.71039e+23
352	1.69733e+23
353	1.68441e+23
354	1.67162e+23
355	1.65896e+23
356	1.64643e+23
357	1.63402e+23
358	1.62175e+23
359	1.6096e+23
360	1.59758e+23
361	1.58567e+23
362	1.57389e+23
363	1.56223e+23
364	1.55068e+23
365	1.53925e+23
366	1.52794e+23
367	1.51673e+23
368	1.50564e+23
369	1.49466e+23
370	1.48379e+23
371	1.47303e+23
372	1.46237e+23
373	1.45182e+23
374	1.44137e+23
375	1.43102e+23
376	1.42078e+23
377	1.41063e+23
378	1.40058e+23
379	1.39063e+23
380	1.38078e+23
381	1.37102e+23
382	1.36135e+23
383	1.35178e+23
384	1.3423e+23
385	1.33291e+23
386	1.32361e+23
387	1.3144e+23
388	1.30527e+23
389	1.29623e+23
390	1.28728e+23
391	1.27841e+23
392	1.26962e+23
393	1.26092e+23
394	1.2523e+23
395	1.24375e+23
396	1.23529e+23
397	1.22691e+23
398	1.2186e+23
399	1.21037e+23
400	1.20221e+23
401	1.19413e+23
402	1.18612e+23
403	1.17819e+23
404	1.17033e+23
405	1.16254e+23
406	1.15482e+23
407	1.14717e+23
408	1.13959e+23
409	1.13208e+23
410	1.12464e+23
411	1.11726e+23
412	1.10995e+23
413	1.1027e+23
414	1.09552e+23
415	1.0884e+23
416	1.08134e+23
417	1.07435e+23
418	1.06742e+23
419	1.06055e+23
420	1.05374e+23
421	1.04699e+23
422	1.04029e+23
423	1.03366e+23
424	1.02708e+23
425	1.02056e+23
426	1.0141e+23
427	1.0077e+23
428	1.00134e+23
429	9.95046e+22
430	9.88803e+22
431	9.82613e+22
432	9.76476e+22
433	9.70391e+22
434	9.64358e+22
435	9.58376e+22
436	9.52445e+22
437	9.46563e+22
438	9.40731e+22
439	9.34948e+22
440	9.29214e+22
441	9.23527e+22
442	9.17888e+22
443	9.12296e+22
444	9.0675e+22
445	9.0125e+22
446	8.95796e+22
447	8.90387e+22
448	8.85022e+22
449	8.79701e+22
450	8.74424e+22
451	8.6919e+22
452	8.63999e+22
453	8.5885e+22
454	8.53743e+22
455	8.48677e+22
456	8.43652e+22
457	8.38668e+22
458	8.33724e+22
459	8.28819e+22
460	8.23954e+22
461	8.19128e+22
462	8.14341e+22
463	8.09591e+22
464	8.04879e+22
465	8.00205e+22
466	7.95568e+22
467	7.90967e+22
468	7.86403e+22
469	7.81874e+22
470	7.77381e+22
471	7.72924e+22
472	7.68501e+22
473	7.64113e+22
474	7.59758e+22
475	7.55438e+22
476	7.51151e+22
477	7.46897e+22
478	7.42677e+22
479	7.38488e+22
480	7.34332e+22
481	7.30208e+22
482	7.26115e+22
483	7.22054e+22
484	7.18024e+22
485	7.14024e+22
486	7.10054e+22
487	7.06115e+22
488	7.02206e+22
489	6.98326e+22
490	6.94475e+22
491	6.90653e+22
492	6.8686e+22
493	6.83095e+22
494	6.79359e+22
495	6.7565e+22
496	6.71969e+22
497	6.68315e+22
498	6.64689e+22
499	6.61089e+22
500	6.57516e+22
501	6.53969e+22
502	6.50448e+22
503	6.46953e+22
504	6.43484e+22
505	6.4004e+22
506	6.36621e+22
507	6.33227e+22
508	6.29858e+22
509	6.26513e+22
510	6.23192e+22
511	6.19896e+22
512	6.16623e+22
513	6.13374e+22
514	6.10148e+22
515	6.06945e+22
516	6.03765e+22
517	6.00608e+22
518	5.97473e+22
519	5.94361e+22
520	5.91271e+22
521	5.88202e+22
522	5.85156e+22
523	5.82131e+22
524	5.79127e+22
525	5.76144e+22
526	5.73183e+22
527	5.70242e+22
528	5.67322e+22
529	5.64422e+22
530	5.61542e+22
531	5.58682e+22
532	5.55842e+22
533	5.53022e+22
534	5.50222e+22
535	5.4744e+22
536	5.44678e+22
537	5.41935e+22
538	5.39211e+22
539	5.36505e+22
540	5.33818e+22
541	5.3115e+22
542	5.28499e+22
543	5.25867e+22
544	5.23252e+22
545	5.20655e+22
546	5.18076e+22
547	5.15514e+22
548	5.12969e+22
549	5.10442e+22
550	5.07931e+22
551	5.05438e+22
552	5.02961e+22
553	5.00501e+22
554	4.98057e+22
555	4.95629e+22
556	4.93217e+22
557	4.90822e+22
558	4.88442e+22
559	4.86078e+22
560	4.8373e+22
561	4.81397e+22
562	4.7908e+22
563	4.76777e+22
564	4.7449e+22
565	4.72218e+22
566	4.6996e+22
567	4.67718e+22
568	4.6549e+22
569	4.63276e+22
570	4.61077e+22
571	4.58892e+22
572	4.56721e+22
573	4.54564e+22
574	4.52421e+22
575	4.50292e+22
576	4.48177e+22
577	4.46075e+22
578	4.43986e+22
579	4.41911e+22
580	4.39849e+22
581	4.37801e+22
582	4.35765e+22
583	4.33742e+22
584	4.31732e+22
585	4.29735e+22
586	4.2775e+22
587	4.25778e+22
588	4.23818e+22
589	4.2187e+22
590	4.19935e+22
591	4.18012e+22
592	4.16101e+22
593	4.14202e+22
594	4.12314e+22
595	4.10439e+22
596	4.08575e+22
597	4.06722e+22
598	4.04881e+22
599	4.03052e+22
600	4.01234e+22
601	3.99426e+22
602	3.9763e+22
603	3.95845e+22
604	3.94071e+22
605	3.92308e+22
606	3.90556e+22
607	3.88814e+22
608	3.87083e+22
609	3.85363e+22
610	3.83652e+22
611	3.81953e+22
612	3.80263e+22
613	3.78584e+22
614	3.76915e+22
615	3.75256e+22
616	3.73606e+22
617	3.71967e+22
618	3.70338e+22
619	3.68718e+22
620	3.67108e+22
621	3.65508e+22
622	3.63917e+22
623	3.62336e+22
624	3.60764e+22
625	3.59201e+22
626	3.57647e+22
627	3.56103e+22
628	3.54568e+22
629	3.53042e+22
630	3.51525e+22
631	3.50017e+22
632	3.48517e+22
633	3.47027e+22
634	3.45545e+22
635	3.44072e+22
636	3.42607e+22
637	3.41151e+22
638	3.39703e+22
639	3.38264e+22
640	3.36833e+22
641	3.3541e+22
642	3.33996e+22
643	3.3259e+22
644	3.31191e+22
645	3.29801e+22
646	3.28419e+22
647	3.27045e+22
648	3.25679e+22
649	3.2432e+22
650	3.22969e+22
651	3.21626e+22
652	3.20291e+22
653	3.18963e+22
654	3.17642e+22
655	3.16329e+22
656	3.15024e+22
657	3.13726e+22
658	3.12435e+22
659	3.11152e+22
660	3.09875e+22
661	3.08606e+22
662	3.07344e+22
663	3.06089e+22
664	3.04841e+22
665	3.036e+22
666	3.02366e+22
667	3.01139e+22
668	2.99919e+22
669	2.98705e+22
670	2.97498e+22
671	2.96298e+22
672	2.95105e+22
673	2.93918e+22
674	2.92737e+22
675	2.91563e+22
676	2.90396e+22
677	2.89235e+22
678	2.8808e+22
679	2.86932e+22
680	2.8579e+22
681	2.84654e+22
682	2.83524e+22
683	2.824e+22
684	2.81283e+22
685	2.80171e+22
686	2.79066e+22
687	2.77967e+22
688	2.76873e+22
689	2.75786e+22
690	2.74704e+22
691	2.73628e+22
692	2.72558e+22
693	2.71494e+22
694	2.70435e+22
695	2.69382e+22
696	2.68335e+22
697	2.67293e+22
698	2.66256e+22
699	2.65226e+22
700	2.642e+22
701	2.63181e+22
702	2.62166e+22
703	2.61157e+22
704	2.60153e+22
705	2.59155e+22
706	2.58162e+22
707	2.57174e+22
708	2.56191e+22
709	2.55214e+22
710	2.54241e+22
711	2.53274e+22
712	2.52311e+22
713	2.51354e+22
714	2.50402e+22
715	2.49454e+22
716	2.48512e+22
717	2.47574e+22
718	2.46642e+22
719	2.45714e+22
720	2.44791e+22
721	2.43873e+22
722	2.42959e+22
723	2.4205e+22
724	2.41146e+22
725	2.40247e+22
726	2.39352e+22
727	2.38461e+22
728	2.37576e+22
729	2.36694e+22
730	2.35818e+22
731	2.34945e+22
732	2.34077e+22
733	2.33214e+22
734	2.32355e+22
735	2.315e+22
736	2.3065e+22
737	2.29804e+22
738	2.28962e+22
739	2.28124e+22
740	2.27291e+22
741	2.26462e+22
742	2.25637e+22
743	2.24816e+22
744	2.23999e+22
745	2.23187e+22
746	2.22378e+22
747	2.21574e+22
748	2.20773e+22
749	2.19977e+22
750	2.19184e+22
751	2.18395e+22
752	2.17611e+22
753	2.1683e+22
754	2.16053e+22
755	2.1528e+22
756	2.1451e+22
757	2.13745e+22
758	2.12983e+22
759	2.12225e+22
760	2.11471e+22
761	2.1072e+22
762	2.09973e+22
763	2.0923e+22
764	2.0849e+22
765	2.07754e+22
766	2.07022e+22
767	2.06293e+22
768	2.05568e+22
769	2.04846e+22
770	2.04128e+22
771	2.03413e+22
772	2.02701e+22
773	2.01994e+22
774	2.01289e+22
775	2.00588e+22
776	1.9989e+22
777	1.99196e+22
778	1.98505e+22
779	1.97817e+22
780	1.97132e+22
781	1.96451e+22
782	1.95773e+22
783	1.95099e+22
784	1.94427e+22
785	1.93759e+22
786	1.93094e+22
787	1.92432e+22
788	1.91773e+22
789	1.91117e+22
790	1.90465e+22
791	1.89815e+22
792	1.89169e+22
793	1.88526e+22
794	1.87885e+22
795	1.87248e+22
796	1.86614e+22
797	1.85982e+22
798	1.85354e+22
799	1.84728e+22
800	1.84106e+22
801	1.83486e+22
802	1.82869e+22
803	1.82256e+22
804	1.81645e+22
805	1.81036e+22
806	1.80431e+22
807	1.79829e+22
808	1.79229e+22
809	1.78632e+22
810	1.78038e+22
811	1.77446e+22
812	1.76857e+22
813	1.76271e+22
814	1.75688e+22
815	1.75107e+22
816	1.74529e+22
817	1.73954e+22
818	1.73381e+22
819	1.72811e+22
820	1.72244e+22
821	1.71679e+22
822	1.71116e+22
823	1.70557e+22
824	1.69999e+22
825	1.69445e+22
826	1.68893e+22
827	1.68343e+22
828	1.67796e+22
829	1.67251e+22
830	1.66709e+22
831	1.66169e+22
832	1.65632e+22
833	1.65097e+22
834	1.64564e+22
835	1.64034e+22
836	1.63506e+22
837	1.62981e+22
838	1.62457e+22
839	1.61937e+22
840	1.61418e+22
841	1.60902e+22
842	1.60388e+22
843	1.59877e+22
844	1.59368e+22
845	1.58861e+22
846	1.58356e+22
847	1.57853e+22
848	1.57353e+22
849	1.56855e+22
850	1.56359e+22
851	1.55865e+22
852	1.55374e+22
853	1.54885e+22
854	1.54397e+22
855	1.53912e+22
856	1.53429e+22
857	1.52948e+22
858	1.5247e+22
859	1.51993e+22
860	1.51518e+22
861	1.51046e+22
862	1.50576e+22
863	1.50107e+22
864	1.49641e+22
865	1.49176e+22
866	1.48714e+22
867	1.48254e+22
868	1.47795e+22
869	1.47339e+22
870	1.46885e+22
871	1.46432e+22
872	1.45982e+22
873	1.45533e+22
874	1.45087e+22
875	1.44642e+22
876	1.44199e+22
877	1.43758e+22
878	1.43319e+22
879	1.42882e+22
880	1.42447e+22
881	1.42014e+22
882	1.41582e+22
883	1.41152e+22
884	1.40724e+22
885	1.40298e+22
886	1.39874e+22
887	1.39451e+22
888	1.39031e+22
889	1.38612e+22
890	1.38195e+22
891	1.37779e+22
892	1.37366e+22
893	1.36954e+22
894	1.36544e+22
895	1.36135e+22
896	1.35728e+22
897	1.35323e+22
898	1.3492e+22
899	1.34518e+22
900	1.34118e+22
901	1.3372e+22
902	1.33324e+22
903	1.32929e+22
904	1.32535e+22
905	1.32143e+22
906	1.31753e+22
907	1.31365e+22
908	1.30978e+22
909	1.30593e+22
910	1.30209e+22
911	1.29827e+22
912	1.29446e+22
913	1.29068e+22
914	1.2869e+22
915	1.28314e+22
916	1.2794e+22
917	1.27567e+22
918	1.27196e+22
919	1.26826e+22
920	1.26458e+22
921	1.26091e+22
922	1.25726e+22
923	1.25362e+22
924	1.25e+22
925	1.24639e+22
926	1.2428e+22
927	1.23922e+22
928	1.23566e+22
929	1.23211e+22
930	1.22857e+22
931	1.22505e+22
932	1.22155e+22
933	1.21805e+22
934	1.21458e+22
935	1.21111e+22
936	1.20766e+22
937	1.20422e+22
938	1.2008e+22
939	1.19739e+22
940	1.194e+22
941	1.19062e+22
942	1.18725e+22
943	1.18389e+22
944	1.18055e+22
945	1.17722e+22
946	1.17391e+22
947	1.1706e+22
948	1.16732e+22
949	1.16404e+22
950	1.16078e+22
951	1.15753e+22
952	1.15429e+22
953	1.15107e+22
954	1.14785e+22
955	1.14466e+22
956	1.14147e+22
957	1.1383e+22
958	1.13513e+22
959	1.13199e+22
960	1.12885e+22
961	1.12573e+22
962	1.12261e+22
963	1.11951e+22
964	1.11643e+22
965	1.11335e+22
966	1.11029e+22
967	1.10723e+22
968	1.10419e+22
969	1.10117e+22
970	1.09815e+22
971	1.09515e+22
972	1.09215e+22
973	1.08917e+22
974	1.0862e+22
975	1.08324e+22
976	1.0803e+22
977	1.07736e+22
978	1.07444e+22
979	1.07152e+22
980	1.06862e+22
981	1.06573e+22
982	1.06285e+22
983	1.05998e+22
984	1.05712e+22
985	1.05428e+22
986	1.05144e+22
987	1.04862e+22
988	1.0458e+22
989	1.043e+22
990	1.0402e+22
991	1.03742e+22
992	1.03465e+22
993	1.03189e+22
994	1.02914e+22
995	1.0264e+22
996	1.02367e+22
997	1.02095e+22
998	1.01824e+22
999	1.01554e+22
1000	1.01285e+22
1001	1.01017e+22
1002	1.0075e+22
1003	1.00484e+22
1004	1.00219e+22
1005	9.99555e+21
1006	9.96926e+21
1007	9.94306e+21
1008	9.91697e+21
1009	9.89097e+21
1010	9.86507e+21
1011	9.83926e+21
1012	9.81355e+21
1013	9.78794e+21
1014	9.76242e+21
1015	9.737e+21
1016	9.71167e+21
1017	9.68643e+21
1018	9.66129e+21
1019	9.63624e+21
1020	9.61128e+21
1021	9.58642e+21
1022	9.56164e+21
1023	9.53696e+21
1024	9.51237e+21
1025	9.48787e+21
1026	9.46346e+21
1027	9.43913e+21
1028	9.4149e+21
1029	9.39076e+21
1030	9.3667e+21
1031	9.34273e+21
1032	9.31885e+21
1033	9.29506e+21
1034	9.27135e+21
1035	9.24773e+21
1036	9.22419e+21
1037	9.20074e+21
1038	9.17738e+21
1039	9.1541e+21
1040	9.1309e+21
1041	9.10779e+21
1042	9.08476e+21
1043	9.06181e+21
1044	9.03895e+21
1045	9.01617e+21
1046	8.99347e+21
1047	8.97085e+21
1048	8.94832e+21
1049	8.92586e+21
1050	8.90349e+21
1051	8.88119e+21
1052	8.85898e+21
1053	8.83684e+21
1054	8.81479e+21
1055	8.79281e+21
1056	8.77091e+21
1057	8.74909e+21
1058	8.72734e+21
1059	8.70567e+21
1060	8.68408e+21
1061	8.66257e+21
1062	8.64113e+21
1063	8.61977e+21
1064	8.59849e+21
1065	8.57728e+21
1066	8.55614e+21
1067	8.53508e+21
1068	8.51409e+21
1069	8.49318e+21
1070	8.47234e+21
1071	8.45157e+21
1072	8.43088e+21
1073	8.41025e+21
1074	8.38971e+21
1075	8.36923e+21
1076	8.34882e+21
1077	8.32849e+21
1078	8.30822e+21
1079	8.28803e+21
1080	8.26791e+21
1081	8.24785e+21
1082	8.22787e+21
1083	8.20796e+21
1084	8.18811e+21
1085	8.16834e+21
1086	8.14863e+21
1087	8.12899e+21
1088	8.10942e+21
1089	8.08991e+21
1090	8.07048e+21
1091	8.05111e+21
1092	8.0318e+21
1093	8.01256e+21
1094	7.99339e+21
1095	7.97429e+21
1096	7.95525e+21
1097	7.93627e+21
1098	7.91736e+21
1099	7.89852e+21
1100	7.87974e+21
1101	7.86102e+21
1102	7.84237e+21
1103	7.82378e+21
1104	7.80525e+21
1105	7.78679e+21
1106	7.76839e+21
1107	7.75005e+21
1108	7.73178e+21
1109	7.71356e+21
1110	7.69541e+21
1111	7.67732e+21
1112	7.65929e+21
1113	7.64132e+21
1114	7.62341e+21
1115	7.60556e+21
1116	7.58777e+21
1117	7.57004e+21
1118	7.55238e+21
1119	7.53477e+21
1120	7.51722e+21
1121	7.49972e+21
1122	7.48229e+21
1123	7.46491e+21
1124	7.4476e+21
1125	7.43034e+21
1126	7.41313e+21
1127	7.39599e+21
1128	7.3789e+21
1129	7.36187e+21
1130	7.3449e+21
1131	7.32798e+21
1132	7.31112e+21
1133	7.29431e+21
1134	7.27756e+21
1135	7.26086e+21
1136	7.24422e+21
1137	7.22764e+21
1138	7.21111e+21
1139	7.19463e+21
1140	7.17821e+21
1141	7.16184e+21
1142	7.14552e+21
1143	7.12926e+21
1144	7.11305e+21
1145	7.0969e+21
1146	7.0808e+21
1147	7.06475e+21
1148	7.04875e+21
1149	7.03281e+21
1150	7.01691e+21
1151	7.00107e+21
1152	6.98528e+21
1153	6.96954e+21
1154	6.95386e+21
1155	6.93822e+21
1156	6.92263e+21
1157	6.9071e+21
1158	6.89161e+21
1159	6.87618e+21
1160	6.86079e+21
1161	6.84546e+21
1162	6.83017e+21
1163	6.81493e+21
1164	6.79974e+21
1165	6.7846e+21
1166	6.76951e+21
1167	6.75447e+21
1168	6.73948e+21
1169	6.72453e+21
1170	6.70963e+21
1171	6.69478e+21
1172	6.67998e+21
1173	6.66522e+21
1174	6.65051e+21
1175	6.63585e+21
1176	6.62123e+21
1177	6.60666e+21
1178	6.59214e+21
1179	6.57766e+21
1180	6.56323e+21
1181	6.54885e+21
1182	6.53451e+21
1183	6.52021e+21
1184	6.50596e+21
1185	6.49176e+21
1186	6.4776e+21
1187	6.46348e+21
1188	6.44941e+21
1189	6.43538e+21
1190	6.4214e+21
1191	6.40746e+21
1192	6.39357e+21
1193	6.37972e+21
1194	6.36591e+21
1195	6.35214e+21
1196	6.33842e+21
1197	6.32474e+21
1198	6.3111e+21
1199	6.29751e+21
1200	6.28396e+21
1201	6.27045e+21
1202	6.25698e+21
1203	6.24355e+21
1204	6.23017e+21
1205	6.21682e+21
1206	6.20352e+21
1207	6.19026e+21
1208	6.17704e+21
1209	6.16386e+21
1210	6.15072e+21
1211	6.13763e+21
1212	6.12457e+21
1213	6.11155e+21
1214	6.09857e+21
1215	6.08563e+21
1216	6.07274e+21
1217	6.05988e+21
1218	6.04706e+21
1219	6.03428e+21
1220	6.02154e+21
1221	6.00884e+21
1222	5.99617e+21
1223	5.98355e+21
1224	5.97096e+21
1225	5.95841e+21
1226	5.9459e+21
1227	5.93343e+21
1228	5.921e+21
1229	5.9086e+21
1230	5.89624e+21
1231	5.88392e+21
1232	5.87163e+21
1233	5.85939e+21
1234	5.84718e+21
1235	5.835e+21
1236	5.82287e+21
1237	5.81076e+21
1238	5.7987e+21
1239	5.78667e+21
1240	5.77468e+21
1241	5.76273e+21
1242	5.7508e+21
1243	5.73892e+21
1244	5.72707e+21
1245	5.71526e+21
1246	5.70348e+21
1247	5.69174e+21
1248	5.68003e+21
1249	5.66836e+21
1250	5.65672e+21
1251	5.64511e+21
1252	5.63354e+21
1253	5.62201e+21
1254	5.61051e+21
1255	5.59904e+21
1256	5.58761e+21
1257	5.57621e+21
1258	5.56484e+21
1259	5.55351e+21
1260	5.54221e+21
1261	5.53094e+21
1262	5.51971e+21
1263	5.50851e+21
1264	5.49735e+21
1265	5.48621e+21
1266	5.47511e+21
1267	5.46404e+21
1268	5.45301e+21
1269	5.442e+21
1270	5.43103e+21
1271	5.42009e+21
1272	5.40918e+21
1273	5.39831e+21
1274	5.38746e+21
1275	5.37665e+21
1276	5.36587e+21
1277	5.35512e+21
1278	5.3444e+21
1279	5.33371e+21
1280	5.32305e+21
1281	5.31243e+21
1282	5.30183e+21
1283	5.29126e+21
1284	5.28073e+21
1285	5.27023e+21
1286	5.25975e+21
1287	5.24931e+21
1288	5.23889e+21
1289	5.22851e+21
1290	5.21816e+21
1291	5.20783e+21
1292	5.19754e+21
1293	5.18727e+21
1294	5.17704e+21
1295	5.16683e+21
1296	5.15665e+21
1297	5.1465e+21
1298	5.13638e+21
1299	5.12629e+21
1300	5.11623e+21
1301	5.1062e+21
1302	5.09619e+21
1303	5.08621e+21
1304	5.07627e+21
1305	5.06635e+21
1306	5.05645e+21
1307	5.04659e+21
1308	5.03675e+21
1309	5.02694e+21
1310	5.01716e+21
1311	5.00741e+21
1312	4.99768e+21
1313	4.98798e+21
1314	4.97831e+21
1315	4.96867e+21
1316	4.95905e+21
1317	4.94946e+21
1318	4.9399e+21
1319	4.93036e+21
1320	4.92085e+21
1321	4.91137e+21
1322	4.90191e+21
1323	4.89248e+21
1324	4.88308e+21
1325	4.8737e+21
1326	4.86435e+21
1327	4.85502e+21
1328	4.84572e+21
1329	4.83645e+21
1330	4.8272e+21
1331	4.81797e+21
1332	4.80878e+21
1333	4.7996e+21
1334	4.79046e+21
1335	4.78134e+21
1336	4.77224e+21
1337	4.76317e+21
1338	4.75412e+21
1339	4.7451e+21
1340	4.7361e+21
1341	4.72713e+21
1342	4.71818e+21
1343	4.70926e+21
1344	4.70036e+21
1345	4.69149e+21
1346	4.68264e+21
1347	4.67381e+21
1348	4.66501e+21
1349	4.65623e+21
1350	4.64748e+21
1351	4.63875e+21
1352	4.63004e+21
1353	4.62136e+21
1354	4.6127e+21
1355	4.60407e+21
1356	4.59545e+21
1357	4.58686e+21
1358	4.5783e+21
1359	4.56976e+21
1360	4.56124e+21
1361	4.55274e+21
1362	4.54427e+21
1363	4.53582e+21
1364	4.52739e+21
1365	4.51898e+21
1366	4.5106e+21
1367	4.50224e+21
1368	4.4939e+21
1369	4.48559e+21
1370	4.47729e+21
1371	4.46902e+21
1372	4.46077e+21
1373	4.45255e+21
1374	4.44434e+21
1375	4.43616e+21
1376	4.428e+21
1377	4.41986e+21
1378	4.41174e+21
1379	4.40364e+21
1380	4.39557e+21
1381	4.38752e+21
1382	4.37948e+21
1383	4.37147e+21
1384	4.36348e+21
1385	4.35552e+21
1386	4.34757e+21
1387	4.33964e+21
1388	4.33174e+21
1389	4.32385e+21
1390	4.31599e+21
1391	4.30814e+21
1392	4.30032e+21
1393	4.29252e+21
1394	4.28474e+21
1395	4.27698e+21
1396	4.26924e+21
1397	4.26152e+21
1398	4.25382e+21
1399	4.24614e+21
1400	4.23847e+21
1401	4.23083e+21
1402	4.22321e+21
1403	4.21561e+21
1404	4.20803e+21
1405	4.20047e+21
1406	4.19293e+21
1407	4.18541e+21
1408	4.17791e+21
1409	4.17042e+21
1410	4.16296e+21
1411	4.15552e+21
1412	4.14809e+21
1413	4.14069e+21
1414	4.1333e+21
1415	4.12593e+21
1416	4.11858e+21
1417	4.11125e+21
1418	4.10394e+21
1419	4.09665e+21
1420	4.08938e+21
1421	4.08212e+21
1422	4.07489e+21
1423	4.06767e+21
1424	4.06047e+21
1425	4.05329e+21
1426	4.04613e+21
1427	4.03898e+21
1428	4.03186e+21
1429	4.02475e+21
1430	4.01766e+21
1431	4.01059e+21
1432	4.00353e+21
1433	3.9965e+21
1434	3.98948e+21
1435	3.98248e+21
1436	3.9755e+21
1437	3.96853e+21
1438	3.96159e+21
1439	3.95466e+21
1440	3.94774e+21
1441	3.94085e+21
1442	3.93397e+21
1443	3.92711e+21
1444	3.92027e+21
1445	3.91344e+21
1446	3.90664e+21
1447	3.89985e+21
1448	3.89307e+21
1449	3.88631e+21
1450	3.87957e+21
1451	3.87285e+21
1452	3.86614e+21
1453	3.85945e+21
1454	3.85278e+21
1455	3.84613e+21
1456	3.83949e+21
1457	3.83286e+21
1458	3.82626e+21
1459	3.81967e+21
1460	3.81309e+21
1461	3.80653e+21
1462	3.79999e+21
1463	3.79347e+21
1464	3.78696e+21
1465	3.78047e+21
1466	3.77399e+21
1467	3.76753e+21
1468	3.76108e+21
1469	3.75465e+21
1470	3.74824e+21
1471	3.74184e+21
1472	3.73546e+21
1473	3.7291e+21
1474	3.72275e+21
1475	3.71641e+21
1476	3.71009e+21
1477	3.70379e+21
1478	3.6975e+21
1479	3.69123e+21
1480	3.68497e+21
1481	3.67873e+21
1482	3.6725e+21
1483	3.66629e+21
1484	3.66009e+21
1485	3.65391e+21
1486	3.64774e+21
1487	3.64159e+21
1488	3.63546e+21
1489	3.62933e+21
1490	3.62323e+21
1491	3.61713e+21
1492	3.61106e+21
1493	3.60499e+21
1494	3.59895e+21
1495	3.59291e+21
1496	3.58689e+21
1497	3.58089e+21
1498	3.5749e+21
1499	3.56892e+21
1500	3.56296e+21
1501	3.55702e+21
1502	3.55108e+21
1503	3.54517e+21
1504	3.53926e+21
1505	3.53337e+21
1506	3.5275e+21
1507	3.52164e+21
1508	3.51579e+21
1509	3.50995e+21
1510	3.50413e+21
1511	3.49833e+21
1512	3.49254e+21
1513	3.48676e+21
1514	3.48099e+21
1515	3.47524e+21
1516	3.46951e+21
1517	3.46378e+21
1518	3.45807e+21
1519	3.45238e+21
1520	3.44669e+21
1521	3.44102e+21
1522	3.43537e+21
1523	3.42972e+21
1524	3.42409e+21
1525	3.41848e+21
1526	3.41288e+21
1527	3.40729e+21
1528	3.40171e+21
1529	3.39615e+21
1530	3.3906e+21
1531	3.38506e+21
1532	3.37953e+21
1533	3.37402e+21
1534	3.36852e+21
1535	3.36304e+21
1536	3.35757e+21
1537	3.35211e+21
1538	3.34666e+21
1539	3.34122e+21
1540	3.3358e+21
1541	3.33039e+21
1542	3.325e+21
1543	3.31961e+21
1544	3.31424e+21
1545	3.30888e+21
1546	3.30354e+21
1547	3.2982e+21
1548	3.29288e+21
1549	3.28757e+21
1550	3.28227e+21
1551	3.27699e+21
1552	3.27171e+21
1553	3.26645e+21
1554	3.26121e+21
1555	3.25597e+21
1556	3.25074e+21
1557	3.24553e+21
1558	3.24033e+21
1559	3.23514e+21
1560	3.22997e+21
1561	3.2248e+21
1562	3.21965e+21
1563	3.21451e+21
1564	3.20938e+21
1565	3.20426e+21
1566	3.19916e+21
1567	3.19406e+21
1568	3.18898e+21
1569	3.18391e+21
1570	3.17885e+21
1571	3.1738e+21
1572	3.16876e+21
1573	3.16374e+21
1574	3.15873e+21
1575	3.15372e+21
1576	3.14873e+21
1577	3.14375e+21
1578	3.13878e+21
1579	3.13383e+21
1580	3.12888e+21
1581	3.12395e+21
1582	3.11902e+21
1583	3.11411e+21
1584	3.10921e+21
1585	3.10432e+21
1586	3.09944e+21
1587	3.09457e+21
1588	3.08972e+21
1589	3.08487e+21
1590	3.08003e+21
1591	3.07521e+21
1592	3.07039e+21
1593	3.06559e+21
1594	3.0608e+21
1595	3.05602e+21
1596	3.05125e+21
1597	3.04649e+21
1598	3.04174e+21
1599	3.037e+21
1600	3.03227e+21
1601	3.02755e+21
1602	3.02284e+21
1603	3.01815e+21
1604	3.01346e+21
1605	3.00878e+21
1606	3.00412e+21
1607	2.99946e+21
1608	2.99482e+21
1609	2.99018e+21
1610	2.98556e+21
1611	2.98094e+21
1612	2.97634e+21
1613	2.97174e+21
1614	2.96716e+21
1615	2.96259e+21
1616	2.95802e+21
1617	2.95347e+21
1618	2.94892e+21
1619	2.94439e+21
1620	2.93987e+21
1621	2.93535e+21
1622	2.93085e+21
1623	2.92635e+21
1624	2.92187e+21
1625	2.91739e+21
1626	2.91293e+21
1627	2.90847e+21
1628	2.90403e+21
1629	2.89959e+21
1630	2.89517e+21
1631	2.89075e+21
1632	2.88634e+21
1633	2.88195e+21
1634	2.87756e+21
1635	2.87318e+21
1636	2.86881e+21
1637	2.86445e+21
1638	2.8601e+21
1639	2.85576e+21
1640	2.85143e+21
1641	2.84711e+21
1642	2.8428e+21
1643	2.83849e+21
1644	2.8342e+21
1645	2.82992e+21
1646	2.82564e+21
1647	2.82138e+21
1648	2.81712e+21
1649	2.81287e+21
1650	2.80863e+21
1651	2.8044e+21
1652	2.80018e+21
1653	2.79597e+21
1654	2.79177e+21
1655	2.78758e+21
1656	2.78339e+21
1657	2.77922e+21
1658	2.77505e+21
1659	2.77089e+21
1660	2.76674e+21
1661	2.7626e+21
1662	2.75847e+21
1663	2.75435e+21
1664	2.75023e+21
1665	2.74613e+21
1666	2.74203e+21
1667	2.73795e+21
1668	2.73387e+21
1669	2.7298e+21
1670	2.72574e+21
1671	2.72168e+21
1672	2.71764e+21
1673	2.7136e+21
1674	2.70957e+21
1675	2.70556e+21
1676	2.70155e+21
1677	2.69754e+21
1678	2.69355e+21
1679	2.68956e+21
1680	2.68559e+21
1681	2.68162e+21
1682	2.67766e+21
1683	2.67371e+21
1684	2.66976e+21
1685	2.66583e+21
1686	2.6619e+21
1687	2.65798e+21
1688	2.65407e+21
1689	2.65017e+21
1690	2.64628e+21
1691	2.64239e+21
1692	2.63851e+21
1693	2.63464e+21
1694	2.63078e+21
1695	2.62692e+21
1696	2.62308e+21
1697	2.61924e+21
1698	2.61541e+21
1699	2.61159e+21
1700	2.60777e+21
1701	2.60397e+21
1702	2.60017e+21
1703	2.59638e+21
1704	2.5926e+21
1705	2.58882e+21
1706	2.58505e+21
1707	2.58129e+21
1708	2.57754e+21
1709	2.5738e+21
1710	2.57006e+21
1711	2.56633e+21
1712	2.56261e+21
1713	2.5589e+21
1714	2.55519e+21
1715	2.5515e+21
1716	2.54781e+21
1717	2.54412e+21
1718	2.54045e+21
1719	2.53678e+21
1720	2.53312e+21
1721	2.52947e+21
1722	2.52582e+21
1723	2.52218e+21
1724	2.51855e+21
1725	2.51493e+21
1726	2.51131e+21
1727	2.50771e+21
1728	2.5041e+21
1729	2.50051e+21
1730	2.49692e+21
1731	2.49334e+21
1732	2.48977e+21
1733	2.48621e+21
1734	2.48265e+21
1735	2.4791e+21
1736	2.47556e+21
1737	2.47202e+21
1738	2.46849e+21
1739	2.46497e+21
1740	2.46145e+21
1741	2.45795e+21
1742	2.45445e+21
1743	2.45095e+21
1744	2.44747e+21
1745	2.44399e+21
1746	2.44051e+21
1747	2.43705e+21
1748	2.43359e+21
1749	2.43014e+21
1750	2.42669e+21
1751	2.42326e+21
1752	2.41982e+21
1753	2.4164e+21
1754	2.41298e+21
1755	2.40957e+21
1756	2.40617e+21
1757	2.40277e+21
1758	2.39938e+21
1759	2.396e+21
1760	2.39262e+21
1761	2.38925e+21
1762	2.38589e+21
1763	2.38253e+21
1764	2.37918e+21
1765	2.37584e+21
1766	2.3725e+21
1767	2.36917e+21
1768	2.36585e+21
1769	2.36253e+21
1770	2.35922e+21
1771	2.35592e+21
1772	2.35262e+21
1773	2.34933e+21
1774	2.34604e+21
1775	2.34277e+21
1776	2.3395e+21
1777	2.33623e+21
1778	2.33297e+21
1779	2.32972e+21
1780	2.32647e+21
1781	2.32323e+21
1782	2.32e+21
1783	2.31677e+21
1784	2.31355e+21
1785	2.31034e+21
1786	2.30713e+21
1787	2.30393e+21
1788	2.30073e+21
1789	2.29755e+21
1790	2.29436e+21
1791	2.29119e+21
1792	2.28801e+21
1793	2.28485e+21
1794	2.28169e+21
1795	2.27854e+21
1796	2.27539e+21
1797	2.27225e+21
1798	2.26912e+21
1799	2.26599e+21
1800	2.26287e+21
1801	2.25976e+21
1802	2.25665e+21
1803	2.25354e+21
1804	2.25044e+21
1805	2.24735e+21
1806	2.24427e+21
1807	2.24119e+21
1808	2.23811e+21
1809	2.23505e+21
1810	2.23198e+21
1811	2.22893e+21
1812	2.22588e+21
1813	2.22283e+21
1814	2.21979e+21
1815	2.21676e+21
1816	2.21374e+21
1817	2.21071e+21
1818	2.2077e+21
1819	2.20469e+21
1820	2.20169e+21
1821	2.19869e+21
1822	2.1957e+21
1823	2.19271e+21
1824	2.18973e+21
1825	2.18675e+21
1826	2.18378e+21
1827	2.18082e+21
1828	2.17786e+21
1829	2.17491e+21
1830	2.17196e+21
1831	2.16902e+21
1832	2.16608e+21
1833	2.16315e+21
1834	2.16023e+21
1835	2.15731e+21
1836	2.1544e+21
1837	2.15149e+21
1838	2.14858e+21
1839	2.14569e+21
1840	2.1428e+21
1841	2.13991e+21
1842	2.13703e+21
1843	2.13415e+21
1844	2.13128e+21
1845	2.12842e+21
1846	2.12556e+21
1847	2.12271e+21
1848	2.11986e+21
1849	2.11701e+21
1850	2.11418e+21
1851	2.11134e+21
1852	2.10852e+21
1853	2.10569e+21
1854	2.10288e+21
1855	2.10007e+21
1856	2.09726e+21
1857	2.09446e+21
1858	2.09166e+21
1859	2.08887e+21
1860	2.08609e+21
1861	2.08331e+21
1862	2.08053e+21
1863	2.07776e+21
1864	2.075e+21
1865	2.07224e+21
1866	2.06949e+21
1867	2.06674e+21
1868	2.06399e+21
1869	2.06125e+21
1870	2.05852e+21
1871	2.05579e+21
1872	2.05307e+21
1873	2.05035e+21
1874	2.04763e+21
1875	2.04493e+21
1876	2.04222e+21
1877	2.03952e+21
1878	2.03683e+21
1879	2.03414e+21
1880	2.03146e+21
1881	2.02878e+21
1882	2.0261e+21
1883	2.02343e+21
1884	2.02077e+21
1885	2.01811e+21
1886	2.01546e+21
1887	2.01281e+21
1888	2.01016e+21
1889	2.00752e+21
1890	2.00489e+21
1891	2.00226e+21
1892	1.99963e+21
1893	1.99701e+21
1894	1.9944e+21
1895	1.99178e+21
1896	1.98918e+21
1897	1.98658e+21
1898	1.98398e+21
1899	1.98139e+21
1900	1.9788e+21
1901	1.97622e+21
1902	1.97364e+21
1903	1.97107e+21
1904	1.9685e+21
1905	1.96593e+21
1906	1.96337e+21
1907	1.96082e+21
1908	1.95827e+21
1909	1.95572e+21
1910	1.95318e+21
1911	1.95065e+21
1912	1.94812e+21
1913	1.94559e+21
1914	1.94307e+21
1915	1.94055e+21
1916	1.93804e+21
1917	1.93553e+21
1918	1.93302e+21
1919	1.93052e+21
1920	1.92803e+21
1921	1.92554e+21
1922	1.92305e+21
1923	1.92057e+21
1924	1.91809e+21
1925	1.91562e+21
1926	1.91315e+21
1927	1.91068e+21
1928	1.90822e+21
1929	1.90577e+21
1930	1.90332e+21
1931	1.90087e+21
1932	1.89843e+21
1933	1.89599e+21
1934	1.89356e+21
1935	1.89113e+21
1936	1.8887e+21
1937	1.88628e+21
1938	1.88387e+21
1939	1.88145e+21
1940	1.87905e+21
1941	1.87664e+21
1942	1.87424e+21
1943	1.87185e+21
1944	1.86946e+21
1945	1.86707e+21
1946	1.86469e+21
1947	1.86231e+21
1948	1.85994e+21
1949	1.85757e+21
1950	1.8552e+21
1951	1.85284e+21
1952	1.85048e+21
1953	1.84813e+21
1954	1.84578e+21
1955	1.84344e+21
1956	1.8411e+21
1957	1.83876e+21
1958	1.83643e+21
1959	1.8341e+21
1960	1.83178e+21
1961	1.82946e+21
1962	1.82714e+21
1963	1.82483e+21
1964	1.82252e+21
1965	1.82022e+21
1966	1.81792e+21
1967	1.81562e+21
1968	1.81333e+21
1969	1.81104e+21
1970	1.80876e+21
1971	1.80648e+21
1972	1.8042e+21
1973	1.80193e+21
1974	1.79966e+21
1975	1.7974e+21
1976	1.79514e+21
1977	1.79288e+21
1978	1.79063e+21
1979	1.78838e+21
1980	1.78614e+21
1981	1.7839e+21
1982	1.78166e+21
1983	1.77943e+21
1984	1.7772e+21
1985	1.77497e+21
1986	1.77275e+21
1987	1.77053e+21
1988	1.76832e+21
1989	1.76611e+21
1990	1.76391e+21
1991	1.7617e+21
1992	1.75951e+21
1993	1.75731e+21
1994	1.75512e+21
1995	1.75293e+21
1996	1.75075e+21
1997	1.74857e+21
1998	1.7464e+21
1999	1.74422e+21
2000	1.74206e+21
2001	1.73989e+21
2002	1.73773e+21
2003	1.73557e+21
2004	1.73342e+21
2005	1.73127e+21
2006	1.72913e+21
2007	1.72698e+21
2008	1.72484e+21
2009	1.72271e+21
2010	1.72058e+21
2011	1.71845e+21
2012	1.71633e+21
2013	1.71421e+21
2014	1.71209e+21
2015	1.70998e+21
2016	1.70787e+21
2017	1.70576e+21
2018	1.70366e+21
2019	1.70156e+21
2020	1.69946e+21
2021	1.69737e+21
2022	1.69528e+21
2023	1.6932e+21
2024	1.69112e+21
2025	1.68904e+21
2026	1.68697e+21
2027	1.6849e+21
2028	1.68283e+21
2029	1.68077e+21
2030	1.67871e+21
2031	1.67665e+21
2032	1.6746e+21
2033	1.67255e+21
2034	1.6705e+21
2035	1.66846e+21
2036	1.66642e+21
2037	1.66438e+21
2038	1.66235e+21
2039	1.66032e+21
2040	1.65829e+21
2041	1.65627e+21
2042	1.65425e+21
2043	1.65224e+21
2044	1.65023e+21
2045	1.64822e+21
2046	1.64621e+21
2047	1.64421e+21
2048	1.64221e+21
2049	1.64022e+21
2050	1.63822e+21
2051	1.63624e+21
2052	1.63425e+21
2053	1.63227e+21
2054	1.63029e+21
2055	1.62831e+21
2056	1.62634e+21
2057	1.62437e+21
2058	1.62241e+21
2059	1.62044e+21
2060	1.61849e+21
2061	1.61653e+21
2062	1.61458e+21
2063	1.61263e+21
2064	1.61068e+21
2065	1.60874e+21
2066	1.6068e+21
2067	1.60486e+21
2068	1.60293e+21
2069	1.601e+21
2070	1.59907e+21
2071	1.59715e+21
2072	1.59523e+21
2073	1.59331e+21
2074	1.5914e+21
2075	1.58949e+21
2076	1.58758e+21
2077	1.58567e+21
2078	1.58377e+21
2079	1.58187e+21
2080	1.57998e+21
2081	1.57809e+21
2082	1.5762e+21
2083	1.57431e+21
2084	1.57243e+21
2085	1.57055e+21
2086	1.56867e+21
2087	1.5668e+21
2088	1.56493e+21
2089	1.56306e+21
2090	1.5612e+21
2091	1.55933e+21
2092	1.55748e+21
2093	1.55562e+21
2094	1.55377e+21
2095	1.55192e+21
2096	1.55007e+21
2097	1.54823e+21
2098	1.54639e+21
2099	1.54455e+21
2100	1.54272e+21
2101	1.54089e+21
2102	1.53906e+21
2103	1.53723e+21
2104	1.53541e+21
2105	1.53359e+21
2106	1.53178e+21
2107	1.52996e+21
2108	1.52815e+21
2109	1.52634e+21
2110	1.52454e+21
2111	1.52274e+21
2112	1.52094e+21
2113	1.51914e+21
2114	1.51735e+21
2115	1.51556e+21
2116	1.51377e+21
2117	1.51199e+21
2118	1.51021e+21
2119	1.50843e+21
2120	1.50665e+21
2121	1.50488e+21
2122	1.50311e+21
2123	1.50134e+21
2124	1.49958e+21
2125	1.49782e+21
2126	1.49606e+21
2127	1.4943e+21
2128	1.49255e+21
2129	1.4908e+21
2130	1.48905e+21
2131	1.48731e+21
2132	1.48556e+21
2133	1.48383e+21
2134	1.48209e+21
2135	1.48036e+21
2136	1.47863e+21
2137	1.4769e+21
2138	1.47517e+21
2139	1.47345e+21
2140	1.47173e+21
2141	1.47001e+21
2142	1.4683e+21
2143	1.46659e+21
2144	1.46488e+21
2145	1.46317e+21
2146	1.46147e+21
2147	1.45977e+21
2148	1.45807e+21
2149	1.45638e+21
2150	1.45468e+21
2151	1.45299e+21
2152	1.45131e+21
2153	1.44962e+21
2154	1.44794e+21
2155	1.44626e+21
2156	1.44458e+21
2157	1.44291e+21
2158	1.44124e+21
2159	1.43957e+21
2160	1.4379e+21
2161	1.43624e+21
2162	1.43458e+21
2163	1.43292e+21
2164	1.43127e+21
2165	1.42961e+21
2166	1.42796e+21
2167	1.42632e+21
2168	1.42467e+21
2169	1.42303e+21
2170	1.42139e+21
2171	1.41975e+21
2172	1.41812e+21
2173	1.41649e+21
2174	1.41486e+21
2175	1.41323e+21
2176	1.4116e+21
2177	1.40998e+21
2178	1.40836e+21
2179	1.40675e+21
2180	1.40513e+21
2181	1.40352e+21
2182	1.40191e+21
2183	1.4003e+21
2184	1.3987e+21
2185	1.3971e+21
2186	1.3955e+21
2187	1.3939e+21
2188	1.39231e+21
2189	1.39072e+21
2190	1.38913e+21
2191	1.38754e+21
2192	1.38596e+21
2193	1.38437e+21
2194	1.38279e+21
2195	1.38122e+21
2196	1.37964e+21
2197	1.37807e+21
2198	1.3765e+21
2199	1.37493e+21
2200	1.37337e+21
2201	1.37181e+21
2202	1.37025e+21
2203	1.36869e+21
2204	1.36713e+21
2205	1.36558e+21
2206	1.36403e+21
2207	1.36248e+21
2208	1.36094e+21
2209	1.35939e+21
2210	1.35785e+21
2211	1.35632e+21
2212	1.35478e+21
2213	1.35325e+21
2214	1.35171e+21
2215	1.35019e+21
2216	1.34866e+21
2217	1.34713e+21
2218	1.34561e+21
2219	1.34409e+21
2220	1.34258e+21
2221	1.34106e+21
2222	1.33955e+21
2223	1.33804e+21
2224	1.33653e+21
2225	1.33502e+21
2226	1.33352e+21
2227	1.33202e+21
2228	1.33052e+21
2229	1.32903e+21
2230	1.32753e+21
2231	1.32604e+21
2232	1.32455e+21
2233	1.32306e+21
2234	1.32158e+21
2235	1.32009e+21
2236	1.31861e+21
2237	1.31714e+21
2238	1.31566e+21
2239	1.31419e+21
2240	1.31271e+21
2241	1.31125e+21
2242	1.30978e+21
2243	1.30831e+21
2244	1.30685e+21
2245	1.30539e+21
2246	1.30393e+21
2247	1.30248e+21
2248	1.30102e+21
2249	1.29957e+21
2250	1.29812e+21
2251	1.29667e+21
2252	1.29523e+21
2253	1.29379e+21
2254	1.29235e+21
2255	1.29091e+21
2256	1.28947e+21
2257	1.28804e+21
2258	1.28661e+21
2259	1.28518e+21
2260	1.28375e+21
2261	1.28232e+21
2262	1.2809e+21
2263	1.27948e+21
2264	1.27806e+21
2265	1.27664e+21
2266	1.27523e+21
2267	1.27381e+21
2268	1.2724e+21
2269	1.271e+21
2270	1.26959e+21
2271	1.26819e+21
2272	1.26678e+21
2273	1.26538e+21
2274	1.26399e+21
2275	1.26259e+21
2276	1.2612e+21
2277	1.2598e+21
2278	1.25841e+21
2279	1.25703e+21
2280	1.25564e+21
2281	1.25426e+21
2282	1.25288e+21
2283	1.2515e+21
2284	1.25012e+21
2285	1.24875e+21
2286	1.24737e+21
2287	1.246e+21
2288	1.24463e+21
2289	1.24327e+21
2290	1.2419e+21
2291	1.24054e+21
2292	1.23918e+21
2293	1.23782e+21
2294	1.23646e+21
2295	1.23511e+21
2296	1.23375e+21
2297	1.2324e+21
2298	1.23106e+21
2299	1.22971e+21
2300	1.22836e+21
2301	1.22702e+21
2302	1.22568e+21
2303	1.22434e+21
2304	1.223e+21
2305	1.22167e+21
2306	1.22034e+21
2307	1.21901e+21
2308	1.21768e+21
2309	1.21635e+21
2310	1.21503e+21
2311	1.2137e+21
2312	1.21238e+21
2313	1.21106e+21
2314	1.20975e+21
2315	1.20843e+21
2316	1.20712e+21
2317	1.20581e+21
2318	1.2045e+21
2319	1.20319e+21
2320	1.20188e+21
2321	1.20058e+21
2322	1.19928e+21
2323	1.19798e+21
2324	1.19668e+21
2325	1.19538e+21
2326	1.19409e+21
2327	1.1928e+21
2328	1.19151e+21
2329	1.19022e+21
2330	1.18893e+21
2331	1.18765e+21
2332	1.18636e+21
2333	1.18508e+21
2334	1.1838e+21
2335	1.18253e+21
2336	1.18125e+21
2337	1.17998e+21
2338	1.17871e+21
2339	1.17744e+21
2340	1.17617e+21
2341	1.1749e+21
2342	1.17364e+21
2343	1.17237e+21
2344	1.17111e+21
2345	1.16985e+21
2346	1.1686e+21
2347	1.16734e+21
2348	1.16609e+21
2349	1.16484e+21
2350	1.16359e+21
2351	1.16234e+21
2352	1.16109e+21
2353	1.15985e+21
2354	1.15861e+21
2355	1.15737e+21
2356	1.15613e+21
2357	1.15489e+21
2358	1.15366e+21
2359	1.15242e+21
2360	1.15119e+21
2361	1.14996e+21
2362	1.14873e+21
2363	1.14751e+21
2364	1.14628e+21
2365	1.14506e+21
2366	1.14384e+21
2367	1.14262e+21
2368	1.1414e+21
2369	1.14018e+21
2370	1.13897e+21
2371	1.13776e+21
2372	1.13655e+21
2373	1.13534e+21
2374	1.13413e+21
2375	1.13293e+21
2376	1.13172e+21
2377	1.13052e+21
2378	1.12932e+21
2379	1.12812e+21
2380	1.12692e+21
2381	1.12573e+21
2382	1.12454e+21
2383	1.12334e+21
2384	1.12215e+21
2385	1.12097e+21
2386	1.11978e+21
2387	1.11859e+21
2388	1.11741e+21
2389	1.11623e+21
2390	1.11505e+21
2391	1.11387e+21
2392	1.1127e+21
2393	1.11152e+21
2394	1.11035e+21
2395	1.10918e+21
2396	1.10801e+21
2397	1.10684e+21
2398	1.10567e+21
2399	1.10451e+21
2400	1.10334e+21
2401	1.10218e+21
2402	1.10102e+21
2403	1.09986e+21
2404	1.09871e+21
2405	1.09755e+21
2406	1.0964e+21
2407	1.09525e+21
2408	1.0941e+21
2409	1.09295e+21
2410	1.0918e+21
2411	1.09066e+21
2412	1.08951e+21
2413	1.08837e+21
2414	1.08723e+21
2415	1.08609e+21
2416	1.08496e+21
2417	1.08382e+21
2418	1.08269e+21
2419	1.08155e+21
2420	1.08042e+21
2421	1.07929e+21
2422	1.07817e+21
2423	1.07704e+21
2424	1.07592e+21
2425	1.07479e+21
2426	1.07367e+21
2427	1.07255e+21
2428	1.07143e+21
2429	1.07032e+21
2430	1.0692e+21
2431	1.06809e+21
2432	1.06698e+21
2433	1.06587e+21
2434	1.06476e+21
2435	1.06365e+21
2436	1.06255e+21
2437	1.06144e+21
2438	1.06034e+21
2439	1.05924e+21
2440	1.05814e+21
2441	1.05704e+21
2442	1.05595e+21
2443	1.05485e+21
2444	1.05376e+21
2445	1.05267e+21
2446	1.05158e+21
2447	1.05049e+21
2448	1.0494e+21
2449	1.04831e+21
2450	1.04723e+21
2451	1.04615e+21
2452	1.04507e+21
2453	1.04399e+21
2454	1.04291e+21
2455	1.04183e+21
2456	1.04076e+21
2457	1.03968e+21
2458	1.03861e+21
2459	1.03754e+21
2460	1.03647e+21
2461	1.0354e+21
2462	1.03434e+21
2463	1.03327e+21
2464	1.03221e+21
2465	1.03115e+21
2466	1.03009e+21
2467	1.02903e+21
2468	1.02797e+21
2469	1.02691e+21
2470	1.02586e+21
2471	1.02481e+21
2472	1.02376e+21
2473	1.02271e+21
2474	1.02166e+21
2475	1.02061e+21
2476	1.01956e+21
2477	1.01852e+21
2478	1.01748e+21
2479	1.01643e+21
2480	1.01539e+21
2481	1.01436e+21
2482	1.01332e+21
2483	1.01228e+21
2484	1.01125e+21
2485	1.01022e+21
2486	1.00918e+21
2487	1.00815e+21
2488	1.00713e+21
2489	1.0061e+21
2490	1.00507e+21
2491	1.00405e+21
2492	1.00303e+21
2493	1.002e+21
2494	1.00098e+21
2495	9.99964e+20
2496	9.98947e+20
2497	9.97931e+20
2498	9.96916e+20
2499	9.95903e+20
2500	9.94891e+20
2501	9.9388e+20
2502	9.92871e+20
2503	9.91863e+20
2504	9.90857e+20
2505	9.89852e+20
2506	9.88848e+20
2507	9.87846e+20
2508	9.86845e+20
2509	9.85846e+20
2510	9.84847e+20
2511	9.8385e+20
2512	9.82855e+20
2513	9.81861e+20
2514	9.80868e+20
2515	9.79877e+20
2516	9.78887e+20
2517	9.77898e+20
2518	9.7691e+20
2519	9.75924e+20
2520	9.7494e+20
2521	9.73956e+20
2522	9.72974e+20
2523	9.71993e+20
2524	9.71014e+20
2525	9.70036e+20
2526	9.69059e+20
2527	9.68084e+20
2528	9.67109e+20
2529	9.66137e+20
2530	9.65165e+20
2531	9.64195e+20
2532	9.63226e+20
2533	9.62258e+20
2534	9.61292e+20
2535	9.60327e+20
2536	9.59364e+20
2537	9.58401e+20
2538	9.5744e+20
2539	9.5648e+20
2540	9.55522e+20
2541	9.54565e+20
2542	9.53609e+20
2543	9.52654e+20
2544	9.51701e+20
2545	9.50749e+20
2546	9.49798e+20
2547	9.48848e+20
2548	9.479e+20
2549	9.46953e+20
2550	9.46008e+20
2551	9.45063e+20
2552	9.4412e+20
2553	9.43178e+20
2554	9.42237e+20
2555	9.41298e+20
2556	9.4036e+20
2557	9.39423e+20
2558	9.38487e+20
2559	9.37553e+20
2560	9.3662e+20
2561	9.35688e+20
2562	9.34757e+20
2563	9.33828e+20
2564	9.329e+20
2565	9.31973e+20
2566	9.31047e+20
2567	9.30123e+20
2568	9.292e+20
2569	9.28278e+20
2570	9.27357e+20
2571	9.26437e+20
2572	9.25519e+20
2573	9.24602e+20
2574	9.23686e+20
2575	9.22771e+20
2576	9.21858e+20
2577	9.20946e+20
2578	9.20035e+20
2579	9.19125e+20
2580	9.18216e+20
2581	9.17309e+20
2582	9.16403e+20
2583	9.15498e+20
2584	9.14594e+20
2585	9.13691e+20
2586	9.1279e+20
2587	9.1189e+20
2588	9.1099e+20
2589	9.10093e+20
2590	9.09196e+20
2591	9.083e+20
2592	9.07406e+20
2593	9.06513e+20
2594	9.05621e+20
2595	9.0473e+20
2596	9.03841e+20
2597	9.02952e+20
2598	9.02065e+20
2599	9.01179e+20
2600	9.00294e+20
2601	8.9941e+20
2602	8.98528e+20
2603	8.97646e+20
2604	8.96766e+20
2605	8.95887e+20
2606	8.95009e+20
2607	8.94132e+20
2608	8.93257e+20
2609	8.92382e+20
2610	8.91509e+20
2611	8.90637e+20
2612	8.89766e+20
2613	8.88896e+20
2614	8.88027e+20
2615	8.87159e+20
2616	8.86293e+20
2617	8.85427e+20
2618	8.84563e+20
2619	8.837e+20
2620	8.82838e+20
2621	8.81977e+20
2622	8.81117e+20
2623	8.80259e+20
2624	8.79401e+20
2625	8.78545e+20
2626	8.7769e+20
2627	8.76836e+20
2628	8.75983e+20
2629	8.75131e+20
2630	8.7428e+20
2631	8.7343e+20
2632	8.72582e+20
2633	8.71734e+20
2634	8.70888e+20
2635	8.70042e+20
2636	8.69198e+20
2637	8.68355e+20
2638	8.67513e+20
2639	8.66672e+20
2640	8.65833e+20
2641	8.64994e+20
2642	8.64156e+20
2643	8.6332e+20
2644	8.62484e+20
2645	8.6165e+20
2646	8.60817e+20
2647	8.59984e+20
2648	8.59153e+20
2649	8.58323e+20
2650	8.57494e+20
2651	8.56666e+20
2652	8.55839e+20
2653	8.55014e+20
2654	8.54189e+20
2655	8.53365e+20
2656	8.52543e+20
2657	8.51721e+20
2658	8.50901e+20
2659	8.50081e+20
2660	8.49263e+20
2661	8.48446e+20
2662	8.47629e+20
2663	8.46814e+20
2664	8.46e+20
2665	8.45187e+20
2666	8.44375e+20
2667	8.43564e+20
2668	8.42754e+20
2669	8.41945e+20
2670	8.41137e+20
2671	8.4033e+20
2672	8.39525e+20
2673	8.3872e+20
2674	8.37916e+20
2675	8.37113e+20
2676	8.36312e+20
2677	8.35511e+20
2678	8.34711e+20
2679	8.33913e+20
2680	8.33115e+20
2681	8.32319e+20
2682	8.31523e+20
2683	8.30729e+20
2684	8.29935e+20
2685	8.29143e+20
2686	8.28351e+20
2687	8.27561e+20
2688	8.26771e+20
2689	8.25983e+20
2690	8.25195e+20
2691	8.24409e+20
2692	8.23623e+20
2693	8.22839e+20
2694	8.22056e+20
2695	8.21273e+20
2696	8.20492e+20
2697	8.19711e+20
2698	8.18932e+20
2699	8.18153e+20
2700	8.17376e+20
2701	8.16599e+20
2702	8.15824e+20
2703	8.15049e+20
2704	8.14276e+20
2705	8.13503e+20
2706	8.12732e+20
2707	8.11961e+20
2708	8.11192e+20
2709	8.10423e+20
2710	8.09655e+20
2711	8.08889e+20
2712	8.08123e+20
2713	8.07358e+20
2714	8.06594e+20
2715	8.05832e+20
2716	8.0507e+20
2717	8.04309e+20
2718	8.03549e+20
2719	8.0279e+20
2720	8.02032e+20
2721	8.01275e+20
2722	8.00519e+20
2723	7.99764e+20
2724	7.9901e+20
2725	7.98256e+20
2726	7.97504e+20
2727	7.96753e+20
2728	7.96002e+20
2729	7.95253e+20
2730	7.94504e+20
2731	7.93757e+20
2732	7.9301e+20
2733	7.92265e+20
2734	7.9152e+20
2735	7.90776e+20
2736	7.90033e+20
2737	7.89291e+20
2738	7.8855e+20
2739	7.8781e+20
2740	7.87071e+20
2741	7.86333e+20
2742	7.85596e+20
2743	7.84859e+20
2744	7.84124e+20
2745	7.83389e+20
2746	7.82656e+20
2747	7.81923e+20
2748	7.81191e+20
2749	7.80461e+20
2750	7.79731e+20
2751	7.79002e+20
2752	7.78273e+20
2753	7.77546e+20
2754	7.7682e+20
2755	7.76095e+20
2756	7.7537e+20
2757	7.74647e+20
2758	7.73924e+20
2759	7.73202e+20
2760	7.72481e+20
2761	7.71761e+20
2762	7.71042e+20
2763	7.70324e+20
2764	7.69607e+20
2765	7.6889e+20
2766	7.68175e+20
2767	7.6746e+20
2768	7.66747e+20
2769	7.66034e+20
2770	7.65322e+20
2771	7.64611e+20
2772	7.63901e+20
2773	7.63191e+20
2774	7.62483e+20
2775	7.61775e+20
2776	7.61069e+20
2777	7.60363e+20
2778	7.59658e+20
2779	7.58954e+20
2780	7.58251e+20
2781	7.57549e+20
2782	7.56847e+20
2783	7.56147e+20
2784	7.55447e+20
2785	7.54748e+20
2786	7.5405e+20
2787	7.53353e+20
2788	7.52657e+20
2789	7.51962e+20
2790	7.51267e+20
2791	7.50573e+20
2792	7.49881e+20
2793	7.49189e+20
2794	7.48498e+20
2795	7.47807e+20
2796	7.47118e+20
2797	7.46429e+20
2798	7.45742e+20
2799	7.45055e+20
2800	7.44369e+20
2801	7.43684e+20
2802	7.43e+20
2803	7.42316e+20
2804	7.41633e+20
2805	7.40952e+20
2806	7.40271e+20
2807	7.39591e+20
2808	7.38911e+20
2809	7.38233e+20
2810	7.37555e+20
2811	7.36879e+20
2812	7.36203e+20
2813	7.35527e+20
2814	7.34853e+20
2815	7.3418e+20
2816	7.33507e+20
2817	7.32835e+20
2818	7.32164e+20
2819	7.31494e+20
2820	7.30825e+20
2821	7.30156e+20
2822	7.29489e+20
2823	7.28822e+20
2824	7.28156e+20
2825	7.2749e+20
2826	7.26826e+20
2827	7.26162e+20
2828	7.25499e+20
2829	7.24837e+20
2830	7.24176e+20
2831	7.23516e+20
2832	7.22856e+20
2833	7.22197e+20
2834	7.21539e+20
2835	7.20882e+20
2836	7.20226e+20
2837	7.1957e+20
2838	7.18915e+20
2839	7.18261e+20
2840	7.17608e+20
2841	7.16956e+20
2842	7.16304e+20
2843	7.15653e+20
2844	7.15003e+20
2845	7.14354e+20
2846	7.13705e+20
2847	7.13058e+20
2848	7.12411e+20
2849	7.11765e+20
2850	7.11119e+20
2851	7.10475e+20
2852	7.09831e+20
2853	7.09188e+20
2854	7.08546e+20
2855	7.07905e+20
2856	7.07264e+20
2857	7.06624e+20
2858	7.05985e+20
2859	7.05347e+20
2860	7.04709e+20
2861	7.04072e+20
2862	7.03436e+20
2863	7.02801e+20
2864	7.02166e+20
2865	7.01533e+20
2866	7.009e+20
2867	7.00268e+20
2868	6.99636e+20
2869	6.99006e+20
2870	6.98376e+20
2871	6.97746e+20
2872	6.97118e+20
2873	6.9649e+20
2874	6.95864e+20
2875	6.95237e+20
2876	6.94612e+20
2877	6.93987e+20
2878	6.93364e+20
2879	6.9274e+20
2880	6.92118e+20
2881	6.91496e+20
2882	6.90876e+20
2883	6.90255e+20
2884	6.89636e+20
2885	6.89017e+20
2886	6.88399e+20
2887	6.87782e+20
2888	6.87166e+20
2889	6.8655e+20
2890	6.85935e+20
2891	6.85321e+20
2892	6.84708e+20
2893	6.84095e+20
2894	6.83483e+20
2895	6.82871e+20
2896	6.82261e+20
2897	6.81651e+20
2898	6.81042e+20
2899	6.80434e+20
2900	6.79826e+20
2901	6.79219e+20
2902	6.78613e+20
2903	6.78007e+20
2904	6.77403e+20
2905	6.76799e+20
2906	6.76195e+20
2907	6.75593e+20
2908	6.74991e+20
2909	6.7439e+20
2910	6.73789e+20
2911	6.7319e+20
2912	6.72591e+20
2913	6.71992e+20
2914	6.71395e+20
2915	6.70798e+20
2916	6.70202e+20
2917	6.69606e+20
2918	6.69011e+20
2919	6.68417e+20
2920	6.67824e+20
2921	6.67231e+20
2922	6.6664e+20
2923	6.66048e+20
2924	6.65458e+20
2925	6.64868e+20
2926	6.64279e+20
2927	6.6369e+20
2928	6.63103e+20
2929	6.62516e+20
2930	6.61929e+20
2931	6.61344e+20
2932	6.60759e+20
2933	6.60174e+20
2934	6.59591e+20
2935	6.59008e+20
2936	6.58426e+20
2937	6.57844e+20
2938	6.57263e+20
2939	6.56683e+20
2940	6.56104e+20
2941	6.55525e+20
2942	6.54947e+20
2943	6.54369e+20
2944	6.53793e+20
2945	6.53217e+20
2946	6.52641e+20
2947	6.52067e+20
2948	6.51493e+20
2949	6.50919e+20
2950	6.50347e+20
2951	6.49775e+20
2952	6.49203e+20
2953	6.48633e+20
2954	6.48063e+20
2955	6.47493e+20
2956	6.46925e+20
2957	6.46357e+20
2958	6.45789e+20
2959	6.45223e+20
2960	6.44657e+20
2961	6.44091e+20
2962	6.43527e+20
2963	6.42963e+20
2964	6.42399e+20
2965	6.41837e+20
2966	6.41275e+20
2967	6.40713e+20
2968	6.40153e+20
2969	6.39593e+20
2970	6.39033e+20
2971	6.38475e+20
2972	6.37917e+20
2973	6.37359e+20
2974	6.36802e+20
2975	6.36246e+20
2976	6.35691e+20
2977	6.35136e+20
2978	6.34582e+20
2979	6.34028e+20
2980	6.33475e+20
2981	6.32923e+20
2982	6.32371e+20
2983	6.3182e+20
2984	6.3127e+20
2985	6.3072e+20
2986	6.30171e+20
2987	6.29623e+20
2988	6.29075e+20
2989	6.28528e+20
2990	6.27982e+20
2991	6.27436e+20
2992	6.26891e+20
2993	6.26346e+20
2994	6.25802e+20
2995	6.25259e+20
2996	6.24716e+20
2997	6.24174e+20
2998	6.23632e+20
2999	6.23092e+20
3000	6.22552e+20
3001	6.22012e+20
3002	6.21473e+20
3003	6.20935e+20
3004	6.20397e+20
3005	6.1986e+20
3006	6.19324e+20
3007	6.18788e+20
3008	6.18253e+20
3009	6.17718e+20
3010	6.17184e+20
3011	6.16651e+20
3012	6.16118e+20
3013	6.15586e+20
3014	6.15054e+20
3015	6.14523e+20
3016	6.13993e+20
3017	6.13464e+20
3018	6.12934e+20
3019	6.12406e+20
3020	6.11878e+20
3021	6.11351e+20
3022	6.10824e+20
3023	6.10298e+20
3024	6.09773e+20
3025	6.09248e+20
3026	6.08724e+20
3027	6.082e+20
3028	6.07677e+20
3029	6.07155e+20
3030	6.06633e+20
3031	6.06112e+20
3032	6.05591e+20
3033	6.05071e+20
3034	6.04552e+20
3035	6.04033e+20
3036	6.03515e+20
3037	6.02997e+20
3038	6.0248e+20
3039	6.01964e+20
3040	6.01448e+20
3041	6.00933e+20
3042	6.00418e+20
3043	5.99904e+20
3044	5.99391e+20
3045	5.98878e+20
3046	5.98366e+20
3047	5.97854e+20
3048	5.97343e+20
3049	5.96832e+20
3050	5.96322e+20
3051	5.95813e+20
3052	5.95304e+20
3053	5.94796e+20
3054	5.94288e+20
3055	5.93781e+20
3056	5.93275e+20
3057	5.92769e+20
3058	5.92263e+20
3059	5.91759e+20
3060	5.91255e+20
3061	5.90751e+20
3062	5.90248e+20
3063	5.89746e+20
3064	5.89244e+20
3065	5.88742e+20
3066	5.88242e+20
3067	5.87741e+20
3068	5.87242e+20
3069	5.86743e+20
3070	5.86244e+20
3071	5.85746e+20
3072	5.85249e+20
3073	5.84752e+20
3074	5.84256e+20
3075	5.83761e+20
3076	5.83265e+20
3077	5.82771e+20
3078	5.82277e+20
3079	5.81784e+20
3080	5.81291e+20
3081	5.80798e+20
3082	5.80307e+20
3083	5.79816e+20
3084	5.79325e+20
3085	5.78835e+20
3086	5.78345e+20
3087	5.77857e+20
3088	5.77368e+20
3089	5.7688e+20
3090	5.76393e+20
3091	5.75906e+20
3092	5.7542e+20
3093	5.74934e+20
3094	5.74449e+20
3095	5.73965e+20
3096	5.73481e+20
3097	5.72997e+20
3098	5.72514e+20
3099	5.72032e+20
3100	5.7155e+20
3101	5.71069e+20
3102	5.70588e+20
3103	5.70108e+20
3104	5.69628e+20
3105	5.69149e+20
3106	5.68671e+20
3107	5.68193e+20
3108	5.67715e+20
3109	5.67238e+20
3110	5.66762e+20
3111	5.66286e+20
3112	5.65811e+20
3113	5.65336e+20
3114	5.64862e+20
3115	5.64388e+20
3116	5.63915e+20
3117	5.63442e+20
3118	5.6297e+20
3119	5.62498e+20
3120	5.62027e+20
3121	5.61556e+20
3122	5.61086e+20
3123	5.60617e+20
3124	5.60148e+20
3125	5.59679e+20
3126	5.59211e+20
3127	5.58744e+20
3128	5.58277e+20
3129	5.57811e+20
3130	5.57345e+20
3131	5.5688e+20
3132	5.56415e+20
3133	5.5595e+20
3134	5.55487e+20
3135	5.55023e+20
3136	5.54561e+20
3137	5.54098e+20
3138	5.53637e+20
3139	5.53176e+20
3140	5.52715e+20
3141	5.52255e+20
3142	5.51795e+20
3143	5.51336e+20
3144	5.50877e+20
3145	5.50419e+20
3146	5.49962e+20
3147	5.49504e+20
3148	5.49048e+20
3149	5.48592e+20
3150	5.48136e+20
3151	5.47681e+20
3152	5.47226e+20
3153	5.46772e+20
3154	5.46319e+20
3155	5.45866e+20
3156	5.45413e+20
3157	5.44961e+20
3158	5.4451e+20
3159	5.44059e+20
3160	5.43608e+20
3161	5.43158e+20
3162	5.42708e+20
3163	5.42259e+20
3164	5.41811e+20
3165	5.41363e+20
3166	5.40915e+20
3167	5.40468e+20
3168	5.40022e+20
3169	5.39576e+20
3170	5.3913e+20
3171	5.38685e+20
3172	5.3824e+20
3173	5.37796e+20
3174	5.37353e+20
3175	5.36909e+20
3176	5.36467e+20
3177	5.36025e+20
3178	5.35583e+20
3179	5.35142e+20
3180	5.34701e+20
3181	5.34261e+20
3182	5.33821e+20
3183	5.33382e+20
3184	5.32943e+20
3185	5.32505e+20
3186	5.32067e+20
3187	5.3163e+20
3188	5.31193e+20
3189	5.30757e+20
3190	5.30321e+20
3191	5.29885e+20
3192	5.2945e+20
3193	5.29016e+20
3194	5.28582e+20
3195	5.28149e+20
3196	5.27716e+20
3197	5.27283e+20
3198	5.26851e+20
3199	5.26419e+20
3200	5.25988e+20
3201	5.25558e+20
3202	5.25128e+20
3203	5.24698e+20
3204	5.24269e+20
3205	5.2384e+20
3206	5.23412e+20
3207	5.22984e+20
3208	5.22557e+20
3209	5.2213e+20
3210	5.21703e+20
3211	5.21277e+20
3212	5.20852e+20
3213	5.20427e+20
3214	5.20002e+20
3215	5.19578e+20
3216	5.19155e+20
3217	5.18732e+20
3218	5.18309e+20
3219	5.17887e+20
3220	5.17465e+20
3221	5.17044e+20
3222	5.16623e+20
3223	5.16202e+20
3224	5.15782e+20
3225	5.15363e+20
3226	5.14944e+20
3227	5.14525e+20
3228	5.14107e+20
3229	5.1369e+20
3230	5.13272e+20
3231	5.12856e+20
3232	5.12439e+20
3233	5.12024e+20
3234	5.11608e+20
3235	5.11193e+20
3236	5.10779e+20
3237	5.10365e+20
3238	5.09951e+20
3239	5.09538e+20
3240	5.09125e+20
3241	5.08713e+20
3242	5.08301e+20
3243	5.0789e+20
3244	5.07479e+20
3245	5.07069e+20
3246	5.06659e+20
3247	5.06249e+20
3248	5.0584e+20
3249	5.05431e+20
3250	5.05023e+20
3251	5.04615e+20
3252	5.04208e+20
3253	5.03801e+20
3254	5.03394e+20
3255	5.02988e+20
3256	5.02583e+20
3257	5.02178e+20
3258	5.01773e+20
3259	5.01369e+20
3260	5.00965e+20
3261	5.00561e+20
3262	5.00159e+20
3263	4.99756e+20
3264	4.99354e+20
3265	4.98952e+20
3266	4.98551e+20
3267	4.9815e+20
3268	4.9775e+20
3269	4.9735e+20
3270	4.9695e+20
3271	4.96551e+20
3272	4.96153e+20
3273	4.95754e+20
3274	4.95357e+20
3275	4.94959e+20
3276	4.94562e+20
3277	4.94166e+20
3278	4.9377e+20
3279	4.93374e+20
3280	4.92979e+20
3281	4.92584e+20
3282	4.9219e+20
3283	4.91796e+20
3284	4.91402e+20
3285	4.91009e+20
3286	4.90616e+20
3287	4.90224e+20
3288	4.89832e+20
3289	4.89441e+20
3290	4.8905e+20
3291	4.88659e+20
3292	4.88269e+20
3293	4.87879e+20
3294	4.8749e+20
3295	4.87101e+20
3296	4.86712e+20
3297	4.86324e+20
3298	4.85937e+20
3299	4.85549e+20
3300	4.85163e+20
3301	4.84776e+20
3302	4.8439e+20
3303	4.84004e+20
3304	4.83619e+20
3305	4.83234e+20
3306	4.8285e+20
3307	4.82466e+20
3308	4.82083e+20
3309	4.81699e+20
3310	4.81317e+20
3311	4.80934e+20
3312	4.80552e+20
3313	4.80171e+20
3314	4.7979e+20
3315	4.79409e+20
3316	4.79029e+20
3317	4.78649e+20
3318	4.78269e+20
3319	4.7789e+20
3320	4.77512e+20
3321	4.77133e+20
3322	4.76755e+20
3323	4.76378e+20
3324	4.76001e+20
3325	4.75624e+20
3326	4.75248e+20
3327	4.74872e+20
3328	4.74497e+20
3329	4.74121e+20
3330	4.73747e+20
3331	4.73372e+20
3332	4.72999e+20
3333	4.72625e+20
3334	4.72252e+20
3335	4.71879e+20
3336	4.71507e+20
3337	4.71135e+20
3338	4.70763e+20
3339	4.70392e+20
3340	4.70022e+20
3341	4.69651e+20
3342	4.69281e+20
3343	4.68912e+20
3344	4.68543e+20
3345	4.68174e+20
3346	4.67805e+20
3347	4.67437e+20
3348	4.6707e+20
3349	4.66703e+20
3350	4.66336e+20
3351	4.65969e+20
3352	4.65603e+20
3353	4.65237e+20
3354	4.64872e+20
3355	4.64507e+20
3356	4.64143e+20
3357	4.63779e+20
3358	4.63415e+20
3359	4.63051e+20
3360	4.62688e+20
3361	4.62326e+20
3362	4.61964e+20
3363	4.61602e+20
3364	4.6124e+20
3365	4.60879e+20
3366	4.60518e+20
3367	4.60158e+20
3368	4.59798e+20
3369	4.59439e+20
3370	4.59079e+20
3371	4.58721e+20
3372	4.58362e+20
3373	4.58004e+20
3374	4.57646e+20
3375	4.57289e+20
3376	4.56932e+20
3377	4.56576e+20
3378	4.56219e+20
3379	4.55863e+20
3380	4.55508e+20
3381	4.55153e+20
3382	4.54798e+20
3383	4.54444e+20
3384	4.5409e+20
3385	4.53736e+20
3386	4.53383e+20
3387	4.5303e+20
3388	4.52678e+20
3389	4.52326e+20
3390	4.51974e+20
3391	4.51622e+20
3392	4.51271e+20
3393	4.50921e+20
3394	4.50571e+20
3395	4.50221e+20
3396	4.49871e+20
3397	4.49522e+20
3398	4.49173e+20
3399	4.48825e+20
3400	4.48476e+20
3401	4.48129e+20
3402	4.47781e+20
3403	4.47434e+20
3404	4.47088e+20
3405	4.46741e+20
3406	4.46395e+20
3407	4.4605e+20
3408	4.45705e+20
3409	4.4536e+20
3410	4.45015e+20
3411	4.44671e+20
3412	4.44327e+20
3413	4.43984e+20
3414	4.43641e+20
3415	4.43298e+20
3416	4.42956e+20
3417	4.42614e+20
3418	4.42272e+20
3419	4.41931e+20
3420	4.4159e+20
3421	4.41249e+20
3422	4.40909e+20
3423	4.40569e+20
3424	4.4023e+20
3425	4.3989e+20
3426	4.39552e+20
3427	4.39213e+20
3428	4.38875e+20
3429	4.38537e+20
3430	4.382e+20
3431	4.37863e+20
3432	4.37526e+20
3433	4.3719e+20
3434	4.36854e+20
3435	4.36518e+20
3436	4.36183e+20
3437	4.35848e+20
3438	4.35513e+20
3439	4.35179e+20
3440	4.34845e+20
3441	4.34511e+20
3442	4.34178e+20
3443	4.33845e+20
3444	4.33512e+20
3445	4.3318e+20
3446	4.32848e+20
3447	4.32517e+20
3448	4.32185e+20
3449	4.31854e+20
3450	4.31524e+20
3451	4.31194e+20
3452	4.30864e+20
3453	4.30534e+20
3454	4.30205e+20
3455	4.29876e+20
3456	4.29548e+20
3457	4.2922e+20
3458	4.28892e+20
3459	4.28564e+20
3460	4.28237e+20
3461	4.2791e+20
3462	4.27584e+20
3463	4.27258e+20
3464	4.26932e+20
3465	4.26606e+20
3466	4.26281e+20
3467	4.25956e+20
3468	4.25632e+20
3469	4.25308e+20
3470	4.24984e+20
3471	4.24661e+20
3472	4.24337e+20
3473	4.24015e+20
3474	4.23692e+20
3475	4.2337e+20
3476	4.23048e+20
3477	4.22727e+20
3478	4.22405e+20
3479	4.22084e+20
3480	4.21764e+20
3481	4.21444e+20
3482	4.21124e+20
3483	4.20804e+20
3484	4.20485e+20
3485	4.20166e+20
3486	4.19848e+20
3487	4.19529e+20
3488	4.19212e+20
3489	4.18894e+20
3490	4.18577e+20
3491	4.1826e+20
3492	4.17943e+20
3493	4.17627e+20
3494	4.17311e+20
3495	4.16995e+20
3496	4.1668e+20
3497	4.16365e+20
3498	4.1605e+20
3499	4.15736e+20
3500	4.15422e+20
3501	4.15108e+20
3502	4.14795e+20
3503	4.14481e+20
3504	4.14169e+20
3505	4.13856e+20
3506	4.13544e+20
3507	4.13232e+20
3508	4.12921e+20
3509	4.12609e+20
3510	4.12299e+20
3511	4.11988e+20
3512	4.11678e+20
3513	4.11368e+20
3514	4.11058e+20
3515	4.10749e+20
3516	4.1044e+20
3517	4.10131e+20
3518	4.09823e+20
3519	4.09515e+20
3520	4.09207e+20
3521	4.089e+20
3522	4.08592e+20
3523	4.08286e+20
3524	4.07979e+20
3525	4.07673e+20
3526	4.07367e+20
3527	4.07062e+20
3528	4.06756e+20
3529	4.06451e+20
3530	4.06147e+20
3531	4.05842e+20
3532	4.05538e+20
3533	4.05234e+20
3534	4.04931e+20
3535	4.04628e+20
3536	4.04325e+20
3537	4.04023e+20
3538	4.0372e+20
3539	4.03419e+20
3540	4.03117e+20
3541	4.02816e+20
3542	4.02515e+20
3543	4.02214e+20
3544	4.01914e+20
3545	4.01613e+20
3546	4.01314e+20
3547	4.01014e+20
3548	4.00715e+20
3549	4.00416e+20
3550	4.00118e+20
3551	3.99819e+20
3552	3.99521e+20
3553	3.99224e+20
3554	3.98926e+20
3555	3.98629e+20
3556	3.98332e+20
3557	3.98036e+20
3558	3.9774e+20
3559	3.97444e+20
3560	3.97148e+20
3561	3.96853e+20
3562	3.96558e+20
3563	3.96263e+20
3564	3.95969e+20
3565	3.95675e+20
3566	3.95381e+20
3567	3.95087e+20
3568	3.94794e+20
3569	3.94501e+20
3570	3.94208e+20
3571	3.93916e+20
3572	3.93624e+20
3573	3.93332e+20
3574	3.93041e+20
3575	3.92749e+20
3576	3.92459e+20
3577	3.92168e+20
3578	3.91878e+20
3579	3.91588e+20
3580	3.91298e+20
3581	3.91008e+20
3582	3.90719e+20
3583	3.9043e+20
3584	3.90142e+20
3585	3.89853e+20
3586	3.89565e+20
3587	3.89278e+20
3588	3.8899e+20
3589	3.88703e+20
3590	3.88416e+20
3591	3.8813e+20
3592	3.87843e+20
3593	3.87557e+20
3594	3.87272e+20
3595	3.86986e+20
3596	3.86701e+20
3597	3.86416e+20
3598	3.86131e+20
3599	3.85847e+20
3600	3.85563e+20
3601	3.85279e+20
3602	3.84996e+20
3603	3.84713e+20
3604	3.8443e+20
3605	3.84147e+20
3606	3.83865e+20
3607	3.83583e+20
3608	3.83301e+20
3609	3.83019e+20
3610	3.82738e+20
3611	3.82457e+20
3612	3.82176e+20
3613	3.81896e+20
3614	3.81616e+20
3615	3.81336e+20
3616	3.81056e+20
3617	3.80777e+20
3618	3.80498e+20
3619	3.80219e+20
3620	3.79941e+20
3621	3.79663e+20
3622	3.79385e+20
3623	3.79107e+20
3624	3.7883e+20
3625	3.78553e+20
3626	3.78276e+20
3627	3.77999e+20
3628	3.77723e+20
3629	3.77447e+20
3630	3.77171e+20
3631	3.76896e+20
3632	3.76621e+20
3633	3.76346e+20
3634	3.76071e+20
3635	3.75797e+20
3636	3.75523e+20
3637	3.75249e+20
3638	3.74975e+20
3639	3.74702e+20
3640	3.74429e+20
3641	3.74156e+20
3642	3.73884e+20
3643	3.73611e+20
3644	3.73339e+20
3645	3.73068e+20
3646	3.72796e+20
3647	3.72525e+20
3648	3.72254e+20
3649	3.71984e+20
3650	3.71713e+20
3651	3.71443e+20
3652	3.71173e+20
3653	3.70904e+20
3654	3.70634e+20
3655	3.70365e+20
3656	3.70097e+20
3657	3.69828e+20
3658	3.6956e+20
3659	3.69292e+20
3660	3.69024e+20
3661	3.68757e+20
3662	3.68489e+20
3663	3.68222e+20
3664	3.67956e+20
3665	3.67689e+20
3666	3.67423e+20
3667	3.67157e+20
3668	3.66892e+20
3669	3.66626e+20
3670	3.66361e+20
3671	3.66096e+20
3672	3.65832e+20
3673	3.65567e+20
3674	3.65303e+20
3675	3.65039e+20
3676	3.64776e+20
3677	3.64512e+20
3678	3.64249e+20
3679	3.63987e+20
3680	3.63724e+20
3681	3.63462e+20
3682	3.632e+20
3683	3.62938e+20
3684	3.62676e+20
3685	3.62415e+20
3686	3.62154e+20
3687	3.61893e+20
3688	3.61633e+20
3689	3.61372e+20
3690	3.61112e+20
3691	3.60853e+20
3692	3.60593e+20
3693	3.60334e+20
3694	3.60075e+20
3695	3.59816e+20
3696	3.59558e+20
3697	3.59299e+20
3698	3.59041e+20
3699	3.58784e+20
3700	3.58526e+20
3701	3.58269e+20
3702	3.58012e+20
3703	3.57755e+20
3704	3.57499e+20
3705	3.57242e+20
3706	3.56986e+20
3707	3.56731e+20
3708	3.56475e+20
3709	3.5622e+20
3710	3.55965e+20
3711	3.5571e+20
3712	3.55455e+20
3713	3.55201e+20
3714	3.54947e+20
3715	3.54693e+20
3716	3.5444e+20
3717	3.54187e+20
3718	3.53933e+20
3719	3.53681e+20
3720	3.53428e+20
3721	3.53176e+20
3722	3.52924e+20
3723	3.52672e+20
3724	3.5242e+20
3725	3.52169e+20
3726	3.51918e+20
3727	3.51667e+20
3728	3.51416e+20
3729	3.51166e+20
3730	3.50916e+20
3731	3.50666e+20
3732	3.50416e+20
3733	3.50167e+20
3734	3.49918e+20
3735	3.49669e+20
3736	3.4942e+20
3737	3.49171e+20
3738	3.48923e+20
3739	3.48675e+20
3740	3.48428e+20
3741	3.4818e+20
3742	3.47933e+20
3743	3.47686e+20
3744	3.47439e+20
3745	3.47192e+20
3746	3.46946e+20
3747	3.467e+20
3748	3.46454e+20
3749	3.46208e+20
3750	3.45963e+20
3751	3.45718e+20
3752	3.45473e+20
3753	3.45228e+20
3754	3.44984e+20
3755	3.4474e+20
3756	3.44496e+20
3757	3.44252e+20
3758	3.44008e+20
3759	3.43765e+20
3760	3.43522e+20
3761	3.43279e+20
3762	3.43037e+20
3763	3.42794e+20
3764	3.42552e+20
3765	3.4231e+20
3766	3.42069e+20
3767	3.41827e+20
3768	3.41586e+20
3769	3.41345e+20
3770	3.41104e+20
3771	3.40864e+20
3772	3.40624e+20
3773	3.40383e+20
3774	3.40144e+20
3775	3.39904e+20
3776	3.39665e+20
3777	3.39426e+20
3778	3.39187e+20
3779	3.38948e+20
3780	3.3871e+20
3781	3.38471e+20
3782	3.38233e+20
3783	3.37996e+20
3784	3.37758e+20
3785	3.37521e+20
3786	3.37284e+20
3787	3.37047e+20
3788	3.3681e+20
3789	3.36574e+20
3790	3.36337e+20
3791	3.36101e+20
3792	3.35866e+20
3793	3.3563e+20
3794	3.35395e+20
3795	3.3516e+20
3796	3.34925e+20
3797	3.3469e+20
3798	3.34456e+20
3799	3.34222e+20
3800	3.33988e+20
3801	3.33754e+20
3802	3.3352e+20
3803	3.33287e+20
3804	3.33054e+20
3805	3.32821e+20
3806	3.32589e+20
3807	3.32356e+20
3808	3.32124e+20
3809	3.31892e+20
3810	3.3166e+20
3811	3.31429e+20
3812	3.31197e+20
3813	3.30966e+20
3814	3.30735e+20
3815	3.30505e+20
3816	3.30274e+20
3817	3.30044e+20
3818	3.29814e+20
3819	3.29584e+20
3820	3.29355e+20
3821	3.29125e+20
3822	3.28896e+20
3823	3.28667e+20
3824	3.28438e+20
3825	3.2821e+20
3826	3.27982e+20
3827	3.27753e+20
3828	3.27526e+20
3829	3.27298e+20
3830	3.27071e+20
3831	3.26843e+20
3832	3.26616e+20
3833	3.26389e+20
3834	3.26163e+20
3835	3.25937e+20
3836	3.2571e+20
3837	3.25484e+20
3838	3.25259e+20
3839	3.25033e+20
3840	3.24808e+20
3841	3.24583e+20
3842	3.24358e+20
3843	3.24133e+20
3844	3.23909e+20
3845	3.23685e+20
3846	3.2346e+20
3847	3.23237e+20
3848	3.23013e+20
3849	3.2279e+20
3850	3.22566e+20
3851	3.22343e+20
3852	3.22121e+20
3853	3.21898e+20
3854	3.21676e+20
3855	3.21454e+20
3856	3.21232e+20
3857	3.2101e+20
3858	3.20788e+20
3859	3.20567e+20
3860	3.20346e+20
3861	3.20125e+20
3862	3.19904e+20
3863	3.19684e+20
3864	3.19463e+20
3865	3.19243e+20
3866	3.19023e+20
3867	3.18804e+20
3868	3.18584e+20
3869	3.18365e+20
3870	3.18146e+20
3871	3.17927e+20
3872	3.17708e+20
3873	3.1749e+20
3874	3.17272e+20
3875	3.17054e+20
3876	3.16836e+20
3877	3.16618e+20
3878	3.16401e+20
3879	3.16183e+20
3880	3.15966e+20
3881	3.1575e+20
3882	3.15533e+20
3883	3.15316e+20
3884	3.151e+20
3885	3.14884e+20
3886	3.14668e+20
3887	3.14453e+20
3888	3.14237e+20
3889	3.14022e+20
3890	3.13807e+20
3891	3.13592e+20
3892	3.13378e+20
3893	3.13163e+20
3894	3.12949e+20
3895	3.12735e+20
3896	3.12521e+20
3897	3.12307e+20
3898	3.12094e+20
3899	3.11881e+20
3900	3.11668e+20
3901	3.11455e+20
3902	3.11242e+20
3903	3.1103e+20
3904	3.10817e+20
3905	3.10605e+20
3906	3.10394e+20
3907	3.10182e+20
3908	3.0997e+20
3909	3.09759e+20
3910	3.09548e+20
3911	3.09337e+20
3912	3.09126e+20
3913	3.08916e+20
3914	3.08706e+20
3915	3.08496e+20
3916	3.08286e+20
3917	3.08076e+20
3918	3.07866e+20
3919	3.07657e+20
3920	3.07448e+20
3921	3.07239e+20
3922	3.0703e+20
3923	3.06822e+20
3924	3.06613e+20
3925	3.06405e+20
3926	3.06197e+20
3927	3.05989e+20
3928	3.05782e+20
3929	3.05574e+20
3930	3.05367e+20
3931	3.0516e+20
3932	3.04953e+20
3933	3.04746e+20
3934	3.0454e+20
3935	3.04334e+20
3936	3.04128e+20
3937	3.03922e+20
3938	3.03716e+20
3939	3.0351e+20
3940	3.03305e+20
3941	3.031e+20
3942	3.02895e+20
3943	3.0269e+20
3944	3.02486e+20
3945	3.02281e+20
3946	3.02077e+20
3947	3.01873e+20
3948	3.01669e+20
3949	3.01466e+20
3950	3.01262e+20
3951	3.01059e+20
3952	3.00856e+20
3953	3.00653e+20
3954	3.0045e+20
3955	3.00248e+20
3956	3.00045e+20
3957	2.99843e+20
3958	2.99641e+20
3959	2.99439e+20
3960	2.99238e+20
3961	2.99036e+20
3962	2.98835e+20
3963	2.98634e+20
3964	2.98433e+20
3965	2.98233e+20
3966	2.98032e+20
3967	2.97832e+20
3968	2.97632e+20
3969	2.97432e+20
3970	2.97232e+20
3971	2.97032e+20
3972	2.96833e+20
3973	2.96634e+20
3974	2.96435e+20
3975	2.96236e+20
3976	2.96037e+20
3977	2.95839e+20
3978	2.9564e+20
3979	2.95442e+20
3980	2.95244e+20
3981	2.95046e+20
3982	2.94849e+20
3983	2.94651e+20
3984	2.94454e+20
3985	2.94257e+20
3986	2.9406e+20
3987	2.93863e+20
3988	2.93667e+20
3989	2.93471e+20
3990	2.93274e+20
3991	2.93078e+20
3992	2.92883e+20
3993	2.92687e+20
3994	2.92491e+20
3995	2.92296e+20
3996	2.92101e+20
3997	2.91906e+20
3998	2.91711e+20
3999	2.91517e+20
4000	2.91322e+20
4001	2.91128e+20
4002	2.90934e+20
4003	2.9074e+20
4004	2.90547e+20
4005	2.90353e+20
4006	2.9016e+20
4007	2.89967e+20
4008	2.89774e+20
4009	2.89581e+20
4010	2.89388e+20
4011	2.89196e+20
4012	2.89003e+20
4013	2.88811e+20
4014	2.88619e+20
4015	2.88427e+20
4016	2.88236e+20
4017	2.88044e+20
4018	2.87853e+20
4019	2.87662e+20
4020	2.87471e+20
4021	2.8728e+20
4022	2.8709e+20
4023	2.86899e+20
4024	2.86709e+20
4025	2.86519e+20
4026	2.86329e+20
4027	2.8614e+20
4028	2.8595e+20
4029	2.85761e+20
4030	2.85571e+20
4031	2.85382e+20
4032	2.85194e+20
4033	2.85005e+20
4034	2.84816e+20
4035	2.84628e+20
4036	2.8444e+20
4037	2.84252e+20
4038	2.84064e+20
4039	2.83876e+20
4040	2.83689e+20
4041	2.83501e+20
4042	2.83314e+20
4043	2.83127e+20
4044	2.8294e+20
4045	2.82754e+20
4046	2.82567e+20
4047	2.82381e+20
4048	2.82195e+20
4049	2.82009e+20
4050	2.81823e+20
4051	2.81637e+20
4052	2.81452e+20
4053	2.81266e+20
4054	2.81081e+20
4055	2.80896e+20
4056	2.80711e+20
4057	2.80527e+20
4058	2.80342e+20
4059	2.80158e+20
4060	2.79974e+20
4061	2.7979e+20
4062	2.79606e+20
4063	2.79422e+20
4064	2.79239e+20
4065	2.79055e+20
4066	2.78872e+20
4067	2.78689e+20
4068	2.78506e+20
4069	2.78323e+20
4070	2.78141e+20
4071	2.77958e+20
4072	2.77776e+20
4073	2.77594e+20
4074	2.77412e+20
4075	2.77231e+20
4076	2.77049e+20
4077	2.76868e+20
4078	2.76686e+20
4079	2.76505e+20
4080	2.76324e+20
4081	2.76144e+20
4082	2.75963e+20
4083	2.75783e+20
4084	2.75602e+20
4085	2.75422e+20
4086	2.75242e+20
4087	2.75062e+20
4088	2.74883e+20
4089	2.74703e+20
4090	2.74524e+20
4091	2.74345e+20
4092	2.74166e+20
4093	2.73987e+20
4094	2.73808e+20
4095	2.7363e+20
4096	2.73451e+20
4097	2.73273e+20
4098	2.73095e+20
4099	2.72917e+20
4100	2.72739e+20
4101	2.72562e+20
4102	2.72384e+20
4103	2.72207e+20
4104	2.7203e+20
4105	2.71853e+20
4106	2.71676e+20
4107	2.715e+20
4108	2.71323e+20
4109	2.71147e+20
4110	2.70971e+20
4111	2.70795e+20
4112	2.70619e+20
4113	2.70443e+20
4114	2.70268e+20
4115	2.70092e+20
4116	2.69917e+20
4117	2.69742e+20
4118	2.69567e+20
4119	2.69392e+20
4120	2.69218e+20
4121	2.69043e+20
4122	2.68869e+20
4123	2.68695e+20
4124	2.68521e+20
4125	2.68347e+20
4126	2.68173e+20
4127	2.68e+20
4128	2.67826e+20
4129	2.67653e+20
4130	2.6748e+20
4131	2.67307e+20
4132	2.67134e+20
4133	2.66961e+20
4134	2.66789e+20
4135	2.66617e+20
4136	2.66444e+20
4137	2.66272e+20
4138	2.66101e+20
4139	2.65929e+20
4140	2.65757e+20
4141	2.65586e+20
4142	2.65415e+20
4143	2.65243e+20
4144	2.65073e+20
4145	2.64902e+20
4146	2.64731e+20
4147	2.64561e+20
4148	2.6439e+20
4149	2.6422e+20
4150	2.6405e+20
4151	2.6388e+20
4152	2.6371e+20
4153	2.63541e+20
4154	2.63371e+20
4155	2.63202e+20
4156	2.63033e+20
4157	2.62864e+20
4158	2.62695e+20
4159	2.62526e+20
4160	2.62357e+20
4161	2.62189e+20
4162	2.62021e+20
4163	2.61852e+20
4164	2.61684e+20
4165	2.61517e+20
4166	2.61349e+20
4167	2.61181e+20
4168	2.61014e+20
4169	2.60847e+20
4170	2.60679e+20
4171	2.60512e+20
4172	2.60346e+20
4173	2.60179e+20
4174	2.60012e+20
4175	2.59846e+20
4176	2.5968e+20
4177	2.59514e+20
4178	2.59348e+20
4179	2.59182e+20
4180	2.59016e+20
4181	2.58851e+20
4182	2.58685e+20
4183	2.5852e+20
4184	2.58355e+20
4185	2.5819e+20
4186	2.58025e+20
4187	2.57861e+20
4188	2.57696e+20
4189	2.57532e+20
4190	2.57367e+20
4191	2.57203e+20
4192	2.57039e+20
4193	2.56876e+20
4194	2.56712e+20
4195	2.56548e+20
4196	2.56385e+20
4197	2.56222e+20
4198	2.56059e+20
4199	2.55896e+20
4200	2.55733e+20
4201	2.5557e+20
4202	2.55408e+20
4203	2.55245e+20
4204	2.55083e+20
4205	2.54921e+20
4206	2.54759e+20
4207	2.54597e+20
4208	2.54435e+20
4209	2.54274e+20
4210	2.54112e+20
4211	2.53951e+20
4212	2.5379e+20
4213	2.53629e+20
4214	2.53468e+20
4215	2.53308e+20
4216	2.53147e+20
4217	2.52987e+20
4218	2.52826e+20
4219	2.52666e+20
4220	2.52506e+20
4221	2.52346e+20
4222	2.52186e+20
4223	2.52027e+20
4224	2.51867e+20
4225	2.51708e+20
4226	2.51549e+20
4227	2.5139e+20
4228	2.51231e+20
4229	2.51072e+20
4230	2.50913e+20
4231	2.50755e+20
4232	2.50596e+20
4233	2.50438e+20
4234	2.5028e+20
4235	2.50122e+20
4236	2.49964e+20
4237	2.49807e+20
4238	2.49649e+20
4239	2.49492e+20
4240	2.49334e+20
4241	2.49177e+20
4242	2.4902e+20
4243	2.48863e+20
4244	2.48707e+20
4245	2.4855e+20
4246	2.48394e+20
4247	2.48237e+20
4248	2.48081e+20
4249	2.47925e+20
4250	2.47769e+20
4251	2.47613e+20
4252	2.47457e+20
4253	2.47302e+20
4254	2.47147e+20
4255	2.46991e+20
4256	2.46836e+20
4257	2.46681e+20
4258	2.46526e+20
4259	2.46371e+20
4260	2.46217e+20
4261	2.46062e+20
4262	2.45908e+20
4263	2.45754e+20
4264	2.456e+20
4265	2.45446e+20
4266	2.45292e+20
4267	2.45138e+20
4268	2.44985e+20
4269	2.44831e+20
4270	2.44678e+20
4271	2.44525e+20
4272	2.44372e+20
4273	2.44219e+20
4274	2.44066e+20
4275	2.43914e+20
4276	2.43761e+20
4277	2.43609e+20
4278	2.43456e+20
4279	2.43304e+20
4280	2.43152e+20
4281	2.43e+20
4282	2.42849e+20
4283	2.42697e+20
4284	2.42546e+20
4285	2.42394e+20
4286	2.42243e+20
4287	2.42092e+20
4288	2.41941e+20
4289	2.4179e+20
4290	2.41639e+20
4291	2.41489e+20
4292	2.41338e+20
4293	2.41188e+20
4294	2.41038e+20
4295	2.40888e+20
4296	2.40738e+20
4297	2.40588e+20
4298	2.40438e+20
4299	2.40289e+20
4300	2.4014e+20
4301	2.3999e+20
4302	2.39841e+20
4303	2.39692e+20
4304	2.39543e+20
4305	2.39394e+20
4306	2.39246e+20
4307	2.39097e+20
4308	2.38949e+20
4309	2.388e+20
4310	2.38652e+20
4311	2.38504e+20
4312	2.38356e+20
4313	2.38208e+20
4314	2.38061e+20
4315	2.37913e+20
4316	2.37766e+20
4317	2.37619e+20
4318	2.37471e+20
4319	2.37324e+20
4320	2.37177e+20
4321	2.37031e+20
4322	2.36884e+20
4323	2.36737e+20
4324	2.36591e+20
4325	2.36445e+20
4326	2.36299e+20
4327	2.36153e+20
4328	2.36007e+20
4329	2.35861e+20
4330	2.35715e+20
4331	2.3557e+20
4332	2.35424e+20
4333	2.35279e+20
4334	2.35134e+20
4335	2.34989e+20
4336	2.34844e+20
4337	2.34699e+20
4338	2.34554e+20
4339	2.3441e+20
4340	2.34265e+20
4341	2.34121e+20
4342	2.33977e+20
4343	2.33832e+20
4344	2.33689e+20
4345	2.33545e+20
4346	2.33401e+20
4347	2.33257e+20
4348	2.33114e+20
4349	2.3297e+20
4350	2.32827e+20
4351	2.32684e+20
4352	2.32541e+20
4353	2.32398e+20
4354	2.32255e+20
4355	2.32113e+20
4356	2.3197e+20
4357	2.31828e+20
4358	2.31686e+20
4359	2.31543e+20
4360	2.31401e+20
4361	2.31259e+20
4362	2.31118e+20
4363	2.30976e+20
4364	2.30834e+20
4365	2.30693e+20
4366	2.30552e+20
4367	2.3041e+20
4368	2.30269e+20
4369	2.30128e+20
4370	2.29987e+20
4371	2.29847e+20
4372	2.29706e+20
4373	2.29566e+20
4374	2.29425e+20
4375	2.29285e+20
4376	2.29145e+20
4377	2.29005e+20
4378	2.28865e+20
4379	2.28725e+20
4380	2.28585e+20
4381	2.28446e+20
4382	2.28306e+20
4383	2.28167e+20
4384	2.28028e+20
4385	2.27889e+20
4386	2.2775e+20
4387	2.27611e+20
4388	2.27472e+20
4389	2.27333e+20
4390	2.27195e+20
4391	2.27056e+20
4392	2.26918e+20
4393	2.2678e+20
4394	2.26642e+20
4395	2.26504e+20
4396	2.26366e+20
4397	2.26228e+20
4398	2.26091e+20
4399	2.25953e+20
4400	2.25816e+20
4401	2.25679e+20
4402	2.25541e+20
4403	2.25404e+20
4404	2.25267e+20
4405	2.25131e+20
4406	2.24994e+20
4407	2.24857e+20
4408	2.24721e+20
4409	2.24584e+20
4410	2.24448e+20
4411	2.24312e+20
4412	2.24176e+20
4413	2.2404e+20
4414	2.23904e+20
4415	2.23769e+20
4416	2.23633e+20
4417	2.23498e+20
4418	2.23362e+20
4419	2.23227e+20
4420	2.23092e+20
4421	2.22957e+20
4422	2.22822e+20
4423	2.22687e+20
4424	2.22553e+20
4425	2.22418e+20
4426	2.22284e+20
4427	2.22149e+20
4428	2.22015e+20
4429	2.21881e+20
4430	2.21747e+20
4431	2.21613e+20
4432	2.21479e+20
4433	2.21346e+20
4434	2.21212e+20
4435	2.21079e+20
4436	2.20945e+20
4437	2.20812e+20
4438	2.20679e+20
4439	2.20546e+20
4440	2.20413e+20
4441	2.2028e+20
4442	2.20147e+20
4443	2.20015e+20
4444	2.19882e+20
4445	2.1975e+20
4446	2.19618e+20
4447	2.19486e+20
4448	2.19354e+20
4449	2.19222e+20
4450	2.1909e+20
4451	2.18958e+20
4452	2.18827e+20
4453	2.18695e+20
4454	2.18564e+20
4455	2.18432e+20
4456	2.18301e+20
4457	2.1817e+20
4458	2.18039e+20
4459	2.17908e+20
4460	2.17778e+20
4461	2.17647e+20
4462	2.17517e+20
4463	2.17386e+20
4464	2.17256e+20
4465	2.17126e+20
4466	2.16996e+20
4467	2.16866e+20
4468	2.16736e+20
4469	2.16606e+20
4470	2.16476e+20
4471	2.16347e+20
4472	2.16217e+20
4473	2.16088e+20
4474	2.15959e+20
4475	2.15829e+20
4476	2.157e+20
4477	2.15572e+20
4478	2.15443e+20
4479	2.15314e+20
4480	2.15185e+20
4481	2.15057e+20
4482	2.14928e+20
4483	2.148e+20
4484	2.14672e+20
4485	2.14544e+20
4486	2.14416e+20
4487	2.14288e+20
4488	2.1416e+20
4489	2.14033e+20
4490	2.13905e+20
4491	2.13778e+20
4492	2.1365e+20
4493	2.13523e+20
4494	2.13396e+20
4495	2.13269e+20
4496	2.13142e+20
4497	2.13015e+20
4498	2.12888e+20
4499	2.12762e+20
4500	2.12635e+20
4501	2.12509e+20
4502	2.12382e+20
4503	2.12256e+20
4504	2.1213e+20
4505	2.12004e+20
4506	2.11878e+20
4507	2.11752e+20
4508	2.11627e+20
4509	2.11501e+20
4510	2.11376e+20
4511	2.1125e+20
4512	2.11125e+20
4513	2.11e+20
4514	2.10875e+20
4515	2.1075e+20
4516	2.10625e+20
4517	2.105e+20
4518	2.10375e+20
4519	2.10251e+20
4520	2.10126e+20
4521	2.10002e+20
4522	2.09877e+20
4523	2.09753e+20
4524	2.09629e+20
4525	2.09505e+20
4526	2.09381e+20
4527	2.09258e+20
4528	2.09134e+20
4529	2.0901e+20
4530	2.08887e+20
4531	2.08763e+20
4532	2.0864e+20
4533	2.08517e+20
4534	2.08394e+20
4535	2.08271e+20
4536	2.08148e+20
4537	2.08025e+20
4538	2.07902e+20
4539	2.0778e+20
4540	2.07657e+20
4541	2.07535e+20
4542	2.07413e+20
4543	2.07291e+20
4544	2.07168e+20
4545	2.07046e+20
4546	2.06925e+20
4547	2.06803e+20
4548	2.06681e+20
4549	2.06559e+20
4550	2.06438e+20
4551	2.06317e+20
4552	2.06195e+20
4553	2.06074e+20
4554	2.05953e+20
4555	2.05832e+20
4556	2.05711e+20
4557	2.0559e+20
4558	2.05469e+20
4559	2.05349e+20
4560	2.05228e+20
4561	2.05108e+20
4562	2.04988e+20
4563	2.04867e+20
4564	2.04747e+20
4565	2.04627e+20
4566	2.04507e+20
4567	2.04387e+20
4568	2.04268e+20
4569	2.04148e+20
4570	2.04028e+20
4571	2.03909e+20
4572	2.03789e+20
4573	2.0367e+20
4574	2.03551e+20
4575	2.03432e+20
4576	2.03313e+20
4577	2.03194e+20
4578	2.03075e+20
4579	2.02957e+20
4580	2.02838e+20
4581	2.02719e+20
4582	2.02601e+20
4583	2.02483e+20
4584	2.02364e+20
4585	2.02246e+20
4586	2.02128e+20
4587	2.0201e+20
4588	2.01893e+20
4589	2.01775e+20
4590	2.01657e+20
4591	2.0154e+20
4592	2.01422e+20
4593	2.01305e+20
4594	2.01187e+20
4595	2.0107e+20
4596	2.00953e+20
4597	2.00836e+20
4598	2.00719e+20
4599	2.00602e+20
4600	2.00486e+20
4601	2.00369e+20
4602	2.00252e+20
4603	2.00136e+20
4604	2.0002e+20
4605	1.99903e+20
4606	1.99787e+20
4607	1.99671e+20
4608	1.99555e+20
4609	1.99439e+20
4610	1.99323e+20
4611	1.99208e+20
4612	1.99092e+20
4613	1.98977e+20
4614	1.98861e+20
4615	1.98746e+20
4616	1.98631e+20
4617	1.98515e+20
4618	1.984e+20
4619	1.98285e+20
4620	1.98171e+20
4621	1.98056e+20
4622	1.97941e+20
4623	1.97826e+20
4624	1.97712e+20
4625	1.97597e+20
4626	1.97483e+20
4627	1.97369e+20
4628	1.97255e+20
4629	1.97141e+20
4630	1.97027e+20
4631	1.96913e+20
4632	1.96799e+20
4633	1.96685e+20
4634	1.96572e+20
4635	1.96458e+20
4636	1.96345e+20
4637	1.96231e+20
4638	1.96118e+20
4639	1.96005e+20
4640	1.95892e+20
4641	1.95779e+20
4642	1.95666e+20
4643	1.95553e+20
4644	1.95441e+20
4645	1.95328e+20
4646	1.95215e+20
4647	1.95103e+20
4648	1.94991e+20
4649	1.94878e+20
4650	1.94766e+20
4651	1.94654e+20
4652	1.94542e+20
4653	1.9443e+20
4654	1.94318e+20
4655	1.94206e+20
4656	1.94095e+20
4657	1.93983e+20
4658	1.93872e+20
4659	1.9376e+20
4660	1.93649e+20
4661	1.93538e+20
4662	1.93427e+20
4663	1.93316e+20
4664	1.93205e+20
4665	1.93094e+20
4666	1.92983e+20
4667	1.92872e+20
4668	1.92762e+20
4669	1.92651e+20
4670	1.92541e+20
4671	1.92431e+20
4672	1.9232e+20
4673	1.9221e+20
4674	1.921e+20
4675	1.9199e+20
4676	1.9188e+20
4677	1.9177e+20
4678	1.91661e+20
4679	1.91551e+20
4680	1.91441e+20
4681	1.91332e+20
4682	1.91222e+20
4683	1.91113e+20
4684	1.91004e+20
4685	1.90895e+20
4686	1.90786e+20
4687	1.90677e+20
4688	1.90568e+20
4689	1.90459e+20
4690	1.9035e+20
4691	1.90242e+20
4692	1.90133e+20
4693	1.90025e+20
4694	1.89916e+20
4695	1.89808e+20
4696	1.897e+20
4697	1.89592e+20
4698	1.89484e+20
4699	1.89376e+20
4700	1.89268e+20
4701	1.8916e+20
4702	1.89053e+20
4703	1.88945e+20
4704	1.88837e+20
4705	1.8873e+20
4706	1.88623e+20
4707	1.88515e+20
4708	1.88408e+20
4709	1.88301e+20
4710	1.88194e+20
4711	1.88087e+20
4712	1.8798e+20
4713	1.87873e+20
4714	1.87767e+20
4715	1.8766e+20
4716	1.87554e+20
4717	1.87447e+20
4718	1.87341e+20
4719	1.87235e+20
4720	1.87128e+20
4721	1.87022e+20
4722	1.86916e+20
4723	1.8681e+20
4724	1.86704e+20
4725	1.86599e+20
4726	1.86493e+20
4727	1.86387e+20
4728	1.86282e+20
4729	1.86176e+20
4730	1.86071e+20
4731	1.85966e+20
4732	1.85861e+20
4733	1.85755e+20
4734	1.8565e+20
4735	1.85545e+20
4736	1.85441e+20
4737	1.85336e+20
4738	1.85231e+20
4739	1.85126e+20
4740	1.85022e+20
4741	1.84917e+20
4742	1.84813e+20
4743	1.84709e+20
4744	1.84604e+20
4745	1.845e+20
4746	1.84396e+20
4747	1.84292e+20
4748	1.84188e+20
4749	1.84085e+20
4750	1.83981e+20
4751	1.83877e+20
4752	1.83774e+20
4753	1.8367e+20
4754	1.83567e+20
4755	1.83463e+20
4756	1.8336e+20
4757	1.83257e+20
4758	1.83154e+20
4759	1.83051e+20
4760	1.82948e+20
4761	1.82845e+20
4762	1.82742e+20
4763	1.82639e+20
4764	1.82537e+20
4765	1.82434e+20
4766	1.82332e+20
4767	1.82229e+20
4768	1.82127e+20
4769	1.82025e+20
4770	1.81923e+20
4771	1.81821e+20
4772	1.81719e+20
4773	1.81617e+20
4774	1.81515e+20
4775	1.81413e+20
4776	1.81311e+20
4777	1.8121e+20
4778	1.81108e+20
4779	1.81007e+20
4780	1.80905e+20
4781	1.80804e+20
4782	1.80703e+20
4783	1.80602e+20
4784	1.80501e+20
4785	1.804e+20
4786	1.80299e+20
4787	1.80198e+20
4788	1.80097e+20
4789	1.79997e+20
4790	1.79896e+20
4791	1.79795e+20
4792	1.79695e+20
4793	1.79595e+20
4794	1.79494e+20
4795	1.79394e+20
4796	1.79294e+20
4797	1.79194e+20
4798	1.79094e+20
4799	1.78994e+20
4800	1.78894e+20
4801	1.78795e+20
4802	1.78695e+20
4803	1.78595e+20
4804	1.78496e+20
4805	1.78396e+20
4806	1.78297e+20
4807	1.78198e+20
4808	1.78098e+20
4809	1.77999e+20
4810	1.779e+20
4811	1.77801e+20
4812	1.77702e+20
4813	1.77603e+20
4814	1.77505e+20
4815	1.77406e+20
4816	1.77307e+20
4817	1.77209e+20
4818	1.7711e+20
4819	1.77012e+20
4820	1.76914e+20
4821	1.76815e+20
4822	1.76717e+20
4823	1.76619e+20
4824	1.76521e+20
4825	1.76423e+20
4826	1.76325e+20
4827	1.76228e+20
4828	1.7613e+20
4829	1.76032e+20
4830	1.75935e+20
4831	1.75837e+20
4832	1.7574e+20
4833	1.75643e+20
4834	1.75545e+20
4835	1.75448e+20
4836	1.75351e+20
4837	1.75254e+20
4838	1.75157e+20
4839	1.7506e+20
4840	1.74963e+20
4841	1.74866e+20
4842	1.7477e+20
4843	1.74673e+20
4844	1.74577e+20
4845	1.7448e+20
4846	1.74384e+20
4847	1.74287e+20
4848	1.74191e+20
4849	1.74095e+20
4850	1.73999e+20
4851	1.73903e+20
4852	1.73807e+20
4853	1.73711e+20
4854	1.73615e+20
4855	1.7352e+20
4856	1.73424e+20
4857	1.73328e+20
4858	1.73233e+20
4859	1.73137e+20
4860	1.73042e+20
4861	1.72947e+20
4862	1.72852e+20
4863	1.72756e+20
4864	1.72661e+20
4865	1.72566e+20
4866	1.72471e+20
4867	1.72377e+20
4868	1.72282e+20
4869	1.72187e+20
4870	1.72092e+20
4871	1.71998e+20
4872	1.71903e+20
4873	1.71809e+20
4874	1.71715e+20
4875	1.7162e+20
4876	1.71526e+20
4877	1.71432e+20
4878	1.71338e+20
4879	1.71244e+20
4880	1.7115e+20
4881	1.71056e+20
4882	1.70962e+20
4883	1.70868e+20
4884	1.70775e+20
4885	1.70681e+20
4886	1.70588e+20
4887	1.70494e+20
4888	1.70401e+20
4889	1.70308e+20
4890	1.70214e+20
4891	1.70121e+20
4892	1.70028e+20
4893	1.69935e+20
4894	1.69842e+20
4895	1.69749e+20
4896	1.69657e+20
4897	1.69564e+20
4898	1.69471e+20
4899	1.69378e+20
4900	1.69286e+20
4901	1.69194e+20
4902	1.69101e+20
4903	1.69009e+20
4904	1.68917e+20
4905	1.68824e+20
4906	1.68732e+20
4907	1.6864e+20
4908	1.68548e+20
4909	1.68456e+20
4910	1.68364e+20
4911	1.68273e+20
4912	1.68181e+20
4913	1.68089e+20
4914	1.67998e+20
4915	1.67906e+20
4916	1.67815e+20
4917	1.67724e+20
4918	1.67632e+20
4919	1.67541e+20
4920	1.6745e+20
4921	1.67359e+20
4922	1.67268e+20
4923	1.67177e+20
4924	1.67086e+20
4925	1.66995e+20
4926	1.66904e+20
4927	1.66814e+20
4928	1.66723e+20
4929	1.66633e+20
4930	1.66542e+20
4931	1.66452e+20
4932	1.66361e+20
4933	1.66271e+20
4934	1.66181e+20
4935	1.66091e+20
4936	1.66001e+20
4937	1.65911e+20
4938	1.65821e+20
4939	1.65731e+20
4940	1.65641e+20
4941	1.65551e+20
4942	1.65462e+20
4943	1.65372e+20
4944	1.65283e+20
4945	1.65193e+20
4946	1.65104e+20
4947	1.65014e+20
4948	1.64925e+20
4949	1.64836e+20
4950	1.64747e+20
4951	1.64658e+20
4952	1.64569e+20
4953	1.6448e+20
4954	1.64391e+20
4955	1.64302e+20
4956	1.64213e+20
4957	1.64125e+20
4958	1.64036e+20
4959	1.63947e+20
4960	1.63859e+20
4961	1.63771e+20
4962	1.63682e+20
4963	1.63594e+20
4964	1.63506e+20
4965	1.63418e+20
4966	1.6333e+20
4967	1.63242e+20
4968	1.63154e+20
4969	1.63066e+20
4970	1.62978e+20
4971	1.6289e+20
4972	1.62802e+20
4973	1.62715e+20
4974	1.62627e+20
4975	1.6254e+20
4976	1.62452e+20
4977	1.62365e+20
4978	1.62278e+20
4979	1.6219e+20
4980	1.62103e+20
4981	1.62016e+20
4982	1.61929e+20
4983	1.61842e+20
4984	1.61755e+20
4985	1.61668e+20
4986	1.61582e+20
4987	1.61495e+20
4988	1.61408e+20
4989	1.61322e+20
4990	1.61235e+20
4991	1.61149e+20
4992	1.61062e+20
4993	1.60976e+20
4994	1.6089e+20
4995	1.60803e+20
4996	1.60717e+20
4997	1.60631e+20
4998	1.60545e+20
4999	1.60459e+20
5000	1.60373e+20
# iterates cost: 73.6832
