# Reading DATA...
# Reading Matrix Successfully!
MDMRB
0	3.8603e+30
1	2.82614e+29	
2	6.22092e+28	
3	2.14002e+28	
4	9.11365e+27	
5	4.46991e+27	
6	2.09126e+27	
7	9.47382e+26	
8	3.51779e+26	
9	3.80882e+24	
10	3.80538e+24	
11	2.23486e+23	
12	2.09113e+23	
13	2.0874e+23	
14	2.08721e+23	
15	1.57285e+23	
16	1.55269e+23	
17	1.53303e+23	
18	1.52391e+23	
19	1.52383e+23	
20	1.52382e+23	
21	1.52372e+23	
22	1.52372e+23	
23	1.51722e+23	
24	1.48211e+23	
25	1.45578e+23	
26	1.45526e+23	
27	1.45519e+23	
28	1.45517e+23	
29	1.45516e+23	
30	1.45515e+23	
31	1.45515e+23	
32	1.45515e+23	
33	1.45515e+23	
34	1.45515e+23	
35	1.45514e+23	
36	1.45514e+23	
37	1.45514e+23	
38	1.45514e+23	
39	1.45514e+23	
40	1.00018e+23	
41	8.9312e+22	
42	8.56437e+22	
43	8.29774e+22	
44	8.20102e+22	
45	8.13499e+22	
46	8.0817e+22	
47	8.0352e+22	
48	7.99306e+22	
49	7.95389e+22	
50	7.91693e+22	
51	7.88166e+22	
52	7.84778e+22	
53	7.81508e+22	
54	6.66401e+22	
55	6.62306e+22	
56	5.71875e+22	
57	5.12089e+22	
58	5.03845e+22	
59	5.00649e+22	
60	4.98622e+22	
61	4.97436e+22	
62	4.96635e+22	
63	4.9497e+22	
64	4.9497e+22	
65	4.9497e+22	
66	4.94969e+22	
67	4.75717e+22	
68	4.56868e+22	
69	4.55133e+22	
70	4.55004e+22	
71	4.54936e+22	
72	4.5489e+22	
73	4.54819e+22	
74	4.54781e+22	
75	4.54748e+22	
76	4.54716e+22	
77	4.54687e+22	
78	4.54658e+22	
79	4.54631e+22	
80	4.53821e+22	
81	4.53821e+22	
82	4.5382e+22	
83	4.5382e+22	
84	4.5382e+22	
85	4.5382e+22	
86	4.5382e+22	
87	4.5382e+22	
88	4.53819e+22	
89	4.53819e+22	
90	4.53819e+22	
91	4.53819e+22	
92	4.53819e+22	
93	4.53819e+22	
94	4.53818e+22	
95	4.53818e+22	
96	4.53818e+22	
97	4.53818e+22	
98	4.53818e+22	
99	4.53818e+22	
100	4.53818e+22	
101	4.53818e+22	
102	4.53818e+22	
103	4.53818e+22	
104	4.53817e+22	
105	4.53817e+22	
106	4.53817e+22	
107	4.53817e+22	
108	4.53817e+22	
109	4.53817e+22	
110	4.53817e+22	
111	4.53817e+22	
112	4.53817e+22	
113	4.53817e+22	
114	4.53816e+22	
115	4.53816e+22	
116	4.53816e+22	
117	4.53816e+22	
118	4.53816e+22	
119	4.53816e+22	
120	4.53816e+22	
121	4.53816e+22	
122	4.53816e+22	
123	4.53816e+22	
124	4.53815e+22	
125	4.53815e+22	
126	4.53815e+22	
127	4.53815e+22	
128	4.53815e+22	
129	4.53815e+22	
130	4.53815e+22	
131	4.53815e+22	
132	4.53815e+22	
133	3.5965e+18	
134	1.83445e+17	
135	9.65862e+16	
136	7.48442e+16	
137	6.46759e+16	
138	5.46484e+16	
139	1.93162e+16	
140	1.68371e+16	
141	2.68786e+15	
142	2.2102e+15	
143	1.82438e+15	
144	1.76447e+15	
145	1.71003e+15	
146	1.65912e+15	
147	1.61079e+15	
148	1.56453e+15	
149	1.52005e+15	
150	1.46742e+15	
151	1.42493e+15	
152	1.38499e+15	
153	1.34631e+15	
154	2.74581e+14	
155	2.74569e+14	
156	2.74561e+14	
157	2.72956e+14	
158	2.66214e+14	
159	2.62664e+14	
160	2.61997e+14	
161	2.61661e+14	
162	2.61489e+14	
163	2.61404e+14	
164	2.61319e+14	
165	2.61317e+14	
166	2.61295e+14	
167	2.61295e+14	
168	2.61295e+14	
169	2.61295e+14	
170	2.61295e+14	
171	2.61295e+14	
172	2.61295e+14	
173	5.24326e+13	
174	3.29854e+13	
175	2.25503e+13	
176	1.69262e+13	
177	1.38868e+13	
178	1.22199e+13	
179	1.12865e+13	
180	1.07756e+13	
181	1.05211e+13	
182	1.03866e+13	
183	1.03127e+13	
184	1.02718e+13	
185	1.02484e+13	
186	1.02348e+13	
187	1.01562e+13	
188	1.01562e+13	
189	1.01562e+13	
190	1.01562e+13	
191	1.01562e+13	
192	1.01562e+13	
193	1.01562e+13	
194	1.01562e+13	
195	1.01562e+13	
196	1.01562e+13	
197	1.01562e+13	
198	8.47517e+12	
199	7.05036e+12	
200	7.0278e+12	
201	7.02779e+12	
202	7.02779e+12	
203	7.02778e+12	
204	7.02778e+12	
205	7.02778e+12	
206	7.02776e+12	
207	7.02776e+12	
208	5.67901e+08	
209	1.67645e+08	
210	1.37247e+08	
211	4.96402e+07	
212	4.25013e+07	
213	1.01411e+07	
214	6.68747e+06	
215	4.78964e+06	
216	3.45108e+06	
217	2.50531e+06	
218	1.8248e+06	
219	1.3502e+06	
220	1.01055e+06	
221	770476	
222	599324	
223	476965	
224	313597	
225	253067	
226	209885	
227	179000	
228	156847	
229	140421	
230	128368	
231	43703.7	
232	43682.6	
233	43677.5	
234	43676.4	
235	43505.6	
236	43166.5	
237	42873.4	
238	42706.3	
239	42672.1	
240	42664.2	
241	42662.1	
242	42661.5	
243	42661.3	
244	42661.1	
245	42391.3	
246	41964.2	
247	41541.5	
248	41019.7	
249	40764.5	
250	40764.4	
251	40763.9	
252	40763.8	
253	40763.8	
254	40763.8	
255	40763.8	
256	39301.2	
257	38060.1	
258	37879.2	
259	37830.7	
260	37821.6	
261	37815.9	
262	37805.5	
263	37805.5	
264	37805.5	
265	37805.5	
266	37805.4	
267	37805.4	
268	37805.4	
269	37805.4	
270	9279.52	
271	3151.79	
272	2401.07	
273	2294.45	
274	2281.82	
275	2278.1	
276	2277.56	
277	1486.19	
278	1317.15	
279	1203.73	
280	1122.24	
281	923.561	
282	923.464	
283	923.413	
284	923.385	
285	923.122	
286	923.121	
287	923.121	
288	900.421	
289	872.611	
290	864.619	
291	864.264	
292	864.057	
293	863.927	
294	863.841	
295	863.785	
296	863.746	
297	853.375	
298	840.888	
299	834.831	
300	834.071	
301	834.044	
302	834.042	
303	834.042	
304	834.041	
305	834.041	
306	834.041	
307	834.041	
308	834.041	
309	834.04	
310	834.04	
311	834.04	
312	834.04	
313	834.04	
314	834.04	
315	834.04	
316	834.039	
317	834.039	
318	834.039	
319	834.039	
320	834.039	
321	834.039	
322	834.039	
323	834.038	
324	834.038	
325	834.038	
326	8.52287	
327	0.951845	
328	0.174385	
329	0.110515	
330	0.0868699	
331	0.0777796	
332	0.0647438	
333	0.062581	
334	0.0625457	
335	0.062174	
336	0.0616661	
337	0.0613458	
338	0.0612668	
339	0.0612337	
340	0.0612287	
341	0.0612242	
342	0.0612202	
343	0.0612165	
344	0.0612132	
345	0.0612102	
346	0.0612074	
347	0.061205	
348	0.0612027	
349	0.0612006	
350	0.0611794	
351	0.0611794	
352	0.0611794	
353	0.0611793	
354	0.0253747	
355	0.0110846	
356	0.0107469	
357	0.0106109	
358	0.0104341	
359	0.010285	
360	0.0102036	
361	0.0101946	
362	0.0101924	
363	0.0101921	
364	0.0101919	
365	0.0101918	
366	0.0101917	
367	0.0101916	
368	0.0101915	
369	0.0101915	
370	0.0101915	
371	0.0101915	
372	0.0101915	
373	0.0101915	
374	0.0101915	
375	0.0101915	
376	0.0101915	
377	0.0101915	
378	0.0101915	
379	0.0101915	
380	0.0101915	
381	0.00378794	
#	0
# iterats cost: 11.5189
# 0.976348	2.06195	2.00353	0.297727	5.90535	0.199859
