# Reading DATA...
# Reading Matrix Successfully!
BICG
0	3.84816e+30
1	3.60555e+29	
2	7.88512e+28	
3	2.66896e+28	
4	1.16544e+28	
5	6.13183e+27	
6	3.34653e+27	
7	2.00534e+27	
8	1.25016e+27	
9	8.4023e+26	
10	5.81573e+26	
11	4.0512e+26	
12	2.92472e+26	
13	2.22628e+26	
14	1.64518e+26	
15	1.24627e+26	
16	1.04823e+26	
17	8.17432e+25	
18	6.52273e+25	
19	5.373e+25	
20	4.33602e+25	
21	3.53729e+25	
22	3.04487e+25	
23	2.65165e+25	
24	2.19659e+25	
25	1.94675e+25	
26	1.60005e+25	
27	1.42824e+25	
28	1.25417e+25	
29	1.04443e+25	
30	9.61235e+24	
31	8.98508e+24	
32	8.41376e+24	
33	7.46736e+24	
34	6.73417e+24	
35	5.93167e+24	
36	5.35396e+24	
37	5.11352e+24	
38	4.3682e+24	
39	3.84058e+24	
40	3.49271e+24	
41	3.16835e+24	
42	2.94175e+24	
43	2.72334e+24	
44	2.28914e+24	
45	2.00884e+24	
46	1.7798e+24	
47	1.62047e+24	
48	1.5591e+24	
49	1.39767e+24	
50	1.36293e+24	
51	1.28507e+24	
52	1.11519e+24	
53	9.68849e+23	
54	9.28188e+23	
55	8.99751e+23	
56	8.12974e+23	
57	6.86987e+23	
58	6.68366e+23	
59	5.94297e+23	
60	5.25779e+23	
61	5.12305e+23	
62	5.02123e+23	
63	4.5561e+23	
64	4.0248e+23	
65	3.8166e+23	
66	3.62157e+23	
67	3.41051e+23	
68	3.21773e+23	
69	3.1812e+23	
70	3.05521e+23	
71	2.91569e+23	
72	2.59761e+23	
73	2.46116e+23	
74	2.29438e+23	
75	2.15168e+23	
76	1.99917e+23	
77	1.88617e+23	
78	1.80189e+23	
79	1.69628e+23	
80	1.57627e+23	
81	1.48092e+23	
82	1.53193e+23	
83	1.52837e+23	
84	1.40856e+23	
85	1.32605e+23	
86	1.30955e+23	
87	1.26879e+23	
88	1.19474e+23	
89	1.14863e+23	
90	1.15209e+23	
91	1.08162e+23	
92	1.00594e+23	
93	9.06424e+22	
94	8.88087e+22	
95	7.97585e+22	
96	7.74986e+22	
97	7.34114e+22	
98	6.71621e+22	
99	6.26346e+22	
100	6.04983e+22	
101	5.65251e+22	
102	5.47193e+22	
103	5.55548e+22	
104	5.26617e+22	
105	5.036e+22	
106	4.70539e+22	
107	4.59964e+22	
108	4.57958e+22	
109	4.37934e+22	
110	4.11011e+22	
111	4.10116e+22	
112	4.00502e+22	
113	3.90988e+22	
114	3.85387e+22	
115	3.71675e+22	
116	3.56007e+22	
117	3.37217e+22	
118	3.23743e+22	
119	3.25081e+22	
120	3.27846e+22	
121	3.15915e+22	
122	2.68223e+22	
123	2.60186e+22	
124	2.59291e+22	
125	2.40551e+22	
126	2.42738e+22	
127	2.39274e+22	
128	2.36827e+22	
129	2.3691e+22	
130	2.2045e+22	
131	2.09254e+22	
132	2.01569e+22	
133	1.92477e+22	
134	1.81211e+22	
135	1.8503e+22	
136	1.98891e+22	
137	1.85583e+22	
138	1.84588e+22	
139	1.85794e+22	
140	1.85704e+22	
141	1.83829e+22	
142	1.74134e+22	
143	1.71817e+22	
144	1.64396e+22	
145	1.5528e+22	
146	1.50537e+22	
147	1.47488e+22	
148	1.40291e+22	
149	1.39242e+22	
150	1.37279e+22	
151	1.37572e+22	
152	1.29713e+22	
153	1.20713e+22	
154	1.18185e+22	
155	1.16783e+22	
156	1.1107e+22	
157	1.07962e+22	
158	1.03381e+22	
159	1.02175e+22	
160	1.0342e+22	
161	1.0421e+22	
162	1.02599e+22	
163	1.00218e+22	
164	1.04214e+22	
165	9.98501e+21	
166	9.98359e+21	
167	1.06375e+22	
168	1.06308e+22	
169	9.65054e+21	
170	9.5335e+21	
171	9.39374e+21	
172	9.29793e+21	
173	8.5631e+21	
174	7.9085e+21	
175	8.00254e+21	
176	8.09378e+21	
177	8.20603e+21	
178	7.62275e+21	
179	7.28296e+21	
180	7.2829e+21	
181	7.59037e+21	
182	7.22749e+21	
183	7.11337e+21	
184	6.41195e+21	
185	6.20326e+21	
186	6.30783e+21	
187	6.32254e+21	
188	6.63918e+21	
189	6.86655e+21	
190	6.71109e+21	
191	6.37391e+21	
192	6.33857e+21	
193	5.91497e+21	
194	5.40365e+21	
195	5.1743e+21	
196	5.04177e+21	
197	4.95258e+21	
198	4.75643e+21	
199	4.86533e+21	
200	4.64446e+21	
201	4.32079e+21	
202	3.95939e+21	
203	3.89911e+21	
204	4.18031e+21	
205	4.38876e+21	
206	4.24167e+21	
207	4.2093e+21	
208	4.35002e+21	
209	4.3318e+21	
210	3.98059e+21	
211	3.8705e+21	
212	3.93661e+21	
213	4.0378e+21	
214	4.027e+21	
215	4.09657e+21	
216	3.99814e+21	
217	3.88725e+21	
218	3.94943e+21	
219	3.87052e+21	
220	3.9368e+21	
221	4.02009e+21	
222	3.89471e+21	
223	3.80747e+21	
224	3.50046e+21	
225	3.65957e+21	
226	3.60505e+21	
227	3.67548e+21	
228	3.55049e+21	
229	3.42907e+21	
230	3.55323e+21	
231	3.31629e+21	
232	3.09606e+21	
233	3.27023e+21	
234	3.02452e+21	
235	2.88183e+21	
236	2.89609e+21	
237	2.96357e+21	
238	2.98308e+21	
239	3.02296e+21	
240	3.64785e+21	
241	5.68486e+21	
242	2.51722e+22	
243	5.15403e+22	
244	6.33082e+21	
245	3.92252e+21	
246	3.0914e+21	
247	2.65954e+21	
248	2.38535e+21	
249	2.36719e+21	
250	2.39582e+21	
251	2.12711e+21	
252	2.01478e+21	
253	1.94128e+21	
254	1.90181e+21	
255	1.96153e+21	
256	1.86717e+21	
257	1.85156e+21	
258	1.83783e+21	
259	1.69053e+21	
260	1.75999e+21	
261	1.78008e+21	
262	1.70037e+21	
263	1.68919e+21	
264	1.63737e+21	
265	1.73169e+21	
266	1.78861e+21	
267	1.79505e+21	
268	1.98354e+21	
269	2.27366e+21	
270	3.21747e+21	
271	7.14986e+21	
272	6.35177e+22	
273	2.65673e+22	
274	4.24647e+21	
275	2.28177e+21	
276	1.788e+21	
277	1.45745e+21	
278	1.32226e+21	
279	1.26939e+21	
280	1.17869e+21	
281	1.24439e+21	
282	1.25847e+21	
283	1.28907e+21	
284	1.24844e+21	
285	1.17811e+21	
286	1.19001e+21	
287	1.12456e+21	
288	1.20331e+21	
289	1.42793e+21	
290	1.85472e+21	
291	4.09189e+21	
292	1.28762e+23	
293	6.79816e+21	
294	2.29993e+21	
295	1.66722e+21	
296	1.43378e+21	
297	1.31156e+21	
298	1.28669e+21	
299	1.28396e+21	
300	1.1585e+21	
301	1.20085e+21	
302	1.18009e+21	
303	1.19559e+21	
304	1.16582e+21	
305	1.05418e+21	
306	1.09233e+21	
307	1.10284e+21	
308	1.08944e+21	
309	1.14261e+21	
310	1.12368e+21	
311	1.05592e+21	
312	9.85845e+20	
313	9.79921e+20	
314	9.55482e+20	
315	9.26811e+20	
316	9.0317e+20	
317	8.68786e+20	
318	8.46252e+20	
319	8.41254e+20	
320	7.81217e+20	
321	7.53891e+20	
322	7.79673e+20	
323	8.08541e+20	
324	8.00805e+20	
325	8.02819e+20	
326	8.21109e+20	
327	8.02213e+20	
328	7.40592e+20	
329	7.61651e+20	
330	7.43964e+20	
331	6.93934e+20	
332	6.48929e+20	
333	6.1196e+20	
334	5.70259e+20	
335	5.15561e+20	
336	4.87388e+20	
337	4.91115e+20	
338	4.79984e+20	
339	4.91017e+20	
340	5.13084e+20	
341	5.39497e+20	
342	5.3573e+20	
343	5.64057e+20	
344	5.62003e+20	
345	5.56098e+20	
346	5.04103e+20	
347	4.89465e+20	
348	4.90103e+20	
349	5.16906e+20	
350	5.1316e+20	
351	4.93368e+20	
352	4.80738e+20	
353	4.5868e+20	
354	4.69352e+20	
355	5.2457e+20	
356	5.46828e+20	
357	6.31518e+20	
358	1.01954e+21	
359	9.42836e+21	
360	3.31514e+21	
361	8.65754e+20	
362	5.92248e+20	
363	5.31478e+20	
364	4.68127e+20	
365	4.33618e+20	
366	4.31617e+20	
367	4.29158e+20	
368	4.30076e+20	
369	3.97633e+20	
370	4.2357e+20	
371	4.30579e+20	
372	4.34188e+20	
373	4.31972e+20	
374	4.22626e+20	
375	4.31908e+20	
376	4.13368e+20	
377	3.86227e+20	
378	3.68891e+20	
379	3.65158e+20	
380	3.74766e+20	
381	4.18768e+20	
382	5.0769e+20	
383	6.9941e+20	
384	1.5575e+21	
385	3.51121e+22	
386	3.66042e+21	
387	9.45906e+20	
388	5.46812e+20	
389	4.14743e+20	
390	3.83465e+20	
391	3.84327e+20	
392	3.99507e+20	
393	3.97323e+20	
394	3.96692e+20	
395	3.86264e+20	
396	3.76336e+20	
397	3.48929e+20	
398	3.52563e+20	
399	3.52998e+20	
400	3.69001e+20	
401	3.82447e+20	
402	4.0763e+20	
403	4.38532e+20	
404	4.64447e+20	
405	4.84871e+20	
406	5.20291e+20	
407	5.16055e+20	
408	5.31522e+20	
409	5.43983e+20	
410	5.5904e+20	
411	6.32843e+20	
412	9.1669e+20	
413	1.81348e+21	
414	2.46165e+22	
415	5.3202e+21	
416	1.31135e+21	
417	6.83708e+20	
418	5.3607e+20	
419	4.60064e+20	
420	4.76035e+20	
421	4.88829e+20	
422	4.66028e+20	
423	5.05762e+20	
424	5.52769e+20	
425	5.42281e+20	
426	5.49235e+20	
427	6.69332e+20	
428	1.22388e+21	
429	6.27004e+21	
430	9.02889e+21	
431	1.1157e+21	
432	5.60168e+20	
433	4.50293e+20	
434	4.0844e+20	
435	3.48833e+20	
436	3.27339e+20	
437	2.90056e+20	
438	2.76935e+20	
439	2.91411e+20	
440	2.99292e+20	
441	2.95294e+20	
442	2.92339e+20	
443	3.58286e+20	
444	6.38294e+20	
445	4.77466e+21	
446	1.84857e+21	
447	4.48095e+20	
448	3.22603e+20	
449	2.82204e+20	
450	2.58686e+20	
451	2.46601e+20	
452	2.44608e+20	
453	2.42883e+20	
454	2.55117e+20	
455	2.41459e+20	
456	2.36619e+20	
457	2.19746e+20	
458	1.97361e+20	
459	1.84033e+20	
460	1.73495e+20	
461	1.6399e+20	
462	1.67826e+20	
463	1.61819e+20	
464	1.70031e+20	
465	1.67244e+20	
466	1.75829e+20	
467	1.75274e+20	
468	1.60118e+20	
469	1.57933e+20	
470	1.51889e+20	
471	1.50084e+20	
472	1.49662e+20	
473	1.46579e+20	
474	1.52375e+20	
475	1.55913e+20	
476	1.60056e+20	
477	1.55528e+20	
478	1.58208e+20	
479	1.53245e+20	
480	1.50863e+20	
481	1.54449e+20	
482	1.52572e+20	
483	1.38315e+20	
484	1.48724e+20	
485	1.32282e+20	
486	1.2006e+20	
487	1.1522e+20	
488	1.20888e+20	
489	1.16468e+20	
490	1.06411e+20	
491	1.00422e+20	
492	1.01338e+20	
493	9.70868e+19	
494	9.68729e+19	
495	9.54228e+19	
496	1.01097e+20	
497	1.07739e+20	
498	1.08532e+20	
499	1.18079e+20	
500	1.47038e+20	
501	2.22084e+20	
502	7.2983e+20	
503	1.57291e+25	
504	7.12515e+20	
505	2.26783e+20	
506	1.27459e+20	
507	9.94515e+19	
508	9.49451e+19	
509	8.84499e+19	
510	9.01936e+19	
511	9.16434e+19	
512	9.64592e+19	
513	9.53969e+19	
514	8.98856e+19	
515	9.73149e+19	
516	1.03637e+20	
517	9.88909e+19	
518	8.91451e+19	
519	8.61737e+19	
520	7.46671e+19	
521	7.18582e+19	
522	7.62706e+19	
523	7.7733e+19	
524	7.79949e+19	
525	7.53245e+19	
526	1.09738e+20	
527	1.76228e+20	
528	1.03142e+21	
529	9.85549e+20	
530	1.54741e+20	
531	9.18188e+19	
532	9.3385e+19	
533	8.80691e+19	
534	8.18547e+19	
535	8.53654e+19	
536	9.47636e+19	
537	1.0287e+20	
538	1.47082e+20	
539	2.85438e+20	
540	6.69165e+20	
541	2.60068e+21	
542	7.38155e+22	
543	1.41677e+21	
544	4.6465e+20	
545	2.68974e+20	
546	1.86524e+20	
547	1.35726e+20	
548	1.09449e+20	
549	8.43419e+19	
550	7.51894e+19	
551	6.52097e+19	
552	6.16113e+19	
553	6.25381e+19	
554	6.13803e+19	
555	6.72188e+19	
556	1.04148e+20	
557	2.56574e+20	
558	1.72389e+22	
559	3.19078e+20	
560	1.04895e+20	
561	7.28446e+19	
562	6.50165e+19	
563	6.07992e+19	
564	5.29647e+19	
565	5.32228e+19	
566	5.39416e+19	
567	5.29101e+19	
568	5.44506e+19	
569	5.90502e+19	
570	5.94851e+19	
571	6.25007e+19	
572	6.76765e+19	
573	6.37605e+19	
574	5.30184e+19	
575	4.88864e+19	
576	5.16614e+19	
577	5.13101e+19	
578	4.63257e+19	
579	4.48394e+19	
580	4.7516e+19	
581	5.26547e+19	
582	5.12594e+19	
583	5.12792e+19	
584	6.65616e+19	
585	9.25408e+19	
586	1.29169e+20	
587	1.504e+20	
588	3.10806e+20	
589	7.90656e+21	
590	7.47375e+20	
591	1.46382e+20	
592	7.26067e+19	
593	6.10604e+19	
594	5.39228e+19	
595	4.61234e+19	
596	4.47023e+19	
597	4.83786e+19	
598	4.72185e+19	
599	4.52097e+19	
600	4.0966e+19	
601	4.02317e+19	
602	4.15281e+19	
603	4.23048e+19	
604	4.50393e+19	
605	4.43516e+19	
606	5.07814e+19	
607	5.31061e+19	
608	6.30172e+19	
609	7.26723e+19	
610	1.65302e+20	
611	1.26349e+22	
612	1.10244e+20	
613	4.81728e+19	
614	3.99578e+19	
615	3.87735e+19	
616	3.69275e+19	
617	4.05633e+19	
618	4.19249e+19	
619	4.27811e+19	
620	3.74124e+19	
621	3.43236e+19	
622	3.39881e+19	
623	3.40848e+19	
624	3.12e+19	
625	3.40132e+19	
626	3.68805e+19	
627	3.64578e+19	
628	3.42023e+19	
629	3.50986e+19	
630	3.93537e+19	
631	3.89915e+19	
632	3.97067e+19	
633	3.92534e+19	
634	3.89268e+19	
635	3.74893e+19	
636	3.302e+19	
637	3.46018e+19	
638	3.48852e+19	
639	3.04985e+19	
640	3.12593e+19	
641	3.01125e+19	
642	2.94475e+19	
643	2.6741e+19	
644	2.60775e+19	
645	2.74488e+19	
646	2.88425e+19	
647	2.70233e+19	
648	2.59741e+19	
649	2.78922e+19	
650	2.82573e+19	
651	2.71901e+19	
652	2.63831e+19	
653	2.75093e+19	
654	3.01984e+19	
655	3.06247e+19	
656	3.06475e+19	
657	2.90221e+19	
658	3.09793e+19	
659	3.07574e+19	
660	3.27262e+19	
661	3.65708e+19	
662	3.52244e+19	
663	3.36276e+19	
664	2.88868e+19	
665	2.93501e+19	
666	3.19549e+19	
667	3.77105e+19	
668	5.67114e+19	
669	1.7527e+20	
670	3.67459e+21	
671	1.02804e+20	
672	4.96607e+19	
673	3.87021e+19	
674	3.58947e+19	
675	3.23286e+19	
676	2.92903e+19	
677	2.55852e+19	
678	2.62594e+19	
679	2.85047e+19	
680	3.0068e+19	
681	2.68333e+19	
682	2.2171e+19	
683	2.10642e+19	
684	2.207e+19	
685	2.81916e+19	
686	6.83625e+19	
687	6.61182e+23	
688	7.44388e+19	
689	3.18685e+19	
690	2.41324e+19	
691	2.11136e+19	
692	2.07323e+19	
693	1.91645e+19	
694	1.81627e+19	
695	1.8333e+19	
696	1.72216e+19	
697	1.74182e+19	
698	1.65469e+19	
699	1.52328e+19	
700	1.72775e+19	
701	1.82234e+19	
702	2.58892e+19	
703	9.08559e+19	
704	8.72407e+20	
705	4.08656e+19	
706	2.07974e+19	
707	2.00495e+19	
708	1.86798e+19	
709	1.80834e+19	
710	1.73901e+19	
711	1.56015e+19	
712	1.41904e+19	
713	1.44258e+19	
714	1.55834e+19	
715	1.51659e+19	
716	1.41587e+19	
717	1.5424e+19	
718	1.47271e+19	
719	1.51709e+19	
720	1.55897e+19	
721	1.45946e+19	
722	1.43364e+19	
723	1.66023e+19	
724	1.56433e+19	
725	1.56507e+19	
726	1.57675e+19	
727	1.63605e+19	
728	1.68401e+19	
729	1.69839e+19	
730	1.84571e+19	
731	1.83515e+19	
732	1.70317e+19	
733	1.92961e+19	
734	2.05192e+19	
735	2.03966e+19	
736	2.03948e+19	
737	1.9123e+19	
738	1.94295e+19	
739	1.89101e+19	
740	1.73846e+19	
741	1.73566e+19	
742	1.66575e+19	
743	1.63827e+19	
744	1.74542e+19	
745	1.75573e+19	
746	1.90131e+19	
747	1.94776e+19	
748	1.9953e+19	
749	2.28066e+19	
750	2.26297e+19	
751	2.30635e+19	
752	2.44256e+19	
753	2.83068e+19	
754	3.4884e+19	
755	6.1239e+19	
756	2.44784e+20	
757	4.51267e+20	
758	5.94918e+19	
759	3.35079e+19	
760	2.28679e+19	
761	2.17235e+19	
762	2.10109e+19	
763	2.06806e+19	
764	2.00494e+19	
765	1.90163e+19	
766	2.00137e+19	
767	2.02249e+19	
768	1.91697e+19	
769	1.96024e+19	
770	1.99743e+19	
771	2.38315e+19	
772	2.39131e+19	
773	2.28123e+19	
774	2.33897e+19	
775	2.44414e+19	
776	2.96553e+19	
777	3.5218e+19	
778	3.34529e+19	
779	4.34887e+19	
780	1.03651e+20	
781	3.30261e+22	
782	9.54214e+19	
783	4.03397e+19	
784	3.37742e+19	
785	3.14001e+19	
786	2.75722e+19	
787	2.67562e+19	
788	2.41851e+19	
789	2.33742e+19	
790	2.30477e+19	
791	2.31225e+19	
792	2.5622e+19	
793	5.34184e+19	
794	2.1038e+22	
795	4.10669e+19	
796	1.95973e+19	
797	1.88428e+19	
798	1.90372e+19	
799	1.80761e+19	
800	1.55501e+19	
801	1.54378e+19	
802	3.37158e+19	
803	4.4352e+21	
804	3.77683e+19	
805	1.95225e+19	
806	1.66763e+19	
807	1.98779e+19	
808	1.78658e+19	
809	1.63483e+19	
810	1.64633e+19	
811	1.5869e+19	
812	1.85451e+19	
813	1.95924e+19	
814	1.7991e+19	
815	1.78359e+19	
816	2.39738e+19	
817	6.83308e+19	
818	5.27654e+22	
819	7.72172e+19	
820	2.86362e+19	
821	1.47732e+19	
822	1.11687e+19	
823	1.01386e+19	
824	1.01235e+19	
825	9.51777e+18	
826	9.43452e+18	
827	9.75665e+18	
828	1.06882e+19	
829	9.7545e+18	
830	1.1517e+19	
831	1.42694e+19	
832	1.32202e+19	
833	1.38688e+19	
834	2.29437e+19	
835	1.52354e+20	
836	2.1834e+20	
837	2.6963e+19	
838	1.96766e+19	
839	1.69207e+19	
840	1.03977e+19	
841	8.88557e+18	
842	8.01868e+18	
843	7.90673e+18	
844	8.34127e+18	
845	8.36888e+18	
846	8.41831e+18	
847	8.19929e+18	
848	7.83331e+18	
849	9.0303e+18	
850	8.98474e+18	
851	9.38431e+18	
852	8.74106e+18	
853	9.31897e+18	
854	9.63481e+18	
855	9.73789e+18	
856	1.0075e+19	
857	9.20097e+18	
858	8.97514e+18	
859	8.90019e+18	
860	8.55186e+18	
861	8.07985e+18	
862	7.81153e+18	
863	7.94194e+18	
864	8.19279e+18	
865	8.38956e+18	
866	8.2503e+18	
867	1.0373e+19	
868	1.04972e+19	
869	9.96577e+18	
870	1.4333e+19	
871	2.40879e+19	
872	3.46495e+19	
873	4.7418e+19	
874	9.55024e+19	
875	3.7283e+20	
876	5.07007e+20	
877	1.18516e+20	
878	3.20004e+19	
879	7.09358e+20	
880	1.37402e+23	
881	5.29066e+20	
882	1.36997e+20	
883	6.71224e+19	
884	5.99415e+19	
885	4.01251e+19	
886	1.58703e+19	
887	1.11982e+19	
888	1.37854e+19	
889	1.08916e+19	
890	8.18891e+18	
891	6.70041e+18	
892	6.40575e+18	
893	5.73933e+18	
894	5.2806e+18	
895	5.69344e+18	
896	5.15815e+18	
897	5.26163e+18	
898	6.26379e+18	
899	5.84866e+18	
900	6.39826e+18	
901	5.74104e+18	
902	6.67186e+18	
903	7.6641e+18	
904	6.35343e+18	
905	6.35404e+18	
906	8.16564e+18	
907	8.24162e+18	
908	8.28779e+18	
909	8.34027e+18	
910	1.20933e+19	
911	2.36246e+19	
912	1.7941e+20	
913	9.54882e+19	
914	1.7801e+19	
915	1.20308e+19	
916	7.97653e+18	
917	7.11779e+18	
918	7.78169e+18	
919	7.53912e+18	
920	7.11185e+18	
921	7.24176e+18	
922	6.99274e+18	
923	8.67334e+18	
924	9.16054e+18	
925	8.84678e+18	
926	9.45228e+18	
927	1.0896e+19	
928	4.24058e+19	
929	2.10137e+20	
930	1.84889e+19	
931	1.40732e+19	
932	1.15824e+19	
933	9.05911e+18	
934	8.303e+18	
935	7.80392e+18	
936	7.95453e+18	
937	6.50044e+18	
938	6.98996e+18	
939	7.0005e+18	
940	6.39894e+18	
941	6.38356e+18	
942	6.1439e+18	
943	5.76695e+18	
944	6.20105e+18	
945	6.00285e+18	
946	5.84897e+18	
947	5.80418e+18	
948	6.253e+18	
949	6.25465e+18	
950	5.84539e+18	
951	6.15159e+18	
952	6.73525e+18	
953	5.98873e+18	
954	5.57865e+18	
955	5.18729e+18	
956	5.08177e+18	
957	5.04426e+18	
958	5.12474e+18	
959	5.45969e+18	
960	5.43272e+18	
961	5.79928e+18	
962	6.31125e+18	
963	6.15965e+18	
964	6.54967e+18	
965	6.11705e+18	
966	6.54578e+18	
967	6.62452e+18	
968	5.63707e+18	
969	6.44541e+18	
970	7.18573e+18	
971	7.14448e+18	
972	7.68767e+18	
973	7.4565e+18	
974	8.091e+18	
975	8.29398e+18	
976	1.02494e+19	
977	1.24003e+19	
978	1.63172e+19	
979	2.75374e+19	
980	1.16572e+20	
981	2.90506e+21	
982	5.44072e+19	
983	2.3752e+19	
984	1.85633e+19	
985	1.19256e+19	
986	1.07792e+19	
987	8.91493e+18	
988	6.8924e+18	
989	7.31577e+18	
990	7.79743e+18	
991	7.80523e+18	
992	7.76187e+18	
993	6.76034e+18	
994	7.51744e+18	
995	6.85246e+18	
996	6.2539e+18	
997	6.72758e+18	
998	6.73802e+18	
999	6.71226e+18	
1000	6.41502e+18	
1001	7.3565e+18	
1002	8.27734e+18	
1003	8.20883e+18	
1004	9.78518e+18	
1005	1.28237e+19	
1006	1.46724e+19	
1007	1.45824e+19	
1008	2.05342e+19	
1009	4.97622e+19	
1010	6.97863e+20	
1011	2.01736e+20	
1012	4.44079e+19	
1013	1.73397e+19	
1014	1.21963e+19	
1015	9.98391e+18	
1016	7.12321e+18	
1017	6.27939e+18	
1018	6.04594e+18	
1019	6.265e+18	
1020	4.90416e+18	
1021	4.88546e+18	
1022	4.70337e+18	
1023	4.91767e+18	
1024	5.23098e+18	
1025	5.05275e+18	
1026	4.63111e+18	
1027	5.2494e+18	
1028	6.27999e+18	
1029	6.49671e+18	
1030	8.18892e+18	
1031	1.04702e+19	
1032	1.32506e+19	
1033	4.47901e+19	
1034	4.50565e+20	
1035	1.83531e+19	
1036	8.40159e+18	
1037	6.86356e+18	
1038	6.05617e+18	
1039	4.65929e+18	
1040	4.56261e+18	
1041	4.26982e+18	
1042	3.86217e+18	
1043	4.27689e+18	
1044	4.32541e+18	
1045	3.90332e+18	
1046	3.7669e+18	
1047	3.87686e+18	
1048	3.78211e+18	
1049	3.93395e+18	
1050	3.7336e+18	
1051	3.76853e+18	
1052	3.6459e+18	
1053	3.79228e+18	
1054	4.23388e+18	
1055	4.28048e+18	
1056	4.58847e+18	
1057	4.23472e+18	
1058	4.45157e+18	
1059	5.4005e+18	
1060	5.05006e+18	
1061	7.21026e+18	
1062	7.78628e+19	
1063	1.74469e+19	
1064	5.18128e+18	
1065	3.71677e+18	
1066	3.73032e+18	
1067	3.28378e+18	
1068	2.71464e+18	
1069	3.13085e+18	
1070	3.26731e+18	
1071	2.8882e+18	
1072	3.14138e+18	
1073	3.03361e+18	
1074	2.9116e+18	
1075	2.8191e+18	
1076	2.74216e+18	
1077	2.77033e+18	
1078	2.65791e+18	
1079	2.40208e+18	
1080	2.46214e+18	
1081	2.39404e+18	
1082	2.93318e+18	
1083	3.27961e+18	
1084	3.62649e+18	
1085	4.13656e+18	
1086	4.3289e+18	
1087	5.19534e+18	
1088	5.21959e+18	
1089	8.17307e+18	
1090	2.04301e+19	
1091	1.99592e+20	
1092	6.87795e+19	
1093	1.52477e+19	
1094	7.71559e+18	
1095	5.17076e+18	
1096	5.60438e+18	
1097	6.39453e+18	
1098	5.26858e+18	
1099	5.37193e+18	
1100	5.68327e+18	
1101	5.74892e+18	
1102	6.45181e+18	
1103	6.36632e+18	
1104	6.86629e+18	
1105	6.75373e+18	
1106	6.26681e+18	
1107	6.4219e+18	
1108	7.87191e+18	
1109	6.84777e+18	
1110	6.55806e+18	
1111	6.97448e+18	
1112	7.08835e+18	
1113	7.30616e+18	
1114	6.93178e+18	
1115	7.3938e+18	
1116	7.27232e+18	
1117	6.67927e+18	
1118	6.75691e+18	
1119	7.05631e+18	
1120	9.79531e+18	
1121	1.08667e+19	
1122	2.65286e+19	
1123	3.24742e+22	
1124	2.84028e+19	
1125	1.46335e+19	
1126	1.0714e+19	
1127	8.37457e+18	
1128	7.79735e+18	
1129	9.69213e+18	
1130	1.17424e+19	
1131	1.64316e+19	
1132	2.4597e+19	
1133	3.32356e+20	
1134	5.57342e+19	
1135	1.30078e+19	
1136	8.83849e+18	
1137	6.43866e+18	
1138	5.75412e+18	
1139	5.1875e+18	
1140	5.95773e+18	
1141	7.82921e+18	
1142	1.10458e+19	
1143	3.28119e+19	
1144	9.47224e+24	
1145	3.2278e+19	
1146	1.31539e+19	
1147	9.4972e+18	
1148	8.88843e+18	
1149	8.74093e+18	
1150	6.98835e+18	
1151	5.48744e+18	
1152	5.32453e+18	
1153	4.56244e+18	
1154	5.24692e+18	
1155	4.76975e+18	
1156	4.93213e+18	
1157	4.49106e+18	
1158	4.26709e+18	
1159	5.02659e+18	
1160	4.6516e+18	
1161	4.79483e+18	
1162	4.98158e+18	
1163	4.84002e+18	
1164	4.33467e+18	
1165	4.20248e+18	
1166	3.96758e+18	
1167	3.76333e+18	
1168	3.44832e+18	
1169	3.32168e+18	
1170	3.36428e+18	
1171	3.48112e+18	
1172	3.07154e+18	
1173	3.36744e+18	
1174	3.61193e+18	
1175	3.53039e+18	
1176	3.67389e+18	
1177	4.3972e+18	
1178	4.1379e+18	
1179	4.06557e+18	
1180	4.32925e+18	
1181	4.00938e+18	
1182	4.31665e+18	
1183	4.04109e+18	
1184	4.8586e+18	
1185	4.95141e+18	
1186	4.4193e+18	
1187	5.11693e+18	
1188	5.8804e+18	
1189	5.13701e+18	
1190	4.71022e+18	
1191	4.86062e+18	
1192	4.86828e+18	
1193	4.1801e+18	
1194	3.76185e+18	
1195	4.29745e+18	
1196	5.01616e+18	
1197	7.07634e+18	
1198	4.25193e+19	
1199	2.86619e+19	
1200	7.55878e+18	
1201	4.10405e+18	
1202	3.85972e+18	
1203	3.60672e+18	
1204	4.03654e+18	
1205	4.28827e+18	
1206	3.90405e+18	
1207	4.41728e+18	
1208	4.10528e+18	
1209	3.35337e+18	
1210	3.76984e+18	
1211	4.81453e+18	
1212	4.67278e+18	
1213	4.94121e+18	
1214	5.50217e+18	
1215	5.32674e+18	
1216	4.80315e+18	
1217	4.67239e+18	
1218	5.74474e+18	
1219	8.05033e+18	
1220	1.66928e+19	
1221	2.52314e+21	
1222	1.21625e+19	
1223	7.13525e+18	
1224	5.29558e+18	
1225	5.09436e+18	
1226	6.1799e+18	
1227	5.68954e+18	
1228	5.233e+18	
1229	5.09344e+18	
1230	5.10143e+18	
1231	4.78211e+18	
1232	4.43123e+18	
1233	4.23051e+18	
1234	5.23342e+18	
1235	7.11349e+18	
1236	1.83138e+19	
1237	6.73034e+20	
1238	4.26717e+19	
1239	9.94886e+18	
1240	6.59619e+18	
1241	6.48723e+18	
1242	5.38115e+18	
1243	4.61265e+18	
1244	4.71792e+18	
1245	4.37731e+18	
1246	4.27642e+18	
1247	4.67764e+18	
1248	4.31541e+18	
1249	3.68405e+18	
1250	3.55547e+18	
1251	3.54535e+18	
1252	3.93938e+18	
1253	3.66409e+18	
1254	3.46326e+18	
1255	3.46324e+18	
1256	3.51247e+18	
1257	3.22813e+18	
1258	3.24072e+18	
1259	3.46243e+18	
1260	3.26669e+18	
1261	3.12536e+18	
1262	3.4421e+18	
1263	3.33058e+18	
1264	3.87095e+18	
1265	3.79902e+18	
1266	3.58395e+18	
1267	4.20287e+18	
1268	5.50519e+18	
1269	8.61237e+18	
1270	3.7633e+19	
1271	2.24737e+20	
1272	1.66099e+19	
1273	6.18367e+18	
1274	6.17174e+18	
1275	7.4499e+18	
1276	5.48865e+18	
1277	4.58246e+18	
1278	4.71029e+18	
1279	6.65066e+18	
1280	9.64083e+18	
1281	1.84088e+19	
1282	2.43644e+21	
1283	3.01964e+19	
1284	1.17411e+19	
1285	1.13204e+19	
1286	9.42839e+18	
1287	7.53537e+18	
1288	7.50263e+18	
1289	5.67999e+18	
1290	6.22289e+18	
1291	5.83236e+18	
1292	6.08372e+18	
1293	6.92538e+18	
1294	1.2952e+19	
1295	4.55748e+19	
1296	1.81579e+20	
1297	1.51907e+19	
1298	8.66693e+18	
1299	6.96638e+18	
1300	7.24832e+18	
1301	5.81223e+18	
1302	4.76758e+18	
1303	4.75218e+18	
1304	5.51976e+18	
1305	6.08516e+18	
1306	7.23037e+18	
1307	7.24348e+18	
1308	6.41969e+18	
1309	6.7169e+18	
1310	7.08848e+18	
1311	6.29822e+18	
1312	5.95075e+18	
1313	5.72725e+18	
1314	5.3952e+18	
1315	4.67528e+18	
1316	4.22284e+18	
1317	4.95346e+18	
1318	4.1217e+18	
1319	3.87696e+18	
1320	4.09189e+18	
1321	4.34804e+18	
1322	4.05267e+18	
1323	4.20803e+18	
1324	4.23753e+18	
1325	3.83016e+18	
1326	3.60921e+18	
1327	3.37407e+18	
1328	3.62808e+18	
1329	3.05987e+18	
1330	3.90277e+18	
1331	3.25011e+18	
1332	3.83935e+18	
1333	5.46174e+18	
1334	1.20271e+19	
1335	4.7174e+20	
1336	3.36726e+19	
1337	9.59802e+18	
1338	4.74625e+18	
1339	5.0779e+18	
1340	4.55709e+18	
1341	3.92874e+18	
1342	4.144e+18	
1343	3.97898e+18	
1344	5.01944e+18	
1345	6.71868e+18	
1346	1.29272e+19	
1347	2.22616e+19	
1348	2.08787e+20	
1349	7.64118e+19	
1350	9.43827e+18	
1351	4.94285e+18	
1352	3.77153e+18	
1353	3.59099e+18	
1354	3.32116e+18	
1355	3.8646e+18	
1356	3.3035e+18	
1357	3.32201e+18	
1358	3.30595e+18	
1359	3.27064e+18	
1360	3.86118e+18	
1361	3.22761e+18	
1362	3.28865e+18	
1363	3.43128e+18	
1364	2.91972e+18	
1365	3.27367e+18	
1366	3.14908e+18	
1367	2.88509e+18	
1368	3.42806e+18	
1369	3.15393e+18	
1370	3.03891e+18	
1371	2.59007e+18	
1372	2.53521e+18	
1373	3.11196e+18	
1374	3.16474e+18	
1375	2.64481e+18	
1376	2.30017e+18	
1377	2.03454e+18	
1378	1.97806e+18	
1379	2.19728e+18	
1380	2.61684e+18	
1381	3.41759e+18	
1382	5.35685e+18	
1383	1.78651e+24	
1384	5.42879e+18	
1385	3.13078e+18	
1386	2.78543e+18	
1387	1.9343e+18	
1388	1.96436e+18	
1389	1.96214e+18	
1390	1.54111e+18	
1391	1.69132e+18	
1392	1.50492e+18	
1393	1.49732e+18	
1394	1.32573e+18	
1395	1.29699e+18	
1396	1.22402e+18	
1397	1.48832e+18	
1398	1.85434e+18	
1399	1.55634e+18	
1400	1.68413e+18	
1401	1.54144e+18	
1402	1.52816e+18	
1403	1.4574e+18	
1404	1.46864e+18	
1405	2.09889e+18	
1406	1.85426e+18	
1407	1.89025e+18	
1408	2.14251e+18	
1409	2.12842e+18	
1410	1.90545e+18	
1411	1.99327e+18	
1412	2.71039e+18	
1413	3.53054e+18	
1414	4.72978e+18	
1415	5.76782e+18	
1416	1.32473e+19	
1417	4.82484e+19	
1418	6.12889e+20	
1419	2.32139e+19	
1420	1.08414e+19	
1421	3.73723e+18	
1422	3.0427e+18	
1423	3.29593e+18	
1424	2.75609e+18	
1425	2.90798e+18	
1426	2.658e+18	
1427	3.05943e+18	
1428	3.24433e+18	
1429	2.94451e+18	
1430	2.93894e+18	
1431	3.12685e+18	
1432	3.13978e+18	
1433	3.18888e+18	
1434	2.93878e+18	
1435	3.27055e+18	
1436	4.23891e+18	
1437	3.90329e+18	
1438	3.86475e+18	
1439	4.63066e+18	
1440	4.31373e+18	
1441	4.32471e+18	
1442	3.93136e+18	
1443	3.96888e+18	
1444	4.39632e+18	
1445	3.94294e+18	
1446	3.6953e+18	
1447	4.07408e+18	
1448	4.59752e+18	
1449	4.07763e+18	
1450	4.29964e+18	
1451	4.22695e+18	
1452	3.8951e+18	
1453	4.26714e+18	
1454	4.49858e+18	
1455	3.30178e+18	
1456	3.79035e+18	
1457	4.83701e+18	
1458	5.5611e+18	
1459	7.93371e+18	
1460	1.88008e+19	
1461	2.80158e+20	
1462	4.06445e+19	
1463	8.6015e+18	
1464	5.61269e+18	
1465	5.31916e+18	
1466	5.87822e+18	
1467	4.45627e+18	
1468	4.67971e+18	
1469	5.74696e+18	
1470	6.66832e+18	
1471	8.3712e+18	
1472	1.63308e+19	
1473	1.53874e+20	
1474	4.09183e+19	
1475	1.16084e+19	
1476	6.75187e+18	
1477	5.34766e+18	
1478	5.02203e+18	
1479	4.16625e+18	
1480	3.93375e+18	
1481	3.4378e+18	
1482	3.0574e+18	
1483	2.66707e+18	
1484	2.55327e+18	
1485	2.96065e+18	
1486	2.84661e+18	
1487	2.47835e+18	
1488	2.72538e+18	
1489	2.55512e+18	
1490	3.09921e+18	
1491	3.072e+18	
1492	2.51363e+18	
1493	2.51458e+18	
1494	2.84098e+18	
1495	2.26805e+18	
1496	3.5704e+18	
1497	5.62803e+18	
1498	4.90933e+18	
1499	7.64658e+18	
1500	9.39957e+18	
1501	8.3655e+19	
1502	4.34705e+19	
1503	7.57074e+18	
1504	4.75736e+18	
1505	2.48699e+18	
1506	2.02403e+18	
1507	1.86633e+18	
1508	1.51794e+18	
1509	1.21785e+18	
1510	1.30868e+18	
1511	1.33138e+18	
1512	1.31995e+18	
1513	1.31262e+18	
1514	1.18457e+18	
1515	1.26567e+18	
1516	1.35944e+18	
1517	1.49549e+18	
1518	1.36898e+18	
1519	1.63849e+18	
1520	1.50611e+18	
1521	1.32243e+18	
1522	1.75053e+18	
1523	1.67599e+18	
1524	2.25673e+18	
1525	5.12771e+18	
1526	1.26561e+20	
1527	1.30692e+19	
1528	4.5786e+18	
1529	1.85512e+18	
1530	1.31471e+18	
1531	1.70836e+18	
1532	1.49032e+18	
1533	1.37291e+18	
1534	1.26565e+18	
1535	1.4979e+18	
1536	1.52971e+18	
1537	1.55533e+18	
1538	1.88595e+18	
1539	1.6814e+18	
1540	1.5248e+18	
1541	1.70959e+18	
1542	1.7392e+18	
1543	1.60626e+18	
1544	1.53633e+18	
1545	1.49505e+18	
1546	1.5616e+18	
1547	1.59684e+18	
1548	1.39626e+18	
1549	1.35275e+18	
1550	1.43023e+18	
1551	1.23683e+18	
1552	1.24218e+18	
1553	1.23996e+18	
1554	1.13177e+18	
1555	1.14856e+18	
1556	1.46884e+18	
1557	1.56456e+18	
1558	1.32674e+18	
1559	1.12035e+18	
1560	1.26219e+18	
1561	1.08435e+18	
1562	1.14054e+18	
1563	1.28242e+18	
1564	1.35434e+18	
1565	1.30059e+18	
1566	1.7001e+18	
1567	1.45651e+18	
1568	2.33803e+18	
1569	1.08794e+19	
1570	3.64905e+22	
1571	9.53489e+18	
1572	2.72603e+18	
1573	1.56481e+18	
1574	1.59498e+18	
1575	1.50714e+18	
1576	1.43549e+18	
1577	1.43214e+18	
1578	1.43158e+18	
1579	1.46108e+18	
1580	1.8972e+18	
1581	1.8445e+18	
1582	2.53002e+18	
1583	3.68054e+18	
1584	2.01193e+19	
1585	5.18642e+19	
1586	3.93581e+18	
1587	2.71363e+18	
1588	1.58608e+18	
1589	1.46766e+18	
1590	1.44249e+18	
1591	1.77304e+18	
1592	1.70806e+18	
1593	1.55359e+18	
1594	1.45788e+18	
1595	1.77892e+18	
1596	2.76251e+18	
1597	7.51387e+18	
1598	2.40708e+20	
1599	6.66469e+18	
1600	3.88558e+18	
1601	2.01432e+18	
1602	1.67389e+18	
1603	2.00586e+18	
1604	1.27262e+18	
1605	2.08202e+18	
1606	5.46883e+18	
1607	2.52527e+19	
1608	3.69329e+19	
1609	5.28815e+18	
1610	2.32948e+18	
1611	1.50807e+18	
1612	1.57627e+18	
1613	1.49317e+18	
1614	1.81739e+18	
1615	1.56146e+18	
1616	1.274e+18	
1617	1.71251e+18	
1618	1.51523e+18	
1619	1.67376e+18	
1620	1.39924e+18	
1621	1.4372e+18	
1622	1.50599e+18	
1623	1.44457e+18	
1624	1.12236e+18	
1625	1.11156e+18	
1626	1.05179e+18	
1627	9.90737e+17	
1628	8.22297e+17	
1629	8.89309e+17	
1630	9.24662e+17	
1631	7.13387e+17	
1632	6.21824e+17	
1633	5.49101e+17	
1634	5.61824e+17	
1635	5.21155e+17	
1636	6.22065e+17	
1637	5.29832e+17	
1638	5.68081e+17	
1639	5.30801e+17	
1640	5.33391e+17	
1641	6.63216e+17	
1642	6.50892e+17	
1643	7.2406e+17	
1644	1.71557e+18	
1645	1.14245e+19	
1646	6.60734e+17	
1647	5.48613e+17	
1648	4.863e+17	
1649	3.61335e+17	
1650	3.76557e+17	
1651	2.96865e+17	
1652	3.35478e+17	
1653	3.44651e+17	
1654	3.24712e+17	
1655	2.67636e+17	
1656	2.97073e+17	
1657	3.24629e+17	
1658	3.41111e+17	
1659	3.52124e+17	
1660	2.53893e+17	
1661	2.64658e+17	
1662	2.47218e+17	
1663	2.42019e+17	
1664	2.37291e+17	
1665	2.88169e+17	
1666	3.1318e+17	
1667	2.87652e+17	
1668	3.4637e+17	
1669	3.15088e+17	
1670	3.41214e+17	
1671	3.50784e+17	
1672	3.43711e+17	
1673	2.96044e+17	
1674	3.84169e+17	
1675	3.08757e+17	
1676	2.64854e+17	
1677	3.11724e+17	
1678	2.18265e+17	
1679	3.44988e+17	
1680	3.10632e+17	
1681	2.51388e+17	
1682	3.35149e+17	
1683	2.47643e+17	
1684	2.5817e+17	
1685	2.74927e+17	
1686	2.85803e+17	
1687	2.44343e+17	
1688	2.39085e+17	
1689	2.74362e+17	
1690	3.62609e+17	
1691	3.09846e+17	
1692	4.58723e+17	
1693	5.86796e+17	
1694	7.31277e+17	
1695	6.45406e+17	
1696	3.83075e+17	
1697	3.6606e+17	
1698	9.4766e+17	
1699	7.39178e+18	
1700	1.46843e+21	
1701	7.98088e+18	
1702	1.27264e+18	
1703	8.14348e+17	
1704	8.14919e+17	
1705	4.96225e+17	
1706	5.52925e+17	
1707	4.90905e+17	
1708	4.79128e+17	
1709	4.94957e+17	
1710	6.22855e+17	
1711	7.25924e+17	
1712	1.8311e+18	
1713	1.47261e+20	
1714	3.42406e+18	
1715	1.18143e+18	
1716	8.4679e+17	
1717	7.63676e+17	
1718	7.09193e+17	
1719	5.90179e+17	
1720	8.90772e+17	
1721	8.82644e+17	
1722	7.54563e+17	
1723	1.0308e+18	
1724	2.44399e+18	
1725	1.21633e+21	
1726	2.24269e+18	
1727	8.74217e+17	
1728	6.43169e+17	
1729	7.43184e+17	
1730	5.92161e+17	
1731	6.50921e+17	
1732	5.60769e+17	
1733	5.42048e+17	
1734	5.81152e+17	
1735	5.53966e+17	
1736	7.07062e+17	
1737	5.79249e+17	
1738	5.14548e+17	
1739	6.4346e+17	
1740	4.66381e+17	
1741	4.07078e+17	
1742	4.25812e+17	
1743	3.77627e+17	
1744	3.39081e+17	
1745	3.53761e+17	
1746	3.80107e+17	
1747	3.21359e+17	
1748	3.27614e+17	
1749	3.58076e+17	
1750	7.01593e+17	
1751	7.8027e+17	
1752	7.21869e+17	
1753	1.02559e+19	
1754	2.63037e+18	
1755	6.49727e+17	
1756	2.9754e+17	
1757	2.48447e+17	
1758	2.44924e+17	
1759	1.51378e+17	
1760	1.73822e+17	
1761	1.66942e+17	
1762	1.82127e+17	
1763	2.93827e+17	
1764	2.3213e+17	
1765	2.84191e+17	
1766	2.86574e+17	
1767	3.04045e+17	
1768	2.61728e+17	
1769	2.76271e+17	
1770	3.15917e+17	
1771	2.25155e+17	
1772	2.50682e+17	
1773	3.18443e+17	
1774	5.09428e+17	
1775	5.26078e+17	
1776	2.10594e+18	
1777	3.71442e+18	
1778	6.26019e+17	
1779	3.27102e+17	
1780	2.38311e+17	
1781	3.0759e+17	
1782	2.44623e+17	
1783	2.7921e+17	
1784	2.4761e+17	
1785	2.57642e+17	
1786	2.45199e+17	
1787	2.62004e+17	
1788	3.20543e+17	
1789	2.83845e+17	
1790	3.27309e+17	
1791	3.83075e+17	
1792	3.99233e+17	
1793	3.76321e+17	
1794	3.4726e+17	
1795	4.31464e+17	
1796	5.02556e+17	
1797	4.38202e+17	
1798	4.27055e+17	
1799	3.82283e+17	
1800	3.2744e+17	
1801	2.9574e+17	
1802	3.40868e+17	
1803	3.05781e+17	
1804	2.33895e+17	
1805	1.91748e+17	
1806	1.8673e+17	
1807	1.96698e+17	
1808	1.82558e+17	
1809	2.19727e+17	
1810	1.7882e+17	
1811	1.80768e+17	
1812	1.85399e+17	
1813	1.79394e+17	
1814	1.96519e+17	
1815	1.518e+17	
1816	1.66914e+17	
1817	1.72481e+17	
1818	1.67228e+17	
1819	1.87336e+17	
1820	2.01505e+17	
1821	3.13709e+17	
1822	3.35775e+17	
1823	4.53953e+17	
1824	3.87302e+17	
1825	5.09248e+17	
1826	5.56397e+17	
1827	6.8797e+17	
1828	5.87064e+17	
1829	7.84051e+17	
1830	3.34059e+17	
1831	1.66139e+17	
1832	2.40893e+17	
1833	6.1125e+17	
1834	3.79687e+18	
1835	1.17823e+20	
1836	1.52324e+18	
1837	4.59412e+17	
1838	2.21666e+17	
1839	1.05386e+17	
1840	1.03467e+17	
1841	1.07905e+17	
1842	1.01505e+17	
1843	1.38725e+17	
1844	2.10395e+17	
1845	7.59587e+17	
1846	8.01373e+19	
1847	6.99943e+17	
1848	2.99601e+17	
1849	1.75163e+17	
1850	2.07047e+17	
1851	1.131e+17	
1852	9.95122e+16	
1853	7.81739e+16	
1854	6.90603e+16	
1855	6.88482e+16	
1856	7.37937e+16	
1857	1.11111e+17	
1858	1.3608e+17	
1859	2.52365e+17	
1860	3.12282e+18	
1861	7.6505e+17	
1862	1.89255e+17	
1863	6.26933e+16	
1864	5.84384e+16	
1865	5.02438e+16	
1866	5.03037e+16	
1867	6.11444e+16	
1868	5.13948e+16	
1869	3.93377e+16	
1870	3.59835e+16	
1871	3.93126e+16	
1872	3.88144e+16	
1873	4.0001e+16	
1874	3.41672e+16	
1875	3.55996e+16	
1876	4.11381e+16	
1877	2.87485e+16	
1878	3.54906e+16	
1879	3.95276e+16	
1880	4.28191e+16	
1881	3.84185e+16	
1882	6.70385e+16	
1883	1.19227e+17	
1884	3.35989e+17	
1885	2.38467e+18	
1886	1.03131e+17	
1887	6.36546e+16	
1888	6.51039e+16	
1889	7.02448e+16	
1890	6.01558e+16	
1891	8.13395e+16	
1892	7.59367e+16	
1893	1.19048e+17	
1894	1.64541e+17	
1895	2.17989e+17	
1896	2.80169e+17	
1897	6.42301e+17	
1898	1.28642e+19	
1899	1.2409e+18	
1900	2.66337e+17	
1901	1.08831e+17	
1902	1.06515e+17	
1903	8.83028e+16	
1904	9.48767e+16	
1905	1.02861e+17	
1906	1.1231e+17	
1907	1.61522e+17	
1908	1.76619e+17	
1909	1.24587e+17	
1910	1.95959e+17	
1911	1.97505e+17	
1912	2.81313e+18	
1913	1.68653e+18	
1914	2.86211e+17	
1915	1.14249e+17	
1916	1.01941e+17	
1917	8.0173e+16	
1918	7.94019e+16	
1919	7.98247e+16	
1920	6.25069e+16	
1921	6.6371e+16	
1922	6.12871e+16	
1923	5.89311e+16	
1924	5.3316e+16	
1925	5.0218e+16	
1926	5.02942e+16	
1927	4.49747e+16	
1928	4.76938e+16	
1929	3.97707e+16	
1930	4.5546e+16	
1931	4.40002e+16	
1932	4.36187e+16	
1933	4.37257e+16	
1934	4.65492e+16	
1935	3.91823e+16	
1936	3.80846e+16	
1937	2.61495e+16	
1938	2.93608e+16	
1939	3.61851e+16	
1940	3.89239e+16	
1941	5.45333e+16	
1942	1.22549e+17	
1943	3.12081e+17	
1944	4.29906e+18	
1945	6.17025e+17	
1946	2.06869e+17	
1947	9.09063e+16	
1948	5.95532e+16	
1949	4.60767e+16	
1950	4.05236e+16	
1951	3.71122e+16	
1952	3.11126e+16	
1953	3.24969e+16	
1954	4.76821e+16	
1955	3.6005e+16	
1956	3.48027e+16	
1957	3.93879e+16	
1958	3.43417e+16	
1959	3.08521e+16	
1960	3.11164e+16	
1961	3.54293e+16	
1962	2.38448e+16	
1963	2.76867e+16	
1964	2.98215e+16	
1965	3.00985e+16	
1966	2.32206e+16	
1967	2.16556e+16	
1968	2.58816e+16	
1969	2.55306e+16	
1970	2.7769e+16	
1971	2.45899e+16	
1972	3.17843e+16	
1973	2.85249e+16	
1974	3.05885e+16	
1975	3.15376e+16	
1976	2.19392e+16	
1977	1.77617e+16	
1978	1.75427e+16	
1979	2.09635e+16	
1980	1.71345e+16	
1981	1.55766e+16	
1982	1.77763e+16	
1983	1.76305e+16	
1984	2.11814e+16	
1985	2.03916e+16	
1986	2.1315e+16	
1987	2.84138e+16	
1988	2.42009e+16	
1989	1.99018e+16	
1990	4.22698e+16	
1991	6.01189e+16	
1992	3.44578e+17	
1993	1.2279e+18	
1994	1.04365e+17	
1995	2.691e+16	
1996	2.39958e+16	
1997	1.62275e+16	
1998	1.59714e+16	
1999	1.33453e+16	
2000	1.29158e+16	
2001	1.2961e+16	
2002	1.3744e+16	
2003	1.10707e+16	
2004	1.13318e+16	
2005	1.10681e+16	
2006	1.06851e+16	
2007	8.61365e+15	
2008	9.97874e+15	
2009	1.36241e+16	
2010	1.16395e+16	
2011	1.76157e+16	
2012	1.69798e+16	
2013	2.88593e+16	
2014	2.84754e+16	
2015	2.78879e+16	
2016	3.27545e+16	
2017	7.13146e+16	
2018	9.69976e+16	
2019	6.0876e+17	
2020	2.73012e+17	
2021	6.62675e+16	
2022	3.93276e+16	
2023	2.83114e+16	
2024	3.80538e+16	
2025	2.54729e+16	
2026	2.74551e+16	
2027	2.87262e+16	
2028	2.75521e+16	
2029	2.65248e+16	
2030	3.4912e+16	
2031	3.44304e+16	
2032	3.35272e+16	
2033	3.44481e+16	
2034	3.61989e+16	
2035	7.24696e+16	
2036	8.04051e+16	
2037	1.81489e+19	
2038	1.44803e+17	
2039	8.2744e+16	
2040	5.43647e+16	
2041	5.09225e+16	
2042	6.73764e+16	
2043	6.72221e+16	
2044	5.5492e+16	
2045	4.55542e+16	
2046	5.01929e+16	
2047	4.99415e+16	
2048	5.58219e+16	
2049	4.92914e+16	
2050	6.65823e+16	
2051	6.84335e+16	
2052	5.83979e+16	
2053	7.20268e+16	
2054	5.0372e+16	
2055	5.54976e+16	
2056	4.51359e+16	
2057	6.03999e+16	
2058	8.53252e+16	
2059	1.0362e+17	
2060	7.52698e+16	
2061	7.77426e+16	
2062	7.7634e+16	
2063	9.93643e+16	
2064	1.17735e+17	
2065	9.79128e+16	
2066	1.32814e+17	
2067	1.09731e+17	
2068	9.71305e+16	
2069	8.62245e+16	
2070	8.62516e+16	
2071	9.38143e+16	
2072	7.35429e+16	
2073	8.45566e+16	
2074	1.0142e+17	
2075	6.271e+16	
2076	8.23269e+16	
2077	8.30558e+16	
2078	1.05698e+17	
2079	1.11865e+17	
2080	1.49402e+17	
2081	2.11636e+17	
2082	3.55991e+17	
2083	3.28423e+21	
2084	4.23526e+17	
2085	2.57254e+17	
2086	1.37679e+17	
2087	1.45841e+17	
2088	9.83763e+16	
2089	1.38499e+17	
2090	6.94822e+16	
2091	8.48074e+16	
2092	8.73648e+16	
2093	1.1922e+17	
2094	1.26173e+17	
2095	1.51315e+17	
2096	1.21673e+17	
2097	7.98678e+17	
2098	8.6403e+17	
2099	1.63756e+17	
2100	5.46708e+16	
2101	4.43468e+16	
2102	4.54696e+16	
2103	6.69694e+16	
2104	5.76023e+16	
2105	5.69356e+16	
2106	5.70949e+16	
2107	5.64388e+16	
2108	5.13772e+16	
2109	5.23353e+16	
2110	6.26894e+16	
2111	5.28056e+16	
2112	4.09901e+16	
2113	3.90676e+16	
2114	3.51457e+16	
2115	3.43294e+16	
2116	3.72742e+16	
2117	2.64236e+16	
2118	2.90367e+16	
2119	2.22016e+16	
2120	1.48747e+16	
2121	2.24178e+16	
2122	2.50878e+16	
2123	2.9763e+16	
2124	3.56418e+16	
2125	8.60314e+16	
2126	3.15909e+17	
2127	1.63804e+17	
2128	2.79204e+16	
2129	2.3727e+16	
2130	2.16592e+16	
2131	2.56862e+16	
2132	1.73003e+16	
2133	2.57669e+16	
2134	2.2904e+16	
2135	1.40133e+16	
2136	1.63082e+16	
2137	1.90895e+16	
2138	3.60755e+16	
2139	7.92502e+18	
2140	4.56453e+16	
2141	3.24818e+16	
2142	3.70093e+16	
2143	2.36403e+16	
2144	2.60432e+16	
2145	4.48353e+16	
2146	2.89519e+16	
2147	1.39275e+16	
2148	3.08612e+16	
2149	8.29932e+16	
2150	9.66728e+16	
2151	3.13894e+16	
2152	3.55572e+17	
2153	3.06002e+18	
2154	4.43911e+17	
2155	9.80871e+19	
2156	4.88895e+17	
2157	5.81674e+16	
2158	6.15689e+17	
2159	1.7994e+17	
2160	6.60323e+16	
2161	8.1871e+16	
2162	1.75914e+17	
2163	1.30616e+17	
2164	1.03156e+17	
2165	1.45885e+17	
2166	1.41869e+17	
2167	1.478e+17	
2168	2.2427e+17	
2169	5.66766e+17	
2170	1.05497e+19	
2171	1.12036e+18	
2172	3.66243e+17	
2173	1.74968e+17	
2174	1.66616e+17	
2175	1.50904e+17	
2176	1.34811e+17	
2177	1.14491e+17	
2178	1.23335e+17	
2179	1.69894e+17	
2180	1.12085e+17	
2181	1.85693e+17	
2182	1.35183e+17	
2183	1.58652e+17	
2184	1.11746e+17	
2185	2.06181e+17	
2186	1.99581e+17	
2187	2.0648e+17	
2188	1.39223e+17	
2189	2.73687e+17	
2190	2.1305e+17	
2191	2.77027e+17	
2192	2.02279e+17	
2193	3.17381e+17	
2194	9.51838e+17	
2195	3.22369e+20	
2196	3.55256e+17	
2197	1.55104e+17	
2198	1.11414e+17	
2199	7.3448e+16	
2200	5.31363e+16	
2201	5.33572e+16	
2202	5.17333e+16	
2203	5.46951e+16	
2204	5.64209e+16	
2205	5.21456e+16	
2206	4.57975e+16	
2207	4.29746e+16	
2208	5.91418e+16	
2209	6.99045e+16	
2210	4.44072e+16	
2211	3.52713e+16	
2212	4.03708e+16	
2213	3.08066e+16	
2214	3.02762e+16	
2215	4.02079e+16	
2216	3.04528e+16	
2217	3.14764e+16	
2218	2.6644e+16	
2219	3.33661e+16	
2220	3.41069e+16	
2221	3.78181e+16	
2222	3.68441e+16	
2223	2.78818e+16	
2224	3.47472e+16	
2225	3.12076e+16	
2226	4.1253e+16	
2227	3.33638e+16	
2228	3.12101e+16	
2229	4.77371e+16	
2230	6.27139e+16	
2231	4.15454e+16	
2232	4.82804e+16	
2233	5.57941e+16	
2234	5.83841e+16	
2235	5.516e+16	
2236	4.8999e+16	
2237	4.68004e+16	
2238	5.08684e+16	
2239	3.85937e+16	
2240	5.00628e+16	
2241	4.96504e+16	
2242	5.41902e+16	
2243	3.70869e+16	
2244	5.60941e+16	
2245	6.6134e+16	
2246	7.20099e+16	
2247	8.21347e+16	
2248	8.81642e+16	
2249	9.8563e+16	
2250	1.17337e+17	
2251	1.23857e+17	
2252	9.66955e+16	
2253	1.76374e+17	
2254	1.27173e+17	
2255	4.19127e+17	
2256	2.21679e+18	
2257	1.93193e+18	
2258	2.39648e+17	
2259	2.91686e+17	
2260	2.20351e+17	
2261	2.00611e+17	
2262	1.854e+17	
2263	1.94915e+17	
2264	3.219e+17	
2265	3.72445e+17	
2266	3.39101e+17	
2267	2.3068e+17	
2268	3.18407e+17	
2269	2.67218e+17	
2270	2.79681e+17	
2271	3.49901e+17	
2272	3.10272e+17	
2273	3.15609e+17	
2274	2.93916e+17	
2275	3.35828e+17	
2276	4.0911e+17	
2277	4.23569e+17	
2278	3.59321e+17	
2279	6.01879e+17	
2280	5.03979e+17	
2281	8.59656e+17	
2282	1.57091e+18	
2283	5.56115e+19	
2284	6.67783e+18	
2285	1.81679e+18	
2286	1.46157e+18	
2287	8.97727e+17	
2288	5.73083e+17	
2289	5.31603e+17	
2290	4.03266e+17	
2291	2.62743e+17	
2292	2.90359e+17	
2293	2.02147e+17	
2294	2.32037e+17	
2295	1.35861e+17	
2296	9.81757e+16	
2297	1.08896e+17	
2298	7.05784e+16	
2299	7.85989e+16	
2300	8.19024e+16	
2301	6.79238e+16	
2302	4.51585e+16	
2303	5.72863e+16	
2304	6.32675e+16	
2305	1.19067e+17	
2306	2.28637e+17	
2307	2.7777e+19	
2308	1.53942e+17	
2309	7.75435e+16	
2310	4.2256e+16	
2311	4.81696e+16	
2312	5.09983e+16	
2313	5.73586e+16	
2314	3.9164e+16	
2315	8.21566e+16	
2316	2.67737e+17	
2317	1.03195e+20	
2318	1.36546e+17	
2319	7.33975e+16	
2320	5.08001e+16	
2321	2.98233e+16	
2322	1.94911e+16	
2323	1.96597e+16	
2324	2.16701e+16	
2325	1.87266e+16	
2326	1.20553e+16	
2327	1.92245e+16	
2328	3.89937e+16	
2329	4.4326e+17	
2330	2.30735e+16	
2331	1.60325e+16	
2332	8.22001e+15	
2333	1.2288e+16	
2334	1.27726e+16	
2335	1.04778e+16	
2336	5.67616e+15	
2337	9.75049e+15	
2338	1.0473e+16	
2339	1.11379e+16	
2340	6.34867e+15	
2341	9.23632e+15	
2342	6.6091e+15	
2343	7.04728e+15	
2344	7.65821e+15	
2345	6.71381e+15	
2346	5.46853e+15	
2347	5.90918e+15	
2348	5.84675e+15	
2349	5.84159e+15	
2350	6.28162e+15	
2351	5.34937e+15	
2352	8.50686e+15	
2353	2.81919e+15	
2354	3.2762e+15	
2355	2.27559e+15	
2356	2.44999e+15	
2357	1.91901e+15	
2358	2.49287e+15	
2359	3.39787e+15	
2360	2.93761e+15	
2361	1.84774e+15	
2362	2.93321e+15	
2363	3.34745e+15	
2364	3.10402e+15	
2365	2.41688e+15	
2366	1.88331e+15	
2367	3.10218e+15	
2368	2.47594e+15	
2369	2.22559e+15	
2370	1.79835e+15	
2371	1.91465e+15	
2372	2.66571e+15	
2373	2.30977e+15	
2374	2.35697e+15	
2375	2.06518e+15	
2376	2.08036e+15	
2377	5.70651e+15	
2378	1.61473e+16	
2379	2.99289e+16	
2380	6.4188e+15	
2381	3.30231e+15	
2382	3.45118e+15	
2383	4.08635e+15	
2384	5.38655e+15	
2385	6.2789e+15	
2386	5.43206e+15	
2387	6.47191e+15	
2388	7.82591e+15	
2389	8.09503e+15	
2390	8.00167e+15	
2391	6.67292e+15	
2392	8.46874e+15	
2393	9.97916e+15	
2394	7.23779e+15	
2395	9.93098e+15	
2396	8.00131e+15	
2397	8.25503e+15	
2398	1.40464e+16	
2399	1.03187e+16	
2400	1.07743e+16	
2401	1.28252e+16	
2402	1.87387e+16	
2403	2.30225e+16	
2404	2.48992e+16	
2405	2.13081e+16	
2406	3.69794e+16	
2407	3.26351e+16	
2408	4.90219e+16	
2409	3.77816e+16	
2410	5.14774e+16	
2411	7.20493e+16	
2412	7.14351e+17	
2413	8.06728e+17	
2414	1.12064e+17	
2415	4.51906e+16	
2416	5.30559e+16	
2417	4.59044e+16	
2418	3.55369e+16	
2419	2.53221e+16	
2420	3.28418e+16	
2421	3.71208e+16	
2422	3.16985e+16	
2423	3.46466e+17	
2424	5.40658e+17	
2425	5.65532e+16	
2426	2.73373e+16	
2427	3.89175e+16	
2428	4.90566e+16	
2429	5.17927e+16	
2430	3.25192e+16	
2431	3.53667e+16	
2432	5.15938e+16	
2433	3.58808e+16	
2434	3.65612e+16	
2435	3.75076e+16	
2436	6.33228e+16	
2437	4.5253e+16	
2438	3.41702e+16	
2439	2.55213e+16	
2440	2.60478e+16	
2441	3.50695e+16	
2442	4.13491e+16	
2443	2.80045e+16	
2444	2.33658e+16	
2445	2.32407e+16	
2446	1.64665e+16	
2447	1.64835e+16	
2448	1.07089e+16	
2449	1.13384e+16	
2450	1.54313e+16	
2451	1.31504e+16	
2452	8.49067e+15	
2453	1.86029e+16	
2454	1.9512e+16	
2455	1.55306e+16	
2456	2.71553e+16	
2457	2.74505e+19	
2458	3.38286e+16	
2459	1.63114e+16	
2460	1.36109e+16	
2461	1.62773e+16	
2462	1.12813e+16	
2463	1.00306e+16	
2464	1.21364e+16	
2465	1.38536e+16	
2466	2.63569e+16	
2467	6.61584e+18	
2468	1.23776e+16	
2469	6.09747e+15	
2470	6.02959e+15	
2471	9.02843e+15	
2472	7.14874e+15	
2473	5.99305e+15	
2474	4.1366e+15	
2475	6.08503e+15	
2476	4.59679e+15	
2477	4.27215e+15	
2478	5.61801e+15	
2479	7.98818e+15	
2480	9.52149e+15	
2481	8.65468e+15	
2482	7.54355e+15	
2483	5.50196e+15	
2484	4.09411e+15	
2485	6.59715e+15	
2486	5.1201e+15	
2487	5.03717e+15	
2488	5.94261e+15	
2489	6.43803e+15	
2490	4.05903e+15	
2491	2.40436e+15	
2492	2.19015e+15	
2493	3.01797e+15	
2494	3.4555e+15	
2495	2.51579e+15	
2496	1.73423e+15	
2497	2.9894e+15	
2498	3.39289e+15	
2499	3.74951e+15	
2500	6.37469e+15	
2501	9.74987e+15	
2502	9.07001e+15	
2503	1.82509e+16	
2504	4.82098e+16	
2505	2.8375e+18	
2506	6.24779e+16	
2507	1.26199e+16	
2508	1.1883e+16	
2509	1.56372e+16	
2510	1.25976e+16	
2511	9.63959e+15	
2512	6.81839e+15	
2513	1.27869e+16	
2514	1.59803e+16	
2515	2.33609e+17	
2516	9.15758e+16	
2517	1.44821e+16	
2518	1.61143e+16	
2519	2.18821e+16	
2520	1.43073e+16	
2521	1.42936e+16	
2522	1.61827e+16	
2523	1.95228e+16	
2524	2.90833e+16	
2525	3.56631e+16	
2526	3.68289e+16	
2527	3.11251e+16	
2528	2.98197e+16	
2529	5.21426e+16	
2530	6.07121e+16	
2531	6.76258e+16	
2532	7.12744e+16	
2533	8.3915e+16	
2534	1.04103e+17	
2535	1.04921e+17	
2536	9.80927e+16	
2537	1.25532e+17	
2538	1.54466e+17	
2539	1.14817e+17	
2540	1.33058e+17	
2541	1.23209e+17	
2542	1.00121e+17	
2543	1.41455e+17	
2544	1.9143e+17	
2545	2.3851e+17	
2546	1.57605e+17	
2547	1.56875e+17	
2548	2.04734e+17	
2549	3.10263e+17	
2550	3.22291e+17	
2551	2.24005e+17	
2552	3.32958e+17	
2553	3.98028e+17	
2554	2.82122e+17	
2555	3.28795e+17	
2556	4.44415e+17	
2557	8.64953e+17	
2558	1.42679e+18	
2559	4.96118e+18	
2560	4.40486e+19	
2561	8.27113e+18	
2562	3.26952e+18	
2563	1.35722e+18	
2564	5.82794e+17	
2565	7.57786e+17	
2566	7.94672e+17	
2567	5.65744e+17	
2568	4.91723e+17	
2569	5.09181e+17	
2570	7.04003e+17	
2571	8.10818e+17	
2572	7.19058e+17	
2573	7.23791e+17	
2574	5.6609e+17	
2575	9.082e+17	
2576	1.34459e+18	
2577	1.40528e+18	
2578	4.40799e+18	
2579	1.49109e+19	
2580	6.24033e+19	
2581	2.51821e+21	
2582	7.39507e+19	
2583	1.96871e+19	
2584	1.80886e+20	
2585	3.29036e+19	
2586	1.05929e+19	
2587	3.96901e+18	
2588	2.21695e+18	
2589	1.76348e+18	
2590	3.91701e+18	
2591	4.84217e+21	
2592	7.88421e+18	
2593	1.9581e+18	
2594	7.71953e+17	
2595	4.60335e+17	
2596	6.30892e+17	
2597	6.04826e+17	
2598	2.84024e+17	
2599	2.12114e+17	
2600	2.0712e+17	
2601	2.38685e+17	
2602	1.25451e+17	
2603	8.55484e+16	
2604	6.84671e+16	
2605	7.39318e+16	
2606	1.45946e+17	
2607	1.31278e+17	
2608	1.11104e+17	
2609	1.74734e+17	
2610	1.80769e+17	
2611	2.26563e+17	
2612	1.58721e+17	
2613	1.20712e+17	
2614	1.38282e+17	
2615	1.45394e+17	
2616	1.38645e+17	
2617	1.12513e+17	
2618	1.60878e+17	
2619	1.62927e+17	
2620	1.82841e+17	
2621	2.09033e+17	
2622	2.49303e+17	
2623	3.01711e+17	
2624	3.16133e+17	
2625	3.06655e+17	
2626	3.27663e+17	
2627	3.31924e+17	
2628	2.66108e+17	
2629	3.25104e+17	
2630	5.01835e+17	
2631	4.87084e+17	
2632	5.25092e+17	
2633	5.23573e+17	
2634	7.49671e+17	
2635	1.22939e+18	
2636	1.91303e+18	
2637	3.55201e+18	
2638	6.99971e+18	
2639	7.20385e+19	
2640	3.07136e+18	
2641	2.2067e+18	
2642	1.68254e+18	
2643	1.05521e+18	
2644	1.44933e+18	
2645	1.23489e+18	
2646	1.55712e+18	
2647	1.36773e+18	
2648	8.5708e+17	
2649	1.19754e+18	
2650	1.64988e+18	
2651	1.3586e+18	
2652	1.19251e+18	
2653	7.49081e+17	
2654	1.20729e+18	
2655	1.09676e+18	
2656	7.74503e+17	
2657	9.9938e+17	
2658	1.09314e+18	
2659	1.08234e+18	
2660	5.71089e+17	
2661	4.52703e+17	
2662	1.70325e+18	
2663	1.87681e+19	
2664	3.55953e+18	
2665	5.13109e+17	
2666	1.91113e+17	
2667	3.1481e+17	
2668	2.6206e+17	
2669	1.51246e+17	
2670	1.33987e+17	
2671	1.42482e+17	
2672	1.73407e+17	
2673	1.42982e+17	
2674	1.5397e+17	
2675	1.00499e+17	
2676	1.07176e+17	
2677	1.30867e+17	
2678	1.06476e+17	
2679	1.11343e+17	
2680	9.04751e+16	
2681	1.15838e+17	
2682	9.41288e+16	
2683	8.44254e+16	
2684	8.8115e+16	
2685	4.53188e+16	
2686	3.92657e+16	
2687	6.1239e+16	
2688	4.14093e+16	
2689	3.98964e+16	
2690	2.52513e+16	
2691	3.89537e+16	
2692	1.52898e+17	
2693	7.81491e+17	
2694	2.66508e+17	
2695	8.07594e+16	
2696	6.91576e+16	
2697	6.5245e+16	
2698	6.12916e+16	
2699	6.24666e+16	
2700	5.86198e+16	
2701	9.3605e+16	
2702	1.56857e+17	
2703	2.67479e+17	
2704	3.25536e+18	
2705	4.70767e+17	
2706	2.2009e+17	
2707	1.90269e+17	
2708	2.04692e+17	
2709	1.71049e+17	
2710	1.79522e+17	
2711	1.82125e+17	
2712	3.27795e+17	
2713	3.4139e+17	
2714	5.0673e+17	
2715	6.39409e+17	
2716	4.13215e+17	
2717	7.72881e+17	
2718	7.82895e+17	
2719	6.83078e+17	
2720	3.48405e+18	
2721	1.20456e+20	
2722	3.21699e+18	
2723	7.48229e+17	
2724	4.17886e+17	
2725	3.20108e+17	
2726	3.48569e+17	
2727	8.66587e+17	
2728	8.38841e+17	
2729	1.20631e+18	
2730	5.54236e+18	
2731	3.2894e+19	
2732	3.22018e+18	
2733	1.1795e+18	
2734	1.04737e+18	
2735	7.46046e+17	
2736	8.45118e+17	
2737	5.16471e+17	
2738	5.22207e+17	
2739	6.7809e+17	
2740	5.77449e+17	
2741	7.4259e+17	
2742	1.38831e+18	
2743	9.75462e+17	
2744	8.20528e+17	
2745	4.64271e+17	
2746	3.91029e+17	
2747	3.15114e+17	
2748	2.02333e+17	
2749	2.58018e+17	
2750	1.69202e+17	
2751	1.72357e+17	
2752	1.93141e+17	
2753	1.21507e+17	
2754	1.76151e+17	
2755	2.77119e+17	
2756	2.86993e+17	
2757	1.74083e+17	
2758	1.67546e+17	
2759	2.4446e+17	
2760	1.50293e+17	
2761	1.67318e+17	
2762	1.34778e+17	
2763	1.68501e+17	
2764	3.53564e+17	
2765	1.96101e+18	
2766	9.4372e+17	
2767	1.48777e+17	
2768	1.03093e+17	
2769	9.51806e+16	
2770	4.83397e+16	
2771	5.12629e+16	
2772	3.56145e+16	
2773	2.55469e+16	
2774	2.1717e+16	
2775	1.50031e+16	
2776	1.2874e+16	
2777	1.26142e+16	
2778	1.69633e+16	
2779	1.37051e+16	
2780	1.38159e+16	
2781	1.0285e+16	
2782	7.66488e+15	
2783	1.04413e+16	
2784	7.48772e+15	
2785	6.75125e+15	
2786	5.82563e+15	
2787	7.33605e+15	
2788	8.60629e+15	
2789	6.27038e+15	
2790	4.15368e+15	
2791	3.93488e+15	
2792	3.70005e+15	
2793	3.27802e+15	
2794	3.34549e+15	
2795	2.88428e+15	
2796	2.67027e+15	
2797	1.89738e+15	
2798	1.10099e+15	
2799	9.31191e+14	
2800	1.06969e+15	
2801	9.45092e+14	
2802	8.76417e+14	
2803	7.32839e+14	
2804	4.63541e+14	
2805	6.64719e+14	
2806	5.85183e+14	
2807	6.87256e+14	
2808	7.74559e+14	
2809	4.79173e+14	
2810	4.45531e+14	
2811	3.12174e+14	
2812	2.74037e+14	
2813	2.17618e+14	
2814	1.67578e+14	
2815	2.01296e+14	
2816	2.51412e+14	
2817	2.75883e+14	
2818	1.67379e+14	
2819	1.2152e+14	
2820	1.38729e+14	
2821	2.93031e+14	
2822	4.64567e+14	
2823	1.85479e+15	
2824	1.63251e+15	
2825	2.9055e+14	
2826	6.71686e+13	
2827	4.24683e+13	
2828	4.45624e+13	
2829	3.70907e+13	
2830	4.34689e+13	
2831	4.63333e+13	
2832	2.64274e+13	
2833	4.64241e+13	
2834	5.29896e+13	
2835	1.00774e+14	
2836	1.7935e+15	
2837	1.61002e+14	
2838	5.62272e+13	
2839	1.92011e+13	
2840	2.0181e+13	
2841	1.84707e+13	
2842	8.60353e+12	
2843	8.6641e+12	
2844	6.61523e+12	
2845	6.26433e+12	
2846	5.63232e+12	
2847	3.11386e+12	
2848	2.68665e+12	
2849	2.113e+12	
2850	1.51552e+12	
2851	1.19891e+12	
2852	1.24044e+12	
2853	1.43802e+12	
2854	1.71079e+12	
2855	1.53094e+12	
2856	9.79252e+11	
2857	1.1527e+12	
2858	1.65473e+12	
2859	1.15798e+12	
2860	1.29775e+12	
2861	1.00295e+12	
2862	9.09788e+11	
2863	7.74097e+11	
2864	4.2017e+11	
2865	4.8656e+11	
2866	3.1994e+11	
2867	2.83263e+11	
2868	4.85822e+11	
2869	1.14543e+12	
2870	4.04053e+17	
2871	1.11636e+12	
2872	3.99588e+11	
2873	2.30333e+11	
2874	2.54317e+11	
2875	1.55457e+11	
2876	1.21251e+11	
2877	1.04639e+11	
2878	5.09582e+10	
2879	5.25327e+10	
2880	6.28578e+10	
2881	8.66887e+10	
2882	8.4128e+10	
2883	5.80482e+10	
2884	3.39242e+10	
2885	2.6431e+10	
2886	4.00012e+10	
2887	3.48098e+10	
2888	1.58251e+11	
2889	4.87721e+11	
2890	2.59924e+10	
2891	1.34267e+10	
2892	6.89436e+09	
2893	4.66615e+09	
2894	3.72328e+09	
2895	2.01959e+09	
2896	1.45494e+09	
2897	1.29456e+09	
2898	1.04815e+09	
2899	8.18397e+08	
2900	7.85414e+08	
2901	7.29397e+08	
2902	7.73435e+08	
2903	8.57264e+08	
2904	9.66877e+08	
2905	5.38188e+08	
2906	5.40439e+08	
2907	8.12203e+08	
2908	1.10558e+09	
2909	1.08499e+09	
2910	1.22726e+09	
2911	9.54164e+08	
2912	4.70748e+08	
2913	4.22273e+08	
2914	2.17884e+08	
2915	1.48385e+08	
2916	1.28907e+08	
2917	9.06088e+07	
2918	5.05798e+07	
2919	3.01173e+07	
2920	2.22128e+07	
2921	2.28735e+07	
2922	2.30351e+07	
2923	1.6358e+07	
2924	1.45957e+07	
2925	8.79516e+06	
2926	6.27282e+06	
2927	6.11189e+06	
2928	5.2066e+06	
2929	1.02626e+07	
2930	2.21889e+07	
2931	6.70598e+07	
2932	9.60609e+08	
2933	3.64047e+07	
2934	2.22429e+07	
2935	1.25516e+07	
2936	1.27589e+07	
2937	9.05138e+06	
2938	7.00158e+06	
2939	4.66887e+06	
2940	7.06826e+06	
2941	6.97466e+06	
2942	4.61407e+06	
2943	5.88589e+06	
2944	3.70622e+06	
2945	3.52185e+06	
2946	6.72955e+06	
2947	8.03237e+06	
2948	5.45635e+07	
2949	7.28695e+07	
2950	1.09994e+07	
2951	2.95169e+06	
2952	1.8528e+06	
2953	2.23038e+06	
2954	3.72102e+06	
2955	5.0262e+06	
2956	7.43158e+06	
2957	1.26698e+07	
2958	1.41161e+07	
2959	1.60896e+07	
2960	3.26435e+07	
2961	4.39805e+07	
2962	3.93645e+07	
2963	1.11493e+08	
2964	1.8677e+09	
2965	2.85005e+07	
2966	5.41149e+06	
2967	2.26853e+06	
2968	2.20411e+06	
2969	1.13356e+06	
2970	1.05255e+06	
2971	981156	
2972	727875	
2973	425548	
2974	487478	
2975	454213	
2976	401663	
2977	643814	
2978	966335	
2979	937866	
2980	782321	
2981	525822	
2982	444881	
2983	528970	
2984	832017	
2985	507490	
2986	273766	
2987	255594	
2988	340600	
2989	333651	
2990	282396	
2991	194275	
2992	123020	
2993	86512	
2994	63592.5	
2995	60673	
2996	47441.2	
2997	77001.3	
2998	146285	
2999	2.23901e+07	
3000	44146.6	
3001	9747.98	
3002	9384.9	
3003	10384.1	
3004	20363.3	
3005	32873.5	
3006	46803.5	
3007	103131	
3008	108385	
3009	75088.3	
3010	81720.8	
3011	178181	
3012	1.2084e+06	
3013	3.42042e+06	
3014	322549	
3015	192009	
3016	105671	
3017	80089.8	
3018	43746.6	
3019	33060.6	
3020	39529.6	
3021	30455.8	
3022	26744.5	
3023	22869.8	
3024	36289.2	
3025	42183.1	
3026	39673.1	
3027	109834	
3028	1.78207e+08	
3029	105839	
3030	30970.6	
3031	23675.2	
3032	18971.8	
3033	11878.3	
3034	10235.7	
3035	11711	
3036	20857.2	
3037	17926.7	
3038	14327.7	
3039	12577.2	
3040	6599.23	
3041	5222.72	
3042	3540.87	
3043	2390.59	
3044	2207.11	
3045	1846.93	
3046	720.159	
3047	332.535	
3048	303.861	
3049	342.607	
3050	584.585	
3051	738.277	
3052	852.402	
3053	1225.19	
3054	1214.27	
3055	1237.52	
3056	955.668	
3057	543.571	
3058	649.985	
3059	742.889	
3060	877.546	
3061	1351.24	
3062	1456.54	
3063	1066.65	
3064	1102.06	
3065	1721.47	
3066	1892.28	
3067	2104.72	
3068	3205.3	
3069	3889.2	
3070	34531.5	
3071	14555.9	
3072	3388.52	
3073	1522.03	
3074	1408.55	
3075	1366.4	
3076	2038.75	
3077	3730.9	
3078	27556.3	
3079	81318.3	
3080	3761.16	
3081	1796.49	
3082	1056.91	
3083	531.39	
3084	316.122	
3085	248.774	
3086	128.807	
3087	183.362	
3088	303.333	
3089	294.373	
3090	348.069	
3091	304.531	
3092	205.52	
3093	187.496	
3094	225.694	
3095	351.191	
3096	433.571	
3097	448.868	
3098	429.892	
3099	192.513	
3100	102.209	
3101	89.575	
3102	34.7726	
3103	19.961	
3104	22.4608	
3105	9.64716	
3106	8.48701	
3107	13.8785	
3108	16.2954	
3109	15.2361	
3110	26.557	
3111	49.3267	
3112	53.7752	
3113	49.3161	
3114	36.1258	
3115	31.3713	
3116	26.8791	
3117	23.7771	
3118	23.6608	
3119	33.8823	
3120	49.2402	
3121	59.3436	
3122	50.5629	
3123	38.4285	
3124	81.1038	
3125	90.2095	
3126	70.6833	
3127	176.864	
3128	2181.46	
3129	264.403	
3130	94.1551	
3131	59.4187	
3132	29.6019	
3133	22.0288	
3134	18.0354	
3135	16.5905	
3136	19.2685	
3137	20.5582	
3138	23.4468	
3139	14.8918	
3140	11.7821	
3141	9.52762	
3142	9.62583	
3143	15.2871	
3144	282.874	
3145	23.3408	
3146	7.33827	
3147	6.83509	
3148	7.83991	
3149	8.55349	
3150	11.8081	
3151	10.1687	
3152	8.61305	
3153	7.09678	
3154	7.53763	
3155	6.92219	
3156	5.43598	
3157	3.41335	
3158	4.04318	
3159	2.44047	
3160	1.34928	
3161	1.02583	
3162	0.550133	
3163	0.431756	
3164	0.297023	
3165	0.288893	
3166	0.285154	
3167	0.726513	
3168	0.919121	
3169	1.34511	
3170	2.8912	
3171	3.60932	
3172	5.46089	
3173	4.47479	
3174	3.34276	
3175	5.00796	
3176	15.3877	
3177	517.205	
3178	23.6971	
3179	4.10137	
3180	1.59184	
3181	1.88836	
3182	0.901598	
3183	0.757775	
3184	0.862412	
3185	0.500755	
3186	0.399008	
3187	0.259716	
3188	0.184331	
3189	0.1181	
3190	0.14621	
3191	0.191448	
3192	0.617693	
3193	2.72786	
3194	0.303357	
3195	0.211931	
3196	0.167307	
3197	0.187624	
3198	0.163675	
3199	0.1514	
3200	0.179253	
3201	0.16977	
3202	0.128338	
3203	0.0629246	
3204	0.0633763	
3205	0.0386954	
3206	0.0415602	
3207	0.0510438	
3208	0.102885	
3209	0.252923	
3210	0.735334	
3211	1.3428	
3212	9.25558	
3213	0.409871	
3214	0.155067	
3215	0.132404	
3216	0.328884	
3217	0.126932	
3218	0.314151	
3219	3.35355	
3220	1.80104	
3221	4.42798	
3222	99.9778	
3223	2.61978	
3224	0.50424	
3225	0.901228	
3226	1.16338	
3227	0.624095	
3228	0.220562	
3229	0.532945	
3230	0.434826	
3231	0.0784424	
3232	0.206498	
3233	0.20094	
3234	0.0966136	
3235	0.192789	
3236	0.293026	
3237	0.115145	
3238	0.0723838	
3239	0.104246	
3240	0.0630306	
3241	0.0227051	
3242	0.0187479	
3243	0.0183992	
3244	0.0158827	
3245	0.0104094	
3246	0.0105054	
3247	0.00740662	
# iterates cost: 9.72644
