# Reading DATA...
# Reading Matrix Successfully!
CGN
0	3.8603e+30
1	7.77603e+29	
2	2.97052e+29	
3	1.49931e+29	
4	8.63438e+28	
5	5.44447e+28	
6	3.74399e+28	
7	2.71965e+28	
8	2.05261e+28	
9	1.58077e+28	
10	1.24116e+28	
11	1.00555e+28	
12	8.17236e+27	
13	6.75649e+27	
14	5.71643e+27	
15	4.86782e+27	
16	4.19988e+27	
17	3.64579e+27	
18	3.16987e+27	
19	2.76842e+27	
20	2.44796e+27	
21	2.19066e+27	
22	1.96127e+27	
23	1.76793e+27	
24	1.60029e+27	
25	1.45613e+27	
26	1.32852e+27	
27	1.21806e+27	
28	1.11907e+27	
29	1.02864e+27	
30	9.49892e+26	
31	8.80113e+26	
32	8.20193e+26	
33	7.68009e+26	
34	7.17846e+26	
35	6.71356e+26	
36	6.30048e+26	
37	5.92229e+26	
38	5.58924e+26	
39	5.2778e+26	
40	4.99531e+26	
41	4.72402e+26	
42	4.48048e+26	
43	4.25023e+26	
44	4.03252e+26	
45	3.82168e+26	
46	3.63048e+26	
47	3.44171e+26	
48	3.27191e+26	
49	3.09374e+26	
50	2.93428e+26	
51	2.7857e+26	
52	2.6509e+26	
53	2.5251e+26	
54	2.41283e+26	
55	2.31232e+26	
56	2.21837e+26	
57	2.13017e+26	
58	2.04561e+26	
59	1.96815e+26	
60	1.89385e+26	
61	1.82693e+26	
62	1.76135e+26	
63	1.69975e+26	
64	1.64048e+26	
65	1.58359e+26	
66	1.52921e+26	
67	1.47652e+26	
68	1.42546e+26	
69	1.37769e+26	
70	1.33531e+26	
71	1.29153e+26	
72	1.24895e+26	
73	1.20842e+26	
74	1.16836e+26	
75	1.1312e+26	
76	1.09671e+26	
77	1.065e+26	
78	1.03275e+26	
79	1.00271e+26	
80	9.75321e+25	
81	9.46452e+25	
82	9.19447e+25	
83	8.94548e+25	
84	8.70156e+25	
85	8.46859e+25	
86	8.24705e+25	
87	8.02862e+25	
88	7.81674e+25	
89	7.59859e+25	
90	7.39861e+25	
91	7.2003e+25	
92	7.00369e+25	
93	6.82069e+25	
94	6.63781e+25	
95	6.47012e+25	
96	6.31031e+25	
97	6.14792e+25	
98	5.99566e+25	
99	5.84774e+25	
100	5.69695e+25	
101	5.54444e+25	
102	5.40063e+25	
103	5.26691e+25	
104	5.13653e+25	
105	5.00813e+25	
106	4.88224e+25	
107	4.76109e+25	
108	4.6408e+25	
109	4.5257e+25	
110	4.41384e+25	
111	4.29927e+25	
112	4.18867e+25	
113	4.08443e+25	
114	3.9851e+25	
115	3.89057e+25	
116	3.79919e+25	
117	3.7077e+25	
118	3.61881e+25	
119	3.53146e+25	
120	3.45283e+25	
121	3.37185e+25	
122	3.29537e+25	
123	3.22002e+25	
124	3.14923e+25	
125	3.07588e+25	
126	3.00722e+25	
127	2.93938e+25	
128	2.87385e+25	
129	2.81591e+25	
130	2.75538e+25	
131	2.70048e+25	
132	2.64469e+25	
133	2.58988e+25	
134	2.53733e+25	
135	2.48645e+25	
136	2.43797e+25	
137	2.39065e+25	
138	2.34664e+25	
139	2.30501e+25	
140	2.26374e+25	
141	2.22243e+25	
142	2.18196e+25	
143	2.1402e+25	
144	2.09772e+25	
145	2.05879e+25	
146	2.01922e+25	
147	1.97837e+25	
148	1.93957e+25	
149	1.90324e+25	
150	1.86727e+25	
151	1.83231e+25	
152	1.79913e+25	
153	1.76551e+25	
154	1.73352e+25	
155	1.69999e+25	
156	1.67152e+25	
157	1.64097e+25	
158	1.60995e+25	
159	1.58003e+25	
160	1.55074e+25	
161	1.52324e+25	
162	1.49673e+25	
163	1.46965e+25	
164	1.44275e+25	
165	1.41773e+25	
166	1.39224e+25	
167	1.36896e+25	
168	1.34566e+25	
169	1.32263e+25	
170	1.30078e+25	
171	1.27985e+25	
172	1.25977e+25	
173	1.23928e+25	
174	1.22047e+25	
175	1.20181e+25	
176	1.18436e+25	
177	1.16733e+25	
178	1.15069e+25	
179	1.13402e+25	
180	1.11688e+25	
181	1.10088e+25	
182	1.08466e+25	
183	1.06758e+25	
184	1.05187e+25	
185	1.03563e+25	
186	1.01938e+25	
187	1.00464e+25	
188	9.90292e+24	
189	9.76016e+24	
190	9.62662e+24	
191	9.49643e+24	
192	9.36747e+24	
193	9.24312e+24	
194	9.11302e+24	
195	8.98849e+24	
196	8.86426e+24	
197	8.73743e+24	
198	8.61971e+24	
199	8.50389e+24	
200	8.39331e+24	
201	8.28666e+24	
202	8.18155e+24	
203	8.0731e+24	
204	7.96896e+24	
205	7.86623e+24	
206	7.76307e+24	
207	7.66414e+24	
208	7.56145e+24	
209	7.46412e+24	
210	7.36313e+24	
211	7.26234e+24	
212	7.16829e+24	
213	7.07684e+24	
214	6.98592e+24	
215	6.89819e+24	
216	6.81115e+24	
217	6.72806e+24	
218	6.64504e+24	
219	6.5593e+24	
220	6.47999e+24	
221	6.40016e+24	
222	6.32181e+24	
223	6.24621e+24	
224	6.1681e+24	
225	6.09226e+24	
226	6.01874e+24	
227	5.94026e+24	
228	5.86636e+24	
229	5.79286e+24	
230	5.72155e+24	
231	5.65366e+24	
232	5.58725e+24	
233	5.52358e+24	
234	5.45776e+24	
235	5.38984e+24	
236	5.32907e+24	
237	5.26979e+24	
238	5.21197e+24	
239	5.15315e+24	
240	5.09476e+24	
241	5.03416e+24	
242	4.9722e+24	
243	4.91344e+24	
244	4.85948e+24	
245	4.80452e+24	
246	4.75284e+24	
247	4.70183e+24	
248	4.64933e+24	
249	4.59816e+24	
250	4.54467e+24	
251	4.49468e+24	
252	4.44445e+24	
253	4.39371e+24	
254	4.34604e+24	
255	4.30161e+24	
256	4.25988e+24	
257	4.21821e+24	
258	4.17686e+24	
259	4.13686e+24	
260	4.09671e+24	
261	4.05899e+24	
262	4.02252e+24	
263	3.98709e+24	
264	3.95266e+24	
265	3.91924e+24	
266	3.88619e+24	
267	3.85294e+24	
268	3.82029e+24	
269	3.78755e+24	
270	3.7516e+24	
271	3.71626e+24	
272	3.6827e+24	
273	3.6493e+24	
274	3.61859e+24	
275	3.58754e+24	
276	3.55608e+24	
277	3.52543e+24	
278	3.49121e+24	
279	3.46065e+24	
280	3.43008e+24	
281	3.39958e+24	
282	3.36966e+24	
283	3.3387e+24	
284	3.30864e+24	
285	3.27986e+24	
286	3.24892e+24	
287	3.22119e+24	
288	3.19435e+24	
289	3.16651e+24	
290	3.13781e+24	
291	3.11047e+24	
292	3.08416e+24	
293	3.05551e+24	
294	3.02802e+24	
295	3.00107e+24	
296	2.97522e+24	
297	2.95042e+24	
298	2.92613e+24	
299	2.90273e+24	
300	2.87873e+24	
301	2.85482e+24	
302	2.83095e+24	
303	2.80596e+24	
304	2.78164e+24	
305	2.7585e+24	
306	2.73609e+24	
307	2.71377e+24	
308	2.69016e+24	
309	2.66748e+24	
310	2.64577e+24	
311	2.62274e+24	
312	2.60121e+24	
313	2.57968e+24	
314	2.55704e+24	
315	2.5367e+24	
316	2.5158e+24	
317	2.49748e+24	
318	2.47892e+24	
319	2.45886e+24	
320	2.44115e+24	
321	2.42398e+24	
322	2.40778e+24	
323	2.39271e+24	
324	2.37658e+24	
325	2.35879e+24	
326	2.34156e+24	
327	2.32607e+24	
328	2.31002e+24	
329	2.29442e+24	
330	2.27711e+24	
331	2.26075e+24	
332	2.24416e+24	
333	2.22739e+24	
334	2.21216e+24	
335	2.19591e+24	
336	2.17966e+24	
337	2.16553e+24	
338	2.15141e+24	
339	2.13826e+24	
340	2.12428e+24	
341	2.10937e+24	
342	2.09407e+24	
343	2.07968e+24	
344	2.06409e+24	
345	2.04977e+24	
346	2.03531e+24	
347	2.02042e+24	
348	2.00429e+24	
349	1.98802e+24	
350	1.97183e+24	
351	1.95592e+24	
352	1.94288e+24	
353	1.92927e+24	
354	1.91547e+24	
355	1.9009e+24	
356	1.88762e+24	
357	1.87572e+24	
358	1.86305e+24	
359	1.8501e+24	
360	1.8365e+24	
361	1.82403e+24	
362	1.81093e+24	
363	1.79883e+24	
364	1.788e+24	
365	1.77721e+24	
366	1.76623e+24	
367	1.75479e+24	
368	1.74404e+24	
369	1.73271e+24	
370	1.72159e+24	
371	1.71015e+24	
372	1.69815e+24	
373	1.6867e+24	
374	1.67572e+24	
375	1.66516e+24	
376	1.65562e+24	
377	1.6462e+24	
378	1.63592e+24	
379	1.62554e+24	
380	1.61553e+24	
381	1.60602e+24	
382	1.59755e+24	
383	1.58905e+24	
384	1.57996e+24	
385	1.57022e+24	
386	1.56096e+24	
387	1.55189e+24	
388	1.54322e+24	
389	1.53476e+24	
390	1.5263e+24	
391	1.51807e+24	
392	1.50976e+24	
393	1.50125e+24	
394	1.49339e+24	
395	1.48606e+24	
396	1.47899e+24	
397	1.4716e+24	
398	1.46412e+24	
399	1.45645e+24	
400	1.44928e+24	
401	1.44266e+24	
402	1.43602e+24	
403	1.4292e+24	
404	1.42159e+24	
405	1.414e+24	
406	1.40661e+24	
407	1.3988e+24	
408	1.39164e+24	
409	1.38325e+24	
410	1.37556e+24	
411	1.36845e+24	
412	1.36189e+24	
413	1.35557e+24	
414	1.34878e+24	
415	1.34216e+24	
416	1.33536e+24	
417	1.32845e+24	
418	1.32228e+24	
419	1.31584e+24	
420	1.30887e+24	
421	1.30168e+24	
422	1.29557e+24	
423	1.28942e+24	
424	1.28308e+24	
425	1.27639e+24	
426	1.26911e+24	
427	1.26272e+24	
428	1.25644e+24	
429	1.24974e+24	
430	1.24387e+24	
431	1.238e+24	
432	1.23161e+24	
433	1.22546e+24	
434	1.21952e+24	
435	1.21404e+24	
436	1.20815e+24	
437	1.20226e+24	
438	1.19626e+24	
439	1.19073e+24	
440	1.18488e+24	
441	1.17955e+24	
442	1.17393e+24	
443	1.16824e+24	
444	1.16282e+24	
445	1.15739e+24	
446	1.15185e+24	
447	1.14596e+24	
448	1.13976e+24	
449	1.13405e+24	
450	1.12873e+24	
451	1.12348e+24	
452	1.11779e+24	
453	1.11235e+24	
454	1.10673e+24	
455	1.10167e+24	
456	1.09678e+24	
457	1.09128e+24	
458	1.08545e+24	
459	1.0792e+24	
460	1.07303e+24	
461	1.06724e+24	
462	1.06152e+24	
463	1.0556e+24	
464	1.04958e+24	
465	1.04402e+24	
466	1.03893e+24	
467	1.03363e+24	
468	1.02742e+24	
469	1.0218e+24	
470	1.0165e+24	
471	1.01116e+24	
472	1.00618e+24	
473	1.00093e+24	
474	9.95119e+23	
475	9.89578e+23	
476	9.846e+23	
477	9.79245e+23	
478	9.73853e+23	
479	9.67999e+23	
480	9.62519e+23	
481	9.5725e+23	
482	9.52175e+23	
483	9.47642e+23	
484	9.43143e+23	
485	9.38503e+23	
486	9.33878e+23	
487	9.29376e+23	
488	9.25173e+23	
489	9.20486e+23	
490	9.1594e+23	
491	9.11461e+23	
492	9.07496e+23	
493	9.03022e+23	
494	8.98407e+23	
495	8.94037e+23	
496	8.89648e+23	
497	8.85533e+23	
498	8.81275e+23	
499	8.76907e+23	
500	8.72738e+23	
501	8.68465e+23	
502	8.63385e+23	
503	8.58809e+23	
504	8.54443e+23	
505	8.50379e+23	
506	8.46085e+23	
507	8.41201e+23	
508	8.37068e+23	
509	8.32494e+23	
510	8.28137e+23	
511	8.23859e+23	
512	8.19725e+23	
513	8.14931e+23	
514	8.1113e+23	
515	8.07075e+23	
516	8.03207e+23	
517	7.99108e+23	
518	7.94848e+23	
519	7.91214e+23	
520	7.87327e+23	
521	7.83456e+23	
522	7.7944e+23	
523	7.75271e+23	
524	7.71165e+23	
525	7.67424e+23	
526	7.63403e+23	
527	7.5955e+23	
528	7.55368e+23	
529	7.51151e+23	
530	7.47482e+23	
531	7.43575e+23	
532	7.39369e+23	
533	7.35399e+23	
534	7.31421e+23	
535	7.27422e+23	
536	7.23336e+23	
537	7.19713e+23	
538	7.16117e+23	
539	7.12662e+23	
540	7.09049e+23	
541	7.05211e+23	
542	7.01597e+23	
543	6.98544e+23	
544	6.95089e+23	
545	6.91251e+23	
546	6.88296e+23	
547	6.85113e+23	
548	6.81789e+23	
549	6.78117e+23	
550	6.74485e+23	
551	6.7148e+23	
552	6.679e+23	
553	6.64352e+23	
554	6.61283e+23	
555	6.58271e+23	
556	6.55019e+23	
557	6.52034e+23	
558	6.48641e+23	
559	6.45337e+23	
560	6.42203e+23	
561	6.39275e+23	
562	6.36052e+23	
563	6.33094e+23	
564	6.30192e+23	
565	6.27087e+23	
566	6.23952e+23	
567	6.21168e+23	
568	6.18598e+23	
569	6.15912e+23	
570	6.13256e+23	
571	6.1052e+23	
572	6.07898e+23	
573	6.05241e+23	
574	6.02629e+23	
575	6.00023e+23	
576	5.97318e+23	
577	5.94942e+23	
578	5.92626e+23	
579	5.90374e+23	
580	5.88041e+23	
581	5.85725e+23	
582	5.83525e+23	
583	5.81129e+23	
584	5.78827e+23	
585	5.76574e+23	
586	5.7462e+23	
587	5.72473e+23	
588	5.70386e+23	
589	5.68251e+23	
590	5.66051e+23	
591	5.64064e+23	
592	5.62117e+23	
593	5.60214e+23	
594	5.58263e+23	
595	5.55888e+23	
596	5.53587e+23	
597	5.51329e+23	
598	5.49401e+23	
599	5.47366e+23	
600	5.45491e+23	
601	5.43587e+23	
602	5.41589e+23	
603	5.39433e+23	
604	5.37175e+23	
605	5.35009e+23	
606	5.32821e+23	
607	5.30367e+23	
608	5.28392e+23	
609	5.26372e+23	
610	5.24039e+23	
611	5.21649e+23	
612	5.19384e+23	
613	5.17116e+23	
614	5.14843e+23	
615	5.1236e+23	
616	5.10275e+23	
617	5.08092e+23	
618	5.06008e+23	
619	5.03839e+23	
620	5.01367e+23	
621	4.9918e+23	
622	4.9696e+23	
623	4.94661e+23	
624	4.92654e+23	
625	4.90493e+23	
626	4.88245e+23	
627	4.85849e+23	
628	4.83586e+23	
629	4.81359e+23	
630	4.79297e+23	
631	4.76986e+23	
632	4.74752e+23	
633	4.72459e+23	
634	4.69661e+23	
635	4.6726e+23	
636	4.64936e+23	
637	4.62685e+23	
638	4.60307e+23	
639	4.58236e+23	
640	4.55979e+23	
641	4.5367e+23	
642	4.51287e+23	
643	4.49291e+23	
644	4.47198e+23	
645	4.4523e+23	
646	4.43091e+23	
647	4.40917e+23	
648	4.38675e+23	
649	4.36215e+23	
650	4.34246e+23	
651	4.32279e+23	
652	4.30311e+23	
653	4.28403e+23	
654	4.26585e+23	
655	4.24872e+23	
656	4.22919e+23	
657	4.21149e+23	
658	4.19479e+23	
659	4.17613e+23	
660	4.15707e+23	
661	4.13927e+23	
662	4.1194e+23	
663	4.10336e+23	
664	4.08474e+23	
665	4.06823e+23	
666	4.05141e+23	
667	4.03532e+23	
668	4.01973e+23	
669	4.00153e+23	
670	3.9853e+23	
671	3.96946e+23	
672	3.95436e+23	
673	3.93705e+23	
674	3.92189e+23	
675	3.90732e+23	
676	3.89142e+23	
677	3.874e+23	
678	3.85733e+23	
679	3.84042e+23	
680	3.82427e+23	
681	3.80938e+23	
682	3.78978e+23	
683	3.77519e+23	
684	3.76152e+23	
685	3.74573e+23	
686	3.72988e+23	
687	3.71537e+23	
688	3.698e+23	
689	3.68119e+23	
690	3.66422e+23	
691	3.64887e+23	
692	3.63297e+23	
693	3.61728e+23	
694	3.60363e+23	
695	3.588e+23	
696	3.5722e+23	
697	3.55666e+23	
698	3.54279e+23	
699	3.52698e+23	
700	3.51127e+23	
701	3.49792e+23	
702	3.48189e+23	
703	3.46493e+23	
704	3.44979e+23	
705	3.4372e+23	
706	3.42259e+23	
707	3.40727e+23	
708	3.39264e+23	
709	3.37889e+23	
710	3.36556e+23	
711	3.35025e+23	
712	3.3378e+23	
713	3.32501e+23	
714	3.30831e+23	
715	3.29403e+23	
716	3.2789e+23	
717	3.26257e+23	
718	3.2481e+23	
719	3.23444e+23	
720	3.22091e+23	
721	3.20635e+23	
722	3.19358e+23	
723	3.18e+23	
724	3.16494e+23	
725	3.15241e+23	
726	3.14064e+23	
727	3.12701e+23	
728	3.11397e+23	
729	3.10118e+23	
730	3.09032e+23	
731	3.07552e+23	
732	3.06086e+23	
733	3.04963e+23	
734	3.03632e+23	
735	3.02179e+23	
736	3.00877e+23	
737	2.99589e+23	
738	2.98157e+23	
739	2.96813e+23	
740	2.95627e+23	
741	2.94282e+23	
742	2.92911e+23	
743	2.91677e+23	
744	2.90561e+23	
745	2.89162e+23	
746	2.87929e+23	
747	2.86915e+23	
748	2.85779e+23	
749	2.84681e+23	
750	2.83631e+23	
751	2.8232e+23	
752	2.81185e+23	
753	2.80225e+23	
754	2.79155e+23	
755	2.77862e+23	
756	2.76655e+23	
757	2.75677e+23	
758	2.74465e+23	
759	2.73407e+23	
760	2.72445e+23	
761	2.71407e+23	
762	2.70494e+23	
763	2.69503e+23	
764	2.68615e+23	
765	2.67532e+23	
766	2.66582e+23	
767	2.65686e+23	
768	2.64734e+23	
769	2.63637e+23	
770	2.62572e+23	
771	2.61634e+23	
772	2.60635e+23	
773	2.59638e+23	
774	2.58813e+23	
775	2.5787e+23	
776	2.56939e+23	
777	2.56167e+23	
778	2.55378e+23	
779	2.54395e+23	
780	2.5368e+23	
781	2.52866e+23	
782	2.51999e+23	
783	2.51268e+23	
784	2.50435e+23	
785	2.49512e+23	
786	2.48849e+23	
787	2.47965e+23	
788	2.47066e+23	
789	2.46414e+23	
790	2.45588e+23	
791	2.44789e+23	
792	2.43941e+23	
793	2.43188e+23	
794	2.42443e+23	
795	2.41609e+23	
796	2.40801e+23	
797	2.39954e+23	
798	2.38995e+23	
799	2.38263e+23	
800	2.37358e+23	
801	2.36514e+23	
802	2.35761e+23	
803	2.34882e+23	
804	2.34011e+23	
805	2.33238e+23	
806	2.325e+23	
807	2.31615e+23	
808	2.30699e+23	
809	2.29907e+23	
810	2.2908e+23	
811	2.27978e+23	
812	2.27133e+23	
813	2.26376e+23	
814	2.25549e+23	
815	2.24657e+23	
816	2.23893e+23	
817	2.23126e+23	
818	2.22331e+23	
819	2.21567e+23	
820	2.20543e+23	
821	2.1984e+23	
822	2.19173e+23	
823	2.18279e+23	
824	2.17668e+23	
825	2.16831e+23	
826	2.16003e+23	
827	2.15331e+23	
828	2.14582e+23	
829	2.13706e+23	
830	2.12966e+23	
831	2.12346e+23	
832	2.11624e+23	
833	2.10909e+23	
834	2.10179e+23	
835	2.09562e+23	
836	2.08877e+23	
837	2.08167e+23	
838	2.07451e+23	
839	2.06852e+23	
840	2.06142e+23	
841	2.05522e+23	
842	2.04868e+23	
843	2.04049e+23	
844	2.03402e+23	
845	2.0275e+23	
846	2.0204e+23	
847	2.01423e+23	
848	2.00833e+23	
849	2.00109e+23	
850	1.99416e+23	
851	1.9878e+23	
852	1.98183e+23	
853	1.97481e+23	
854	1.96854e+23	
855	1.96282e+23	
856	1.95654e+23	
857	1.95041e+23	
858	1.94462e+23	
859	1.93827e+23	
860	1.93299e+23	
861	1.9283e+23	
862	1.92192e+23	
863	1.91697e+23	
864	1.91156e+23	
865	1.90449e+23	
866	1.89946e+23	
867	1.89413e+23	
868	1.8882e+23	
869	1.88243e+23	
870	1.87664e+23	
871	1.87129e+23	
872	1.86655e+23	
873	1.86093e+23	
874	1.85538e+23	
875	1.85079e+23	
876	1.84562e+23	
877	1.84007e+23	
878	1.83554e+23	
879	1.83154e+23	
880	1.82575e+23	
881	1.82164e+23	
882	1.81686e+23	
883	1.81275e+23	
884	1.80848e+23	
885	1.80327e+23	
886	1.79842e+23	
887	1.79469e+23	
888	1.79012e+23	
889	1.78556e+23	
890	1.78172e+23	
891	1.77751e+23	
892	1.77409e+23	
893	1.76968e+23	
894	1.76601e+23	
895	1.7612e+23	
896	1.75752e+23	
897	1.75308e+23	
898	1.74919e+23	
899	1.74504e+23	
900	1.74031e+23	
901	1.73639e+23	
902	1.73226e+23	
903	1.72867e+23	
904	1.72388e+23	
905	1.71961e+23	
906	1.71526e+23	
907	1.71076e+23	
908	1.70711e+23	
909	1.7027e+23	
910	1.69816e+23	
911	1.694e+23	
912	1.69005e+23	
913	1.68564e+23	
914	1.68111e+23	
915	1.67737e+23	
916	1.67289e+23	
917	1.66898e+23	
918	1.66489e+23	
919	1.66025e+23	
920	1.65522e+23	
921	1.65047e+23	
922	1.64613e+23	
923	1.64182e+23	
924	1.6367e+23	
925	1.63161e+23	
926	1.62795e+23	
927	1.62356e+23	
928	1.61961e+23	
929	1.61568e+23	
930	1.6106e+23	
931	1.60617e+23	
932	1.60141e+23	
933	1.59789e+23	
934	1.59259e+23	
935	1.58912e+23	
936	1.58441e+23	
937	1.57974e+23	
938	1.57458e+23	
939	1.57026e+23	
940	1.5654e+23	
941	1.56144e+23	
942	1.557e+23	
943	1.55319e+23	
944	1.54917e+23	
945	1.54548e+23	
946	1.54173e+23	
947	1.53797e+23	
948	1.53401e+23	
949	1.52981e+23	
950	1.52636e+23	
951	1.52279e+23	
952	1.51919e+23	
953	1.51561e+23	
954	1.51238e+23	
955	1.50925e+23	
956	1.50547e+23	
957	1.5026e+23	
958	1.49936e+23	
959	1.49614e+23	
960	1.49336e+23	
961	1.48986e+23	
962	1.48693e+23	
963	1.48328e+23	
964	1.47997e+23	
965	1.47707e+23	
966	1.47346e+23	
967	1.47062e+23	
968	1.46689e+23	
969	1.46365e+23	
970	1.46047e+23	
971	1.45716e+23	
972	1.45413e+23	
973	1.45124e+23	
974	1.44794e+23	
975	1.44471e+23	
976	1.44195e+23	
977	1.43902e+23	
978	1.43588e+23	
979	1.43226e+23	
980	1.42944e+23	
981	1.42555e+23	
982	1.42253e+23	
983	1.41879e+23	
984	1.41553e+23	
985	1.41175e+23	
986	1.4087e+23	
987	1.40587e+23	
988	1.40161e+23	
989	1.39828e+23	
990	1.39379e+23	
991	1.39044e+23	
992	1.38621e+23	
993	1.3834e+23	
994	1.37998e+23	
995	1.37689e+23	
996	1.37434e+23	
997	1.37088e+23	
998	1.36783e+23	
999	1.36446e+23	
1000	1.36131e+23	
1001	1.35845e+23	
1002	1.35555e+23	
1003	1.35253e+23	
1004	1.34986e+23	
1005	1.34638e+23	
1006	1.34372e+23	
1007	1.34042e+23	
1008	1.3374e+23	
1009	1.33466e+23	
1010	1.33133e+23	
1011	1.32862e+23	
1012	1.32569e+23	
1013	1.32295e+23	
1014	1.31971e+23	
1015	1.31742e+23	
1016	1.3144e+23	
1017	1.31189e+23	
1018	1.30904e+23	
1019	1.30619e+23	
1020	1.30345e+23	
1021	1.30029e+23	
1022	1.29737e+23	
1023	1.29463e+23	
1024	1.29171e+23	
1025	1.289e+23	
1026	1.28579e+23	
1027	1.28274e+23	
1028	1.28006e+23	
1029	1.27647e+23	
1030	1.27365e+23	
1031	1.2703e+23	
1032	1.2678e+23	
1033	1.26485e+23	
1034	1.26202e+23	
1035	1.25877e+23	
1036	1.25605e+23	
1037	1.2532e+23	
1038	1.25032e+23	
1039	1.24765e+23	
1040	1.24475e+23	
1041	1.2419e+23	
1042	1.23819e+23	
1043	1.23506e+23	
1044	1.23164e+23	
1045	1.22879e+23	
1046	1.22578e+23	
1047	1.22295e+23	
1048	1.21969e+23	
1049	1.21631e+23	
1050	1.21364e+23	
1051	1.21063e+23	
1052	1.2075e+23	
1053	1.20459e+23	
1054	1.20157e+23	
1055	1.19883e+23	
1056	1.19555e+23	
1057	1.19266e+23	
1058	1.18948e+23	
1059	1.18706e+23	
1060	1.18441e+23	
1061	1.1821e+23	
1062	1.17915e+23	
1063	1.17679e+23	
1064	1.17428e+23	
1065	1.17119e+23	
1066	1.16862e+23	
1067	1.16555e+23	
1068	1.16343e+23	
1069	1.1601e+23	
1070	1.15814e+23	
1071	1.15528e+23	
1072	1.15261e+23	
1073	1.14965e+23	
1074	1.14696e+23	
1075	1.14423e+23	
1076	1.14154e+23	
1077	1.13914e+23	
1078	1.13675e+23	
1079	1.13478e+23	
1080	1.13209e+23	
1081	1.12966e+23	
1082	1.12705e+23	
1083	1.1247e+23	
1084	1.1213e+23	
1085	1.11858e+23	
1086	1.11602e+23	
1087	1.11369e+23	
1088	1.11094e+23	
1089	1.10823e+23	
1090	1.10558e+23	
1091	1.10325e+23	
1092	1.10075e+23	
1093	1.09865e+23	
1094	1.09586e+23	
1095	1.09356e+23	
1096	1.09062e+23	
1097	1.08818e+23	
1098	1.08504e+23	
1099	1.08295e+23	
1100	1.08023e+23	
1101	1.07741e+23	
1102	1.07469e+23	
1103	1.07178e+23	
1104	1.06902e+23	
1105	1.06526e+23	
1106	1.06297e+23	
1107	1.05987e+23	
1108	1.0574e+23	
1109	1.05446e+23	
1110	1.05166e+23	
1111	1.04865e+23	
1112	1.04592e+23	
1113	1.04292e+23	
1114	1.04038e+23	
1115	1.03755e+23	
1116	1.03515e+23	
1117	1.03297e+23	
1118	1.03065e+23	
1119	1.02833e+23	
1120	1.02591e+23	
1121	1.02328e+23	
1122	1.02095e+23	
1123	1.01827e+23	
1124	1.01557e+23	
1125	1.01349e+23	
1126	1.01081e+23	
1127	1.00885e+23	
1128	1.00641e+23	
1129	1.0043e+23	
1130	1.00195e+23	
1131	9.99556e+22	
1132	9.97709e+22	
1133	9.95075e+22	
1134	9.93273e+22	
1135	9.9066e+22	
1136	9.88652e+22	
1137	9.86112e+22	
1138	9.84197e+22	
1139	9.81677e+22	
1140	9.79655e+22	
1141	9.77297e+22	
1142	9.75218e+22	
1143	9.72923e+22	
1144	9.70856e+22	
1145	9.68353e+22	
1146	9.66252e+22	
1147	9.63849e+22	
1148	9.6156e+22	
1149	9.59595e+22	
1150	9.56706e+22	
1151	9.54519e+22	
1152	9.51964e+22	
1153	9.49756e+22	
1154	9.47973e+22	
1155	9.45877e+22	
1156	9.43983e+22	
1157	9.4199e+22	
1158	9.39799e+22	
1159	9.37955e+22	
1160	9.3596e+22	
1161	9.34049e+22	
1162	9.32091e+22	
1163	9.29869e+22	
1164	9.28054e+22	
1165	9.25409e+22	
1166	9.23457e+22	
1167	9.21273e+22	
1168	9.19307e+22	
1169	9.16906e+22	
1170	9.14944e+22	
1171	9.1304e+22	
1172	9.11051e+22	
1173	9.08799e+22	
1174	9.06438e+22	
1175	9.04548e+22	
1176	9.02399e+22	
1177	9.00155e+22	
1178	8.98032e+22	
1179	8.95993e+22	
1180	8.93971e+22	
1181	8.91577e+22	
1182	8.89158e+22	
1183	8.86465e+22	
1184	8.8432e+22	
1185	8.8164e+22	
1186	8.79858e+22	
1187	8.77203e+22	
1188	8.75013e+22	
1189	8.72498e+22	
1190	8.69348e+22	
1191	8.67664e+22	
1192	8.65135e+22	
1193	8.63358e+22	
1194	8.61191e+22	
1195	8.59349e+22	
1196	8.57267e+22	
1197	8.55266e+22	
1198	8.53325e+22	
1199	8.51708e+22	
1200	8.50185e+22	
1201	8.48486e+22	
1202	8.46889e+22	
1203	8.4517e+22	
1204	8.43056e+22	
1205	8.41523e+22	
1206	8.39637e+22	
1207	8.38193e+22	
1208	8.36496e+22	
1209	8.3518e+22	
1210	8.33523e+22	
1211	8.32455e+22	
1212	8.30844e+22	
1213	8.29811e+22	
1214	8.27885e+22	
1215	8.26659e+22	
1216	8.25151e+22	
1217	8.24087e+22	
1218	8.22348e+22	
1219	8.20637e+22	
1220	8.19069e+22	
1221	8.17546e+22	
1222	8.16208e+22	
1223	8.14791e+22	
1224	8.13386e+22	
1225	8.11491e+22	
1226	8.09926e+22	
1227	8.08443e+22	
1228	8.07145e+22	
1229	8.05276e+22	
1230	8.03988e+22	
1231	8.02621e+22	
1232	8.00924e+22	
1233	7.99704e+22	
1234	7.98274e+22	
1235	7.97082e+22	
1236	7.95737e+22	
1237	7.94435e+22	
1238	7.93389e+22	
1239	7.91949e+22	
1240	7.90703e+22	
1241	7.89376e+22	
1242	7.87992e+22	
1243	7.86591e+22	
1244	7.85487e+22	
1245	7.83852e+22	
1246	7.82569e+22	
1247	7.80878e+22	
1248	7.79752e+22	
1249	7.77944e+22	
1250	7.76776e+22	
1251	7.75395e+22	
1252	7.74071e+22	
1253	7.72574e+22	
1254	7.71295e+22	
1255	7.70126e+22	
1256	7.68667e+22	
1257	7.67259e+22	
1258	7.65688e+22	
1259	7.6456e+22	
1260	7.63448e+22	
1261	7.61918e+22	
1262	7.6083e+22	
1263	7.5928e+22	
1264	7.57889e+22	
1265	7.56459e+22	
1266	7.55476e+22	
1267	7.54167e+22	
1268	7.53242e+22	
1269	7.51722e+22	
1270	7.50636e+22	
1271	7.49378e+22	
1272	7.4826e+22	
1273	7.46749e+22	
1274	7.45461e+22	
1275	7.44159e+22	
1276	7.43016e+22	
1277	7.41419e+22	
1278	7.40172e+22	
1279	7.39014e+22	
1280	7.37652e+22	
1281	7.36414e+22	
1282	7.35307e+22	
1283	7.34147e+22	
1284	7.3293e+22	
1285	7.31719e+22	
1286	7.30441e+22	
1287	7.29253e+22	
1288	7.28045e+22	
1289	7.26487e+22	
1290	7.25424e+22	
1291	7.24192e+22	
1292	7.23192e+22	
1293	7.22026e+22	
1294	7.20805e+22	
1295	7.19873e+22	
1296	7.18898e+22	
1297	7.17803e+22	
1298	7.16791e+22	
1299	7.15557e+22	
1300	7.14376e+22	
1301	7.13207e+22	
1302	7.12151e+22	
1303	7.11228e+22	
1304	7.10087e+22	
1305	7.09101e+22	
1306	7.08148e+22	
1307	7.0722e+22	
1308	7.06083e+22	
1309	7.04874e+22	
1310	7.03944e+22	
1311	7.02969e+22	
1312	7.01985e+22	
1313	7.00968e+22	
1314	6.99824e+22	
1315	6.98556e+22	
1316	6.97712e+22	
1317	6.96649e+22	
1318	6.95719e+22	
1319	6.94773e+22	
1320	6.93682e+22	
1321	6.92739e+22	
1322	6.91704e+22	
1323	6.90854e+22	
1324	6.89611e+22	
1325	6.8853e+22	
1326	6.87433e+22	
1327	6.86524e+22	
1328	6.85541e+22	
1329	6.84631e+22	
1330	6.83586e+22	
1331	6.82425e+22	
1332	6.81445e+22	
1333	6.80415e+22	
1334	6.79563e+22	
1335	6.78594e+22	
1336	6.77623e+22	
1337	6.76697e+22	
1338	6.75557e+22	
1339	6.74574e+22	
1340	6.73303e+22	
1341	6.72176e+22	
1342	6.70824e+22	
1343	6.69941e+22	
1344	6.68762e+22	
1345	6.67728e+22	
1346	6.6645e+22	
1347	6.65656e+22	
1348	6.64554e+22	
1349	6.63686e+22	
1350	6.62698e+22	
1351	6.61715e+22	
1352	6.60835e+22	
1353	6.59846e+22	
1354	6.58825e+22	
1355	6.57716e+22	
1356	6.56872e+22	
1357	6.55845e+22	
1358	6.54797e+22	
1359	6.53707e+22	
1360	6.52663e+22	
1361	6.51765e+22	
1362	6.50586e+22	
1363	6.49556e+22	
1364	6.48596e+22	
1365	6.47782e+22	
1366	6.46819e+22	
1367	6.45908e+22	
1368	6.45087e+22	
1369	6.44144e+22	
1370	6.43151e+22	
1371	6.4237e+22	
1372	6.4168e+22	
1373	6.40756e+22	
1374	6.39913e+22	
1375	6.38932e+22	
1376	6.3816e+22	
1377	6.37002e+22	
1378	6.3613e+22	
1379	6.35338e+22	
1380	6.34486e+22	
1381	6.33445e+22	
1382	6.32767e+22	
1383	6.31588e+22	
1384	6.30624e+22	
1385	6.29814e+22	
1386	6.28925e+22	
1387	6.28123e+22	
1388	6.27168e+22	
1389	6.26378e+22	
1390	6.25571e+22	
1391	6.24888e+22	
1392	6.23861e+22	
1393	6.2307e+22	
1394	6.22151e+22	
1395	6.21335e+22	
1396	6.2023e+22	
1397	6.19494e+22	
1398	6.18405e+22	
1399	6.17539e+22	
1400	6.16674e+22	
1401	6.15882e+22	
1402	6.15065e+22	
1403	6.14176e+22	
1404	6.13413e+22	
1405	6.12429e+22	
1406	6.11606e+22	
1407	6.10689e+22	
1408	6.10142e+22	
1409	6.09015e+22	
1410	6.08215e+22	
1411	6.07311e+22	
1412	6.0666e+22	
1413	6.05722e+22	
1414	6.05025e+22	
1415	6.03951e+22	
1416	6.0316e+22	
1417	6.02189e+22	
1418	6.01151e+22	
1419	6.00193e+22	
1420	5.99308e+22	
1421	5.98487e+22	
1422	5.97517e+22	
1423	5.96806e+22	
1424	5.95776e+22	
1425	5.94972e+22	
1426	5.94015e+22	
1427	5.93313e+22	
1428	5.92407e+22	
1429	5.91524e+22	
1430	5.90774e+22	
1431	5.90176e+22	
1432	5.89336e+22	
1433	5.88442e+22	
1434	5.87619e+22	
1435	5.86447e+22	
1436	5.85395e+22	
1437	5.8442e+22	
1438	5.83485e+22	
1439	5.82701e+22	
1440	5.81811e+22	
1441	5.80912e+22	
1442	5.80133e+22	
1443	5.79418e+22	
1444	5.78725e+22	
1445	5.77672e+22	
1446	5.76959e+22	
1447	5.76112e+22	
1448	5.75272e+22	
1449	5.74417e+22	
1450	5.736e+22	
1451	5.72682e+22	
1452	5.71982e+22	
1453	5.70985e+22	
1454	5.70179e+22	
1455	5.69371e+22	
1456	5.6844e+22	
1457	5.67439e+22	
1458	5.66592e+22	
1459	5.65776e+22	
1460	5.64786e+22	
1461	5.64033e+22	
1462	5.6306e+22	
1463	5.62366e+22	
1464	5.61543e+22	
1465	5.60615e+22	
1466	5.59807e+22	
1467	5.59034e+22	
1468	5.58153e+22	
1469	5.57293e+22	
1470	5.56234e+22	
1471	5.55558e+22	
1472	5.54497e+22	
1473	5.53488e+22	
1474	5.52725e+22	
1475	5.52065e+22	
1476	5.5102e+22	
1477	5.50257e+22	
1478	5.49314e+22	
1479	5.48425e+22	
1480	5.47405e+22	
1481	5.46771e+22	
1482	5.45981e+22	
1483	5.45374e+22	
1484	5.4466e+22	
1485	5.43916e+22	
1486	5.43335e+22	
1487	5.42465e+22	
1488	5.41859e+22	
1489	5.41085e+22	
1490	5.40395e+22	
1491	5.39707e+22	
1492	5.38932e+22	
1493	5.38155e+22	
1494	5.3716e+22	
1495	5.36313e+22	
1496	5.35425e+22	
1497	5.34657e+22	
1498	5.33773e+22	
1499	5.32983e+22	
1500	5.31927e+22	
1501	5.31138e+22	
1502	5.30155e+22	
1503	5.29315e+22	
1504	5.28252e+22	
1505	5.27367e+22	
1506	5.26497e+22	
1507	5.25708e+22	
1508	5.24685e+22	
1509	5.23941e+22	
1510	5.23079e+22	
1511	5.22002e+22	
1512	5.21156e+22	
1513	5.20407e+22	
1514	5.19443e+22	
1515	5.18399e+22	
1516	5.17527e+22	
1517	5.16509e+22	
1518	5.15205e+22	
1519	5.14146e+22	
1520	5.13262e+22	
1521	5.12226e+22	
1522	5.11261e+22	
1523	5.10378e+22	
1524	5.0952e+22	
1525	5.08492e+22	
1526	5.07726e+22	
1527	5.06737e+22	
1528	5.05733e+22	
1529	5.04637e+22	
1530	5.03687e+22	
1531	5.0285e+22	
1532	5.01767e+22	
1533	5.0094e+22	
1534	5.00009e+22	
1535	4.99208e+22	
1536	4.98204e+22	
1537	4.97511e+22	
1538	4.96671e+22	
1539	4.9585e+22	
1540	4.94989e+22	
1541	4.94092e+22	
1542	4.93471e+22	
1543	4.92812e+22	
1544	4.91931e+22	
1545	4.91172e+22	
1546	4.90507e+22	
1547	4.8964e+22	
1548	4.89062e+22	
1549	4.88339e+22	
1550	4.87544e+22	
1551	4.86883e+22	
1552	4.86233e+22	
1553	4.85424e+22	
1554	4.84675e+22	
1555	4.83499e+22	
1556	4.82637e+22	
1557	4.81779e+22	
1558	4.80896e+22	
1559	4.79998e+22	
1560	4.79158e+22	
1561	4.78245e+22	
1562	4.77561e+22	
1563	4.76659e+22	
1564	4.75531e+22	
1565	4.7482e+22	
1566	4.73844e+22	
1567	4.73133e+22	
1568	4.72136e+22	
1569	4.71188e+22	
1570	4.7048e+22	
1571	4.69392e+22	
1572	4.68581e+22	
1573	4.67894e+22	
1574	4.67174e+22	
1575	4.6616e+22	
1576	4.65398e+22	
1577	4.64542e+22	
1578	4.63685e+22	
1579	4.62832e+22	
1580	4.62098e+22	
1581	4.61312e+22	
1582	4.60374e+22	
1583	4.59683e+22	
1584	4.58908e+22	
1585	4.57901e+22	
1586	4.57138e+22	
1587	4.56271e+22	
1588	4.55356e+22	
1589	4.54563e+22	
1590	4.53649e+22	
1591	4.52708e+22	
1592	4.51782e+22	
1593	4.50716e+22	
1594	4.49643e+22	
1595	4.48684e+22	
1596	4.47733e+22	
1597	4.46838e+22	
1598	4.45832e+22	
1599	4.44607e+22	
1600	4.43679e+22	
1601	4.42763e+22	
1602	4.4146e+22	
1603	4.40699e+22	
1604	4.39851e+22	
1605	4.38857e+22	
1606	4.37934e+22	
1607	4.37081e+22	
1608	4.36054e+22	
1609	4.35246e+22	
1610	4.3431e+22	
1611	4.33374e+22	
1612	4.32373e+22	
1613	4.31538e+22	
1614	4.30538e+22	
1615	4.29822e+22	
1616	4.29099e+22	
1617	4.28359e+22	
1618	4.27485e+22	
1619	4.26582e+22	
1620	4.25547e+22	
1621	4.2476e+22	
1622	4.23842e+22	
1623	4.22981e+22	
1624	4.22273e+22	
1625	4.21478e+22	
1626	4.20717e+22	
1627	4.19926e+22	
1628	4.19282e+22	
1629	4.183e+22	
1630	4.17527e+22	
1631	4.16716e+22	
1632	4.15773e+22	
1633	4.14864e+22	
1634	4.14107e+22	
1635	4.13249e+22	
1636	4.12515e+22	
1637	4.11604e+22	
1638	4.11033e+22	
1639	4.10426e+22	
1640	4.09597e+22	
1641	4.09183e+22	
1642	4.08379e+22	
1643	4.07679e+22	
1644	4.07012e+22	
1645	4.062e+22	
1646	4.0552e+22	
1647	4.04923e+22	
1648	4.03971e+22	
1649	4.03274e+22	
1650	4.02692e+22	
1651	4.01735e+22	
1652	4.00972e+22	
1653	4.00381e+22	
1654	3.99623e+22	
1655	3.98977e+22	
1656	3.98307e+22	
1657	3.97575e+22	
1658	3.97005e+22	
1659	3.96062e+22	
1660	3.95476e+22	
1661	3.94875e+22	
1662	3.94092e+22	
1663	3.93347e+22	
1664	3.92325e+22	
1665	3.91478e+22	
1666	3.90979e+22	
1667	3.90089e+22	
1668	3.89176e+22	
1669	3.88494e+22	
1670	3.87555e+22	
1671	3.86823e+22	
1672	3.86134e+22	
1673	3.85298e+22	
1674	3.84651e+22	
1675	3.83596e+22	
1676	3.82694e+22	
1677	3.82199e+22	
1678	3.81163e+22	
1679	3.80295e+22	
1680	3.79629e+22	
1681	3.78789e+22	
1682	3.78218e+22	
1683	3.77448e+22	
1684	3.7674e+22	
1685	3.76122e+22	
1686	3.75213e+22	
1687	3.74455e+22	
1688	3.7385e+22	
1689	3.72842e+22	
1690	3.72204e+22	
1691	3.71455e+22	
1692	3.70573e+22	
1693	3.70002e+22	
1694	3.6928e+22	
1695	3.68482e+22	
1696	3.67818e+22	
1697	3.67223e+22	
1698	3.66532e+22	
1699	3.66055e+22	
1700	3.65199e+22	
1701	3.64614e+22	
1702	3.63892e+22	
1703	3.63082e+22	
1704	3.62597e+22	
1705	3.61553e+22	
1706	3.60826e+22	
1707	3.60318e+22	
1708	3.59455e+22	
1709	3.59033e+22	
1710	3.58315e+22	
1711	3.57589e+22	
1712	3.56941e+22	
1713	3.56254e+22	
1714	3.55732e+22	
1715	3.55125e+22	
1716	3.54281e+22	
1717	3.53757e+22	
1718	3.53185e+22	
1719	3.52617e+22	
1720	3.52184e+22	
1721	3.51617e+22	
1722	3.50986e+22	
1723	3.50625e+22	
1724	3.4996e+22	
1725	3.4931e+22	
1726	3.48883e+22	
1727	3.48189e+22	
1728	3.4766e+22	
1729	3.47187e+22	
1730	3.46557e+22	
1731	3.4615e+22	
1732	3.45357e+22	
1733	3.44896e+22	
1734	3.44431e+22	
1735	3.43638e+22	
1736	3.43265e+22	
1737	3.42673e+22	
1738	3.42109e+22	
1739	3.41764e+22	
1740	3.41127e+22	
1741	3.40571e+22	
1742	3.40105e+22	
1743	3.39577e+22	
1744	3.39024e+22	
1745	3.38408e+22	
1746	3.37843e+22	
1747	3.37359e+22	
1748	3.36751e+22	
1749	3.36e+22	
1750	3.35567e+22	
1751	3.34887e+22	
1752	3.34241e+22	
1753	3.33847e+22	
1754	3.33062e+22	
1755	3.32586e+22	
1756	3.32097e+22	
1757	3.31194e+22	
1758	3.30665e+22	
1759	3.30203e+22	
1760	3.29499e+22	
1761	3.28986e+22	
1762	3.28305e+22	
1763	3.27864e+22	
1764	3.27108e+22	
1765	3.26529e+22	
1766	3.26185e+22	
1767	3.25408e+22	
1768	3.24659e+22	
1769	3.24334e+22	
1770	3.23721e+22	
1771	3.23158e+22	
1772	3.22826e+22	
1773	3.22327e+22	
1774	3.21915e+22	
1775	3.21517e+22	
1776	3.21124e+22	
1777	3.20747e+22	
1778	3.20346e+22	
1779	3.19828e+22	
1780	3.19414e+22	
1781	3.18852e+22	
1782	3.18398e+22	
1783	3.1804e+22	
1784	3.17554e+22	
1785	3.17054e+22	
1786	3.16702e+22	
1787	3.16109e+22	
1788	3.1568e+22	
1789	3.15349e+22	
1790	3.14948e+22	
1791	3.14521e+22	
1792	3.14168e+22	
1793	3.13805e+22	
1794	3.13287e+22	
1795	3.12903e+22	
1796	3.1256e+22	
1797	3.12082e+22	
1798	3.11724e+22	
1799	3.1128e+22	
1800	3.10928e+22	
1801	3.10539e+22	
1802	3.10147e+22	
1803	3.09846e+22	
1804	3.0949e+22	
1805	3.09056e+22	
1806	3.08745e+22	
1807	3.08291e+22	
1808	3.07862e+22	
1809	3.07553e+22	
1810	3.0725e+22	
1811	3.06844e+22	
1812	3.06587e+22	
1813	3.06256e+22	
1814	3.05874e+22	
1815	3.05475e+22	
1816	3.05168e+22	
1817	3.04628e+22	
1818	3.0414e+22	
1819	3.03871e+22	
1820	3.03247e+22	
1821	3.02843e+22	
1822	3.02434e+22	
1823	3.02013e+22	
1824	3.0154e+22	
1825	3.01115e+22	
1826	3.00781e+22	
1827	3.00411e+22	
1828	2.99853e+22	
1829	2.99512e+22	
1830	2.99092e+22	
1831	2.98698e+22	
1832	2.98349e+22	
1833	2.97906e+22	
1834	2.97449e+22	
1835	2.97007e+22	
1836	2.96658e+22	
1837	2.96158e+22	
1838	2.95824e+22	
1839	2.95579e+22	
1840	2.95017e+22	
1841	2.94543e+22	
1842	2.94181e+22	
1843	2.9378e+22	
1844	2.93378e+22	
1845	2.9302e+22	
1846	2.92771e+22	
1847	2.92409e+22	
1848	2.91932e+22	
1849	2.91583e+22	
1850	2.91274e+22	
1851	2.90753e+22	
1852	2.9033e+22	
1853	2.90035e+22	
1854	2.89629e+22	
1855	2.89061e+22	
1856	2.88722e+22	
1857	2.88388e+22	
1858	2.87715e+22	
1859	2.8731e+22	
1860	2.86838e+22	
1861	2.86457e+22	
1862	2.8608e+22	
1863	2.85661e+22	
1864	2.85338e+22	
1865	2.84917e+22	
1866	2.84604e+22	
1867	2.84212e+22	
1868	2.83866e+22	
1869	2.8345e+22	
1870	2.8314e+22	
1871	2.82789e+22	
1872	2.82373e+22	
1873	2.8211e+22	
1874	2.81705e+22	
1875	2.81189e+22	
1876	2.80896e+22	
1877	2.80424e+22	
1878	2.80045e+22	
1879	2.79679e+22	
1880	2.79374e+22	
1881	2.78904e+22	
1882	2.78576e+22	
1883	2.78327e+22	
1884	2.77861e+22	
1885	2.77518e+22	
1886	2.77259e+22	
1887	2.76847e+22	
1888	2.76548e+22	
1889	2.76232e+22	
1890	2.75927e+22	
1891	2.75608e+22	
1892	2.7528e+22	
1893	2.75052e+22	
1894	2.74699e+22	
1895	2.74403e+22	
1896	2.74088e+22	
1897	2.73767e+22	
1898	2.73457e+22	
1899	2.73168e+22	
1900	2.7287e+22	
1901	2.72461e+22	
1902	2.7221e+22	
1903	2.71908e+22	
1904	2.71578e+22	
1905	2.71254e+22	
1906	2.71054e+22	
1907	2.70787e+22	
1908	2.70293e+22	
1909	2.69924e+22	
1910	2.69606e+22	
1911	2.69193e+22	
1912	2.68886e+22	
1913	2.6853e+22	
1914	2.6826e+22	
1915	2.67892e+22	
1916	2.67547e+22	
1917	2.67152e+22	
1918	2.66721e+22	
1919	2.66367e+22	
1920	2.65928e+22	
1921	2.65483e+22	
1922	2.65191e+22	
1923	2.64844e+22	
1924	2.64495e+22	
1925	2.63995e+22	
1926	2.6365e+22	
1927	2.63318e+22	
1928	2.62862e+22	
1929	2.62476e+22	
1930	2.62163e+22	
1931	2.61909e+22	
1932	2.61378e+22	
1933	2.61061e+22	
1934	2.60824e+22	
1935	2.60243e+22	
1936	2.59999e+22	
1937	2.59782e+22	
1938	2.59455e+22	
1939	2.59144e+22	
1940	2.58868e+22	
1941	2.58581e+22	
1942	2.58245e+22	
1943	2.5793e+22	
1944	2.57679e+22	
1945	2.57387e+22	
1946	2.57079e+22	
1947	2.56836e+22	
1948	2.56556e+22	
1949	2.56224e+22	
1950	2.55928e+22	
1951	2.55697e+22	
1952	2.55366e+22	
1953	2.54964e+22	
1954	2.54782e+22	
1955	2.54491e+22	
1956	2.54051e+22	
1957	2.53807e+22	
1958	2.53486e+22	
1959	2.53146e+22	
1960	2.52751e+22	
1961	2.525e+22	
1962	2.52148e+22	
1963	2.51732e+22	
1964	2.51408e+22	
1965	2.51172e+22	
1966	2.50801e+22	
1967	2.50487e+22	
1968	2.50276e+22	
1969	2.49974e+22	
1970	2.49582e+22	
1971	2.49329e+22	
1972	2.49044e+22	
1973	2.48718e+22	
1974	2.48473e+22	
1975	2.4825e+22	
1976	2.47901e+22	
1977	2.47557e+22	
1978	2.47313e+22	
1979	2.4701e+22	
1980	2.46714e+22	
1981	2.46486e+22	
1982	2.46225e+22	
1983	2.45942e+22	
1984	2.45581e+22	
1985	2.45296e+22	
1986	2.45025e+22	
1987	2.44743e+22	
1988	2.44459e+22	
1989	2.44183e+22	
1990	2.44029e+22	
1991	2.4374e+22	
1992	2.43447e+22	
1993	2.43235e+22	
1994	2.43018e+22	
1995	2.42756e+22	
1996	2.42496e+22	
1997	2.42294e+22	
1998	2.42047e+22	
1999	2.4164e+22	
2000	2.41353e+22	
2001	2.41103e+22	
2002	2.40823e+22	
2003	2.40486e+22	
2004	2.40305e+22	
2005	2.40099e+22	
2006	2.39791e+22	
2007	2.39539e+22	
2008	2.39361e+22	
2009	2.39048e+22	
2010	2.38784e+22	
2011	2.38599e+22	
2012	2.38421e+22	
2013	2.3814e+22	
2014	2.37829e+22	
2015	2.37577e+22	
2016	2.373e+22	
2017	2.36967e+22	
2018	2.36615e+22	
2019	2.36323e+22	
2020	2.36087e+22	
2021	2.35811e+22	
2022	2.35501e+22	
2023	2.35203e+22	
2024	2.34966e+22	
2025	2.34705e+22	
2026	2.34321e+22	
2027	2.34129e+22	
2028	2.33849e+22	
2029	2.33559e+22	
2030	2.33158e+22	
2031	2.32931e+22	
2032	2.32634e+22	
2033	2.3217e+22	
2034	2.31843e+22	
2035	2.31597e+22	
2036	2.31284e+22	
2037	2.30887e+22	
2038	2.30528e+22	
2039	2.30324e+22	
2040	2.2994e+22	
2041	2.29583e+22	
2042	2.29326e+22	
2043	2.2912e+22	
2044	2.28859e+22	
2045	2.2852e+22	
2046	2.28232e+22	
2047	2.28006e+22	
2048	2.27739e+22	
2049	2.27409e+22	
2050	2.27131e+22	
2051	2.2683e+22	
2052	2.26518e+22	
2053	2.2623e+22	
2054	2.2607e+22	
2055	2.25847e+22	
2056	2.25612e+22	
2057	2.25322e+22	
2058	2.25119e+22	
2059	2.2485e+22	
2060	2.24552e+22	
2061	2.24261e+22	
2062	2.24042e+22	
2063	2.23856e+22	
2064	2.23562e+22	
2065	2.23291e+22	
2066	2.23122e+22	
2067	2.22863e+22	
2068	2.22637e+22	
2069	2.2239e+22	
2070	2.22164e+22	
2071	2.21876e+22	
2072	2.21537e+22	
2073	2.21348e+22	
2074	2.21095e+22	
2075	2.20785e+22	
2076	2.20418e+22	
2077	2.20211e+22	
2078	2.1997e+22	
2079	2.19734e+22	
2080	2.19484e+22	
2081	2.19244e+22	
2082	2.18995e+22	
2083	2.18714e+22	
2084	2.18437e+22	
2085	2.18261e+22	
2086	2.1801e+22	
2087	2.17724e+22	
2088	2.17549e+22	
2089	2.17311e+22	
2090	2.17056e+22	
2091	2.16677e+22	
2092	2.16507e+22	
2093	2.16292e+22	
2094	2.16057e+22	
2095	2.15796e+22	
2096	2.1549e+22	
2097	2.15322e+22	
2098	2.15111e+22	
2099	2.14749e+22	
2100	2.1446e+22	
2101	2.14213e+22	
2102	2.13902e+22	
2103	2.1358e+22	
2104	2.13378e+22	
2105	2.13114e+22	
2106	2.12857e+22	
2107	2.12608e+22	
2108	2.12391e+22	
2109	2.1218e+22	
2110	2.11838e+22	
2111	2.11612e+22	
2112	2.11369e+22	
2113	2.11181e+22	
2114	2.10866e+22	
2115	2.10646e+22	
2116	2.10464e+22	
2117	2.10227e+22	
2118	2.09937e+22	
2119	2.09731e+22	
2120	2.09525e+22	
2121	2.09265e+22	
2122	2.09042e+22	
2123	2.08826e+22	
2124	2.08619e+22	
2125	2.08336e+22	
2126	2.08079e+22	
2127	2.07849e+22	
2128	2.07679e+22	
2129	2.07423e+22	
2130	2.07142e+22	
2131	2.06907e+22	
2132	2.0664e+22	
2133	2.06337e+22	
2134	2.06064e+22	
2135	2.0585e+22	
2136	2.05641e+22	
2137	2.05358e+22	
2138	2.05145e+22	
2139	2.04928e+22	
2140	2.04673e+22	
2141	2.04344e+22	
2142	2.04132e+22	
2143	2.03877e+22	
2144	2.03671e+22	
2145	2.03395e+22	
2146	2.03131e+22	
2147	2.02904e+22	
2148	2.0259e+22	
2149	2.02283e+22	
2150	2.01958e+22	
2151	2.01778e+22	
2152	2.01492e+22	
2153	2.01251e+22	
2154	2.01082e+22	
2155	2.00871e+22	
2156	2.00613e+22	
2157	2.00344e+22	
2158	2.00121e+22	
2159	1.99932e+22	
2160	1.99631e+22	
2161	1.99386e+22	
2162	1.99139e+22	
2163	1.98954e+22	
2164	1.98707e+22	
2165	1.98505e+22	
2166	1.98333e+22	
2167	1.98041e+22	
2168	1.97707e+22	
2169	1.97437e+22	
2170	1.97171e+22	
2171	1.96941e+22	
2172	1.96655e+22	
2173	1.96387e+22	
2174	1.96186e+22	
2175	1.95907e+22	
2176	1.95585e+22	
2177	1.95383e+22	
2178	1.95192e+22	
2179	1.94916e+22	
2180	1.94647e+22	
2181	1.94409e+22	
2182	1.94154e+22	
2183	1.93755e+22	
2184	1.93437e+22	
2185	1.93152e+22	
2186	1.92993e+22	
2187	1.92743e+22	
2188	1.92479e+22	
2189	1.92261e+22	
2190	1.92037e+22	
2191	1.91795e+22	
2192	1.91509e+22	
2193	1.91318e+22	
2194	1.91134e+22	
2195	1.90898e+22	
2196	1.90635e+22	
2197	1.90464e+22	
2198	1.90221e+22	
2199	1.89948e+22	
2200	1.89674e+22	
2201	1.89436e+22	
2202	1.89214e+22	
2203	1.8893e+22	
2204	1.88574e+22	
2205	1.88389e+22	
2206	1.88133e+22	
2207	1.87818e+22	
2208	1.8754e+22	
2209	1.87308e+22	
2210	1.86986e+22	
2211	1.86729e+22	
2212	1.86464e+22	
2213	1.86236e+22	
2214	1.85995e+22	
2215	1.85725e+22	
2216	1.85447e+22	
2217	1.85253e+22	
2218	1.8507e+22	
2219	1.84817e+22	
2220	1.8456e+22	
2221	1.84319e+22	
2222	1.84088e+22	
2223	1.83867e+22	
2224	1.8365e+22	
2225	1.83414e+22	
2226	1.83137e+22	
2227	1.82929e+22	
2228	1.82742e+22	
2229	1.8254e+22	
2230	1.82313e+22	
2231	1.82082e+22	
2232	1.81803e+22	
2233	1.8157e+22	
2234	1.81368e+22	
2235	1.81065e+22	
2236	1.80774e+22	
2237	1.80582e+22	
2238	1.80435e+22	
2239	1.80196e+22	
2240	1.79956e+22	
2241	1.79655e+22	
2242	1.79429e+22	
2243	1.79194e+22	
2244	1.78943e+22	
2245	1.78715e+22	
2246	1.78557e+22	
2247	1.78365e+22	
2248	1.78036e+22	
2249	1.77835e+22	
2250	1.77627e+22	
2251	1.7736e+22	
2252	1.77125e+22	
2253	1.76975e+22	
2254	1.76767e+22	
2255	1.76503e+22	
2256	1.76249e+22	
2257	1.76068e+22	
2258	1.75872e+22	
2259	1.75709e+22	
2260	1.75466e+22	
2261	1.75215e+22	
2262	1.75015e+22	
2263	1.74764e+22	
2264	1.74532e+22	
2265	1.74328e+22	
2266	1.74134e+22	
2267	1.73864e+22	
2268	1.73699e+22	
2269	1.73543e+22	
2270	1.73328e+22	
2271	1.73084e+22	
2272	1.72859e+22	
2273	1.7263e+22	
2274	1.72329e+22	
2275	1.72137e+22	
2276	1.719e+22	
2277	1.7168e+22	
2278	1.71508e+22	
2279	1.71283e+22	
2280	1.71058e+22	
2281	1.70847e+22	
2282	1.70659e+22	
2283	1.70465e+22	
2284	1.70261e+22	
2285	1.69946e+22	
2286	1.697e+22	
2287	1.6955e+22	
2288	1.69366e+22	
2289	1.69127e+22	
2290	1.68924e+22	
2291	1.6879e+22	
2292	1.68551e+22	
2293	1.68293e+22	
2294	1.68151e+22	
2295	1.67952e+22	
2296	1.67786e+22	
2297	1.67624e+22	
2298	1.67447e+22	
2299	1.67271e+22	
2300	1.67114e+22	
2301	1.66908e+22	
2302	1.66762e+22	
2303	1.66635e+22	
2304	1.66487e+22	
2305	1.6635e+22	
2306	1.66173e+22	
2307	1.66e+22	
2308	1.6578e+22	
2309	1.65646e+22	
2310	1.65472e+22	
2311	1.65304e+22	
2312	1.65164e+22	
2313	1.64951e+22	
2314	1.64767e+22	
2315	1.64561e+22	
2316	1.64401e+22	
2317	1.64174e+22	
2318	1.64017e+22	
2319	1.63875e+22	
2320	1.63723e+22	
2321	1.63543e+22	
2322	1.63349e+22	
2323	1.63141e+22	
2324	1.62976e+22	
2325	1.62812e+22	
2326	1.62618e+22	
2327	1.6244e+22	
2328	1.62281e+22	
2329	1.62094e+22	
2330	1.61901e+22	
2331	1.61744e+22	
2332	1.6161e+22	
2333	1.61433e+22	
2334	1.61232e+22	
2335	1.61088e+22	
2336	1.60937e+22	
2337	1.60763e+22	
2338	1.60596e+22	
2339	1.60403e+22	
2340	1.60264e+22	
2341	1.60116e+22	
2342	1.59938e+22	
2343	1.59783e+22	
2344	1.59632e+22	
2345	1.59473e+22	
2346	1.59301e+22	
2347	1.5916e+22	
2348	1.59001e+22	
2349	1.58822e+22	
2350	1.58652e+22	
2351	1.58504e+22	
2352	1.58362e+22	
2353	1.58211e+22	
2354	1.58035e+22	
2355	1.57884e+22	
2356	1.57768e+22	
2357	1.57633e+22	
2358	1.57489e+22	
2359	1.57341e+22	
2360	1.57191e+22	
2361	1.57039e+22	
2362	1.56924e+22	
2363	1.56805e+22	
2364	1.56687e+22	
2365	1.56572e+22	
2366	1.56425e+22	
2367	1.5627e+22	
2368	1.56112e+22	
2369	1.56017e+22	
2370	1.55866e+22	
2371	1.5575e+22	
2372	1.55651e+22	
2373	1.55551e+22	
2374	1.55402e+22	
2375	1.55226e+22	
2376	1.55092e+22	
2377	1.54957e+22	
2378	1.54868e+22	
2379	1.5475e+22	
2380	1.54596e+22	
2381	1.54476e+22	
2382	1.5432e+22	
2383	1.54167e+22	
2384	1.54008e+22	
2385	1.53859e+22	
2386	1.53695e+22	
2387	1.53572e+22	
2388	1.53402e+22	
2389	1.53204e+22	
2390	1.53034e+22	
2391	1.52912e+22	
2392	1.52797e+22	
2393	1.52658e+22	
2394	1.52563e+22	
2395	1.52405e+22	
2396	1.52239e+22	
2397	1.52097e+22	
2398	1.51924e+22	
2399	1.51794e+22	
2400	1.51683e+22	
2401	1.51579e+22	
2402	1.51452e+22	
2403	1.51337e+22	
2404	1.5117e+22	
2405	1.51001e+22	
2406	1.50847e+22	
2407	1.50714e+22	
2408	1.50593e+22	
2409	1.50487e+22	
2410	1.50374e+22	
2411	1.50264e+22	
2412	1.5014e+22	
2413	1.50014e+22	
2414	1.49876e+22	
2415	1.49747e+22	
2416	1.49608e+22	
2417	1.49461e+22	
2418	1.49326e+22	
2419	1.49206e+22	
2420	1.49093e+22	
2421	1.48941e+22	
2422	1.48803e+22	
2423	1.48665e+22	
2424	1.48554e+22	
2425	1.48462e+22	
2426	1.48332e+22	
2427	1.48169e+22	
2428	1.48067e+22	
2429	1.47936e+22	
2430	1.47794e+22	
2431	1.47653e+22	
2432	1.47543e+22	
2433	1.47432e+22	
2434	1.47324e+22	
2435	1.47202e+22	
2436	1.47051e+22	
2437	1.46919e+22	
2438	1.46784e+22	
2439	1.46603e+22	
2440	1.46498e+22	
2441	1.46382e+22	
2442	1.46211e+22	
2443	1.46021e+22	
2444	1.45873e+22	
2445	1.45768e+22	
2446	1.45651e+22	
2447	1.45548e+22	
2448	1.45379e+22	
2449	1.45211e+22	
2450	1.45073e+22	
2451	1.44923e+22	
2452	1.44756e+22	
2453	1.44662e+22	
2454	1.44568e+22	
2455	1.44442e+22	
2456	1.44319e+22	
2457	1.44166e+22	
2458	1.44039e+22	
2459	1.43908e+22	
2460	1.43821e+22	
2461	1.43718e+22	
2462	1.43611e+22	
2463	1.43468e+22	
2464	1.43342e+22	
2465	1.43269e+22	
2466	1.43188e+22	
2467	1.43114e+22	
2468	1.43025e+22	
2469	1.42948e+22	
2470	1.42865e+22	
2471	1.4275e+22	
2472	1.42637e+22	
2473	1.42492e+22	
2474	1.42331e+22	
2475	1.42241e+22	
2476	1.4211e+22	
2477	1.4199e+22	
2478	1.41905e+22	
2479	1.41808e+22	
2480	1.41698e+22	
2481	1.41568e+22	
2482	1.41462e+22	
2483	1.41378e+22	
2484	1.41265e+22	
2485	1.41147e+22	
2486	1.4103e+22	
2487	1.40928e+22	
2488	1.40795e+22	
2489	1.40596e+22	
2490	1.4046e+22	
2491	1.40356e+22	
2492	1.40218e+22	
2493	1.40075e+22	
2494	1.3998e+22	
2495	1.39862e+22	
2496	1.39761e+22	
2497	1.39636e+22	
2498	1.39518e+22	
2499	1.39407e+22	
2500	1.39299e+22	
2501	1.39176e+22	
2502	1.39055e+22	
2503	1.38935e+22	
2504	1.38779e+22	
2505	1.38631e+22	
2506	1.38486e+22	
2507	1.38393e+22	
2508	1.38299e+22	
2509	1.3818e+22	
2510	1.38033e+22	
2511	1.37871e+22	
2512	1.37729e+22	
2513	1.37609e+22	
2514	1.37495e+22	
2515	1.37373e+22	
2516	1.37247e+22	
2517	1.37068e+22	
2518	1.36934e+22	
2519	1.36842e+22	
2520	1.36777e+22	
2521	1.36663e+22	
2522	1.3653e+22	
2523	1.36386e+22	
2524	1.36235e+22	
2525	1.36098e+22	
2526	1.35951e+22	
2527	1.35832e+22	
2528	1.3573e+22	
2529	1.35651e+22	
2530	1.35521e+22	
2531	1.35345e+22	
2532	1.35206e+22	
2533	1.35091e+22	
2534	1.34988e+22	
2535	1.3485e+22	
2536	1.34773e+22	
2537	1.34682e+22	
2538	1.34596e+22	
2539	1.34487e+22	
2540	1.34377e+22	
2541	1.34285e+22	
2542	1.34177e+22	
2543	1.34059e+22	
2544	1.33944e+22	
2545	1.33867e+22	
2546	1.3376e+22	
2547	1.33641e+22	
2548	1.3354e+22	
2549	1.33435e+22	
2550	1.3336e+22	
2551	1.33276e+22	
2552	1.33168e+22	
2553	1.33039e+22	
2554	1.32924e+22	
2555	1.32826e+22	
2556	1.32711e+22	
2557	1.32565e+22	
2558	1.32477e+22	
2559	1.3241e+22	
2560	1.32317e+22	
2561	1.3219e+22	
2562	1.32034e+22	
2563	1.31901e+22	
2564	1.31766e+22	
2565	1.31654e+22	
2566	1.31499e+22	
2567	1.31332e+22	
2568	1.31221e+22	
2569	1.31081e+22	
2570	1.30942e+22	
2571	1.308e+22	
2572	1.30675e+22	
2573	1.30543e+22	
2574	1.3042e+22	
2575	1.30309e+22	
2576	1.30215e+22	
2577	1.30136e+22	
2578	1.29963e+22	
2579	1.29817e+22	
2580	1.29697e+22	
2581	1.29614e+22	
2582	1.29503e+22	
2583	1.29361e+22	
2584	1.29233e+22	
2585	1.29082e+22	
2586	1.28918e+22	
2587	1.2882e+22	
2588	1.28695e+22	
2589	1.286e+22	
2590	1.28512e+22	
2591	1.28405e+22	
2592	1.28286e+22	
2593	1.28179e+22	
2594	1.2806e+22	
2595	1.27965e+22	
2596	1.27882e+22	
2597	1.27813e+22	
2598	1.27675e+22	
2599	1.27558e+22	
2600	1.27455e+22	
2601	1.27369e+22	
2602	1.27296e+22	
2603	1.272e+22	
2604	1.27063e+22	
2605	1.26936e+22	
2606	1.26845e+22	
2607	1.26696e+22	
2608	1.26586e+22	
2609	1.2648e+22	
2610	1.26381e+22	
2611	1.26274e+22	
2612	1.26187e+22	
2613	1.26116e+22	
2614	1.26008e+22	
2615	1.25897e+22	
2616	1.25767e+22	
2617	1.2568e+22	
2618	1.25595e+22	
2619	1.25517e+22	
2620	1.25433e+22	
2621	1.25307e+22	
2622	1.25199e+22	
2623	1.25107e+22	
2624	1.24978e+22	
2625	1.24826e+22	
2626	1.24714e+22	
2627	1.24613e+22	
2628	1.24551e+22	
2629	1.24425e+22	
2630	1.24321e+22	
2631	1.24222e+22	
2632	1.24155e+22	
2633	1.24095e+22	
2634	1.24012e+22	
2635	1.23893e+22	
2636	1.23743e+22	
2637	1.23633e+22	
2638	1.23517e+22	
2639	1.23419e+22	
2640	1.23299e+22	
2641	1.23188e+22	
2642	1.23108e+22	
2643	1.23009e+22	
2644	1.22879e+22	
2645	1.22733e+22	
2646	1.22632e+22	
2647	1.22526e+22	
2648	1.22466e+22	
2649	1.22369e+22	
2650	1.22297e+22	
2651	1.22206e+22	
2652	1.22116e+22	
2653	1.22029e+22	
2654	1.21954e+22	
2655	1.21849e+22	
2656	1.21736e+22	
2657	1.2165e+22	
2658	1.21546e+22	
2659	1.21447e+22	
2660	1.21367e+22	
2661	1.2123e+22	
2662	1.21145e+22	
2663	1.21083e+22	
2664	1.2101e+22	
2665	1.20929e+22	
2666	1.20823e+22	
2667	1.20754e+22	
2668	1.207e+22	
2669	1.20624e+22	
2670	1.20552e+22	
2671	1.20437e+22	
2672	1.20351e+22	
2673	1.20288e+22	
2674	1.20215e+22	
2675	1.20144e+22	
2676	1.20056e+22	
2677	1.19951e+22	
2678	1.1987e+22	
2679	1.1978e+22	
2680	1.197e+22	
2681	1.19589e+22	
2682	1.19468e+22	
2683	1.19376e+22	
2684	1.19313e+22	
2685	1.19231e+22	
2686	1.1915e+22	
2687	1.19046e+22	
2688	1.1895e+22	
2689	1.18862e+22	
2690	1.18758e+22	
2691	1.18645e+22	
2692	1.18558e+22	
2693	1.18483e+22	
2694	1.18422e+22	
2695	1.18319e+22	
2696	1.18183e+22	
2697	1.18025e+22	
2698	1.17904e+22	
2699	1.17807e+22	
2700	1.17715e+22	
2701	1.17637e+22	
2702	1.1755e+22	
2703	1.17459e+22	
2704	1.17306e+22	
2705	1.17227e+22	
2706	1.17147e+22	
2707	1.17076e+22	
2708	1.17e+22	
2709	1.16915e+22	
2710	1.16816e+22	
2711	1.16718e+22	
2712	1.16577e+22	
2713	1.1645e+22	
2714	1.16338e+22	
2715	1.16261e+22	
2716	1.16193e+22	
2717	1.16095e+22	
2718	1.16004e+22	
2719	1.15923e+22	
2720	1.1586e+22	
2721	1.15805e+22	
2722	1.15731e+22	
2723	1.15672e+22	
2724	1.15591e+22	
2725	1.15521e+22	
2726	1.15445e+22	
2727	1.1536e+22	
2728	1.15273e+22	
2729	1.15188e+22	
2730	1.15114e+22	
2731	1.15031e+22	
2732	1.14947e+22	
2733	1.14882e+22	
2734	1.14824e+22	
2735	1.14723e+22	
2736	1.14634e+22	
2737	1.14551e+22	
2738	1.14468e+22	
2739	1.1436e+22	
2740	1.14264e+22	
2741	1.1416e+22	
2742	1.14089e+22	
2743	1.13998e+22	
2744	1.13905e+22	
2745	1.13819e+22	
2746	1.13744e+22	
2747	1.1368e+22	
2748	1.13617e+22	
2749	1.13513e+22	
2750	1.13397e+22	
2751	1.13323e+22	
2752	1.13277e+22	
2753	1.13212e+22	
2754	1.13141e+22	
2755	1.13053e+22	
2756	1.12992e+22	
2757	1.12911e+22	
2758	1.12841e+22	
2759	1.12763e+22	
2760	1.12699e+22	
2761	1.12641e+22	
2762	1.12596e+22	
2763	1.12509e+22	
2764	1.124e+22	
2765	1.12308e+22	
2766	1.12253e+22	
2767	1.12202e+22	
2768	1.12143e+22	
2769	1.12043e+22	
2770	1.11959e+22	
2771	1.11889e+22	
2772	1.11808e+22	
2773	1.11713e+22	
2774	1.11626e+22	
2775	1.11549e+22	
2776	1.11492e+22	
2777	1.11411e+22	
2778	1.11321e+22	
2779	1.11211e+22	
2780	1.11141e+22	
2781	1.11081e+22	
2782	1.11029e+22	
2783	1.10971e+22	
2784	1.10925e+22	
2785	1.10854e+22	
2786	1.10784e+22	
2787	1.10689e+22	
2788	1.10622e+22	
2789	1.10552e+22	
2790	1.10477e+22	
2791	1.10401e+22	
2792	1.10341e+22	
2793	1.10271e+22	
2794	1.10168e+22	
2795	1.10059e+22	
2796	1.09965e+22	
2797	1.09919e+22	
2798	1.0986e+22	
2799	1.09761e+22	
2800	1.09646e+22	
2801	1.0955e+22	
2802	1.09467e+22	
2803	1.09397e+22	
2804	1.0929e+22	
2805	1.09165e+22	
2806	1.09054e+22	
2807	1.08979e+22	
2808	1.08902e+22	
2809	1.0877e+22	
2810	1.08634e+22	
2811	1.08535e+22	
2812	1.08453e+22	
2813	1.08387e+22	
2814	1.08323e+22	
2815	1.08222e+22	
2816	1.08137e+22	
2817	1.08067e+22	
2818	1.07963e+22	
2819	1.07836e+22	
2820	1.07736e+22	
2821	1.07679e+22	
2822	1.07628e+22	
2823	1.07556e+22	
2824	1.07448e+22	
2825	1.07378e+22	
2826	1.07307e+22	
2827	1.07267e+22	
2828	1.07204e+22	
2829	1.07103e+22	
2830	1.06988e+22	
2831	1.06908e+22	
2832	1.06854e+22	
2833	1.06791e+22	
2834	1.06692e+22	
2835	1.06617e+22	
2836	1.06548e+22	
2837	1.0648e+22	
2838	1.06378e+22	
2839	1.06269e+22	
2840	1.06192e+22	
2841	1.06137e+22	
2842	1.06073e+22	
2843	1.05991e+22	
2844	1.05891e+22	
2845	1.058e+22	
2846	1.05741e+22	
2847	1.05687e+22	
2848	1.05622e+22	
2849	1.0552e+22	
2850	1.05436e+22	
2851	1.05386e+22	
2852	1.0529e+22	
2853	1.05191e+22	
2854	1.05117e+22	
2855	1.05071e+22	
2856	1.05004e+22	
2857	1.04929e+22	
2858	1.04779e+22	
2859	1.04691e+22	
2860	1.04623e+22	
2861	1.04586e+22	
2862	1.04511e+22	
2863	1.04422e+22	
2864	1.04344e+22	
2865	1.04275e+22	
2866	1.04195e+22	
2867	1.0414e+22	
2868	1.04071e+22	
2869	1.04e+22	
2870	1.03923e+22	
2871	1.03801e+22	
2872	1.03723e+22	
2873	1.03629e+22	
2874	1.03558e+22	
2875	1.03471e+22	
2876	1.03419e+22	
2877	1.0335e+22	
2878	1.0327e+22	
2879	1.03172e+22	
2880	1.03053e+22	
2881	1.02972e+22	
2882	1.02933e+22	
2883	1.02894e+22	
2884	1.02818e+22	
2885	1.02706e+22	
2886	1.02581e+22	
2887	1.02515e+22	
2888	1.02464e+22	
2889	1.02386e+22	
2890	1.02302e+22	
2891	1.02196e+22	
2892	1.02133e+22	
2893	1.02085e+22	
2894	1.02034e+22	
2895	1.0193e+22	
2896	1.01831e+22	
2897	1.01766e+22	
2898	1.01699e+22	
2899	1.01639e+22	
2900	1.01561e+22	
2901	1.01484e+22	
2902	1.01425e+22	
2903	1.01361e+22	
2904	1.01288e+22	
2905	1.01212e+22	
2906	1.01139e+22	
2907	1.01064e+22	
2908	1.00952e+22	
2909	1.0085e+22	
2910	1.00763e+22	
2911	1.00716e+22	
2912	1.00668e+22	
2913	1.00599e+22	
2914	1.00501e+22	
2915	1.00428e+22	
2916	1.00377e+22	
2917	1.00322e+22	
2918	1.00266e+22	
2919	1.00193e+22	
2920	1.0012e+22	
2921	1.00047e+22	
2922	9.99773e+21	
2923	9.98718e+21	
2924	9.98143e+21	
2925	9.97733e+21	
2926	9.97268e+21	
2927	9.9669e+21	
2928	9.95587e+21	
2929	9.94575e+21	
2930	9.9377e+21	
2931	9.93413e+21	
2932	9.93071e+21	
2933	9.92596e+21	
2934	9.91456e+21	
2935	9.90637e+21	
2936	9.8999e+21	
2937	9.89469e+21	
2938	9.88919e+21	
2939	9.88165e+21	
2940	9.87685e+21	
2941	9.8699e+21	
2942	9.86239e+21	
2943	9.85318e+21	
2944	9.84462e+21	
2945	9.84044e+21	
2946	9.8367e+21	
2947	9.83082e+21	
2948	9.82225e+21	
2949	9.81016e+21	
2950	9.79864e+21	
2951	9.79071e+21	
2952	9.78472e+21	
2953	9.77913e+21	
2954	9.77339e+21	
2955	9.76942e+21	
2956	9.76219e+21	
2957	9.75305e+21	
2958	9.74351e+21	
2959	9.73744e+21	
2960	9.73193e+21	
2961	9.72603e+21	
2962	9.71477e+21	
2963	9.7036e+21	
2964	9.69305e+21	
2965	9.68372e+21	
2966	9.67679e+21	
2967	9.67044e+21	
2968	9.6634e+21	
2969	9.65895e+21	
2970	9.65323e+21	
2971	9.64466e+21	
2972	9.6368e+21	
2973	9.62724e+21	
2974	9.62255e+21	
2975	9.6186e+21	
2976	9.60913e+21	
2977	9.59944e+21	
2978	9.59069e+21	
2979	9.58461e+21	
2980	9.57909e+21	
2981	9.57304e+21	
2982	9.56533e+21	
2983	9.56022e+21	
2984	9.55546e+21	
2985	9.54863e+21	
2986	9.53701e+21	
2987	9.52799e+21	
2988	9.52358e+21	
2989	9.5204e+21	
2990	9.51541e+21	
2991	9.50699e+21	
2992	9.499e+21	
2993	9.49232e+21	
2994	9.48738e+21	
2995	9.48242e+21	
2996	9.47664e+21	
2997	9.46815e+21	
2998	9.45984e+21	
2999	9.4524e+21	
3000	9.44662e+21	
3001	9.44185e+21	
3002	9.43578e+21	
3003	9.42732e+21	
3004	9.42001e+21	
3005	9.41189e+21	
3006	9.403e+21	
3007	9.39594e+21	
3008	9.38986e+21	
3009	9.38559e+21	
3010	9.38186e+21	
3011	9.37465e+21	
3012	9.36803e+21	
3013	9.3592e+21	
3014	9.35334e+21	
3015	9.34878e+21	
3016	9.34535e+21	
3017	9.33903e+21	
3018	9.32717e+21	
3019	9.31448e+21	
3020	9.30841e+21	
3021	9.30511e+21	
3022	9.29973e+21	
3023	9.29093e+21	
3024	9.28067e+21	
3025	9.2737e+21	
3026	9.26846e+21	
3027	9.26436e+21	
3028	9.26098e+21	
3029	9.25684e+21	
3030	9.2505e+21	
3031	9.24378e+21	
3032	9.23623e+21	
3033	9.23037e+21	
3034	9.22616e+21	
3035	9.22153e+21	
3036	9.21757e+21	
3037	9.20672e+21	
3038	9.19643e+21	
3039	9.18887e+21	
3040	9.18428e+21	
3041	9.18032e+21	
3042	9.17569e+21	
3043	9.17054e+21	
3044	9.16216e+21	
3045	9.15372e+21	
3046	9.14555e+21	
3047	9.13921e+21	
3048	9.1324e+21	
3049	9.12823e+21	
3050	9.12344e+21	
3051	9.11815e+21	
3052	9.11135e+21	
3053	9.10318e+21	
3054	9.09067e+21	
3055	9.08272e+21	
3056	9.07691e+21	
3057	9.07084e+21	
3058	9.0639e+21	
3059	9.05558e+21	
3060	9.04911e+21	
3061	9.04517e+21	
3062	9.0418e+21	
3063	9.03768e+21	
3064	9.03309e+21	
3065	9.02859e+21	
3066	9.02249e+21	
3067	9.01696e+21	
3068	9.0093e+21	
3069	9.00416e+21	
3070	9.00016e+21	
3071	8.99294e+21	
3072	8.98674e+21	
3073	8.98059e+21	
3074	8.97478e+21	
3075	8.96982e+21	
3076	8.96147e+21	
3077	8.95395e+21	
3078	8.94643e+21	
3079	8.93976e+21	
3080	8.93391e+21	
3081	8.92974e+21	
3082	8.92592e+21	
3083	8.92108e+21	
3084	8.91681e+21	
3085	8.91001e+21	
3086	8.90292e+21	
3087	8.89613e+21	
3088	8.8917e+21	
3089	8.88576e+21	
3090	8.88126e+21	
3091	8.87143e+21	
3092	8.86241e+21	
3093	8.85531e+21	
3094	8.85011e+21	
3095	8.84604e+21	
3096	8.84264e+21	
3097	8.83683e+21	
3098	8.82956e+21	
3099	8.82194e+21	
3100	8.81271e+21	
3101	8.80823e+21	
3102	8.80404e+21	
3103	8.79945e+21	
3104	8.79337e+21	
3105	8.78545e+21	
3106	8.77575e+21	
3107	8.76788e+21	
3108	8.75951e+21	
3109	8.75611e+21	
3110	8.75217e+21	
3111	8.74662e+21	
3112	8.7358e+21	
3113	8.72488e+21	
3114	8.71834e+21	
3115	8.71422e+21	
3116	8.71017e+21	
3117	8.70543e+21	
3118	8.69767e+21	
3119	8.68803e+21	
3120	8.68172e+21	
3121	8.67752e+21	
3122	8.6707e+21	
3123	8.66475e+21	
3124	8.65733e+21	
3125	8.65084e+21	
3126	8.64263e+21	
3127	8.63303e+21	
3128	8.6234e+21	
3129	8.61572e+21	
3130	8.60898e+21	
3131	8.60189e+21	
3132	8.59609e+21	
3133	8.58827e+21	
3134	8.58386e+21	
3135	8.57968e+21	
3136	8.57506e+21	
3137	8.56982e+21	
3138	8.56148e+21	
3139	8.55617e+21	
3140	8.54945e+21	
3141	8.54616e+21	
3142	8.54195e+21	
3143	8.53705e+21	
3144	8.52857e+21	
3145	8.52012e+21	
3146	8.51352e+21	
3147	8.5085e+21	
3148	8.50463e+21	
3149	8.50065e+21	
3150	8.49365e+21	
3151	8.48605e+21	
3152	8.48125e+21	
3153	8.47578e+21	
3154	8.47247e+21	
3155	8.46814e+21	
3156	8.46437e+21	
3157	8.45787e+21	
3158	8.44966e+21	
3159	8.44416e+21	
3160	8.44171e+21	
3161	8.43972e+21	
3162	8.43583e+21	
3163	8.42915e+21	
3164	8.41995e+21	
3165	8.41273e+21	
3166	8.40749e+21	
3167	8.40388e+21	
3168	8.40133e+21	
3169	8.39734e+21	
3170	8.39334e+21	
3171	8.38789e+21	
3172	8.38153e+21	
3173	8.37554e+21	
3174	8.37106e+21	
3175	8.36641e+21	
3176	8.36169e+21	
3177	8.35355e+21	
3178	8.34843e+21	
3179	8.3437e+21	
3180	8.33868e+21	
3181	8.33391e+21	
3182	8.32632e+21	
3183	8.31797e+21	
3184	8.31276e+21	
3185	8.30827e+21	
3186	8.30581e+21	
3187	8.30067e+21	
3188	8.29595e+21	
3189	8.29062e+21	
3190	8.2856e+21	
3191	8.28061e+21	
3192	8.27739e+21	
3193	8.27422e+21	
3194	8.26831e+21	
3195	8.26146e+21	
3196	8.25426e+21	
3197	8.24919e+21	
3198	8.24397e+21	
3199	8.23885e+21	
3200	8.23559e+21	
3201	8.22993e+21	
3202	8.22378e+21	
3203	8.21824e+21	
3204	8.20933e+21	
3205	8.2038e+21	
3206	8.19798e+21	
3207	8.19235e+21	
3208	8.18798e+21	
3209	8.18433e+21	
3210	8.18084e+21	
3211	8.17575e+21	
3212	8.17024e+21	
3213	8.16405e+21	
3214	8.16021e+21	
3215	8.15435e+21	
3216	8.15069e+21	
3217	8.14561e+21	
3218	8.14076e+21	
3219	8.13406e+21	
3220	8.12954e+21	
3221	8.12428e+21	
3222	8.12042e+21	
3223	8.11824e+21	
3224	8.11368e+21	
3225	8.10893e+21	
3226	8.10193e+21	
3227	8.09474e+21	
3228	8.08886e+21	
3229	8.08393e+21	
3230	8.07985e+21	
3231	8.07613e+21	
3232	8.06909e+21	
3233	8.05931e+21	
3234	8.0481e+21	
3235	8.03898e+21	
3236	8.03338e+21	
3237	8.03095e+21	
3238	8.02539e+21	
3239	8.02113e+21	
3240	8.01587e+21	
3241	8.01045e+21	
3242	8.00684e+21	
3243	8.00369e+21	
3244	7.99877e+21	
3245	7.99448e+21	
3246	7.99032e+21	
3247	7.98636e+21	
3248	7.98383e+21	
3249	7.97936e+21	
3250	7.97435e+21	
3251	7.96529e+21	
3252	7.95966e+21	
3253	7.95622e+21	
3254	7.95237e+21	
3255	7.94679e+21	
3256	7.94301e+21	
3257	7.93758e+21	
3258	7.93209e+21	
3259	7.92782e+21	
3260	7.92259e+21	
3261	7.91752e+21	
3262	7.91393e+21	
3263	7.91023e+21	
3264	7.90651e+21	
3265	7.90182e+21	
3266	7.89672e+21	
3267	7.89107e+21	
3268	7.88582e+21	
3269	7.88174e+21	
3270	7.8772e+21	
3271	7.87318e+21	
3272	7.8668e+21	
3273	7.86051e+21	
3274	7.85339e+21	
3275	7.84882e+21	
3276	7.84537e+21	
3277	7.8431e+21	
3278	7.8404e+21	
3279	7.83461e+21	
3280	7.83086e+21	
3281	7.82653e+21	
3282	7.82262e+21	
3283	7.81894e+21	
3284	7.81558e+21	
3285	7.81172e+21	
3286	7.80768e+21	
3287	7.80342e+21	
3288	7.79949e+21	
3289	7.7941e+21	
3290	7.78873e+21	
3291	7.78314e+21	
3292	7.77612e+21	
3293	7.76952e+21	
3294	7.76511e+21	
3295	7.75991e+21	
3296	7.75342e+21	
3297	7.7482e+21	
3298	7.74215e+21	
3299	7.73686e+21	
3300	7.73289e+21	
3301	7.72953e+21	
3302	7.72614e+21	
3303	7.72099e+21	
3304	7.71688e+21	
3305	7.71287e+21	
3306	7.70826e+21	
3307	7.70492e+21	
3308	7.69933e+21	
3309	7.6945e+21	
3310	7.68941e+21	
3311	7.68528e+21	
3312	7.68245e+21	
3313	7.67857e+21	
3314	7.67354e+21	
3315	7.66867e+21	
3316	7.66446e+21	
3317	7.65974e+21	
3318	7.65693e+21	
3319	7.65462e+21	
3320	7.65093e+21	
3321	7.64312e+21	
3322	7.63737e+21	
3323	7.62932e+21	
3324	7.62442e+21	
3325	7.62197e+21	
3326	7.61891e+21	
3327	7.6141e+21	
3328	7.61014e+21	
3329	7.60503e+21	
3330	7.59935e+21	
3331	7.59455e+21	
3332	7.58949e+21	
3333	7.58377e+21	
3334	7.57919e+21	
3335	7.57461e+21	
3336	7.57143e+21	
3337	7.56636e+21	
3338	7.56067e+21	
3339	7.554e+21	
3340	7.54958e+21	
3341	7.54337e+21	
3342	7.53999e+21	
3343	7.53664e+21	
3344	7.53191e+21	
3345	7.52774e+21	
3346	7.51866e+21	
3347	7.51299e+21	
3348	7.50599e+21	
3349	7.50086e+21	
3350	7.49514e+21	
3351	7.48594e+21	
3352	7.47819e+21	
3353	7.4738e+21	
3354	7.4661e+21	
3355	7.4596e+21	
3356	7.4526e+21	
3357	7.44687e+21	
3358	7.44114e+21	
3359	7.43547e+21	
3360	7.42961e+21	
3361	7.42398e+21	
3362	7.4137e+21	
3363	7.40407e+21	
3364	7.39524e+21	
3365	7.38681e+21	
3366	7.38256e+21	
3367	7.37651e+21	
3368	7.3711e+21	
3369	7.36673e+21	
3370	7.36133e+21	
3371	7.3538e+21	
3372	7.34785e+21	
3373	7.34309e+21	
3374	7.33788e+21	
3375	7.33283e+21	
3376	7.32945e+21	
3377	7.32593e+21	
3378	7.32125e+21	
3379	7.31568e+21	
3380	7.3074e+21	
3381	7.30337e+21	
3382	7.30059e+21	
3383	7.2973e+21	
3384	7.29408e+21	
3385	7.28745e+21	
3386	7.28226e+21	
3387	7.27743e+21	
3388	7.27157e+21	
3389	7.26763e+21	
3390	7.26375e+21	
3391	7.25835e+21	
3392	7.25496e+21	
3393	7.25163e+21	
3394	7.24798e+21	
3395	7.24475e+21	
3396	7.23976e+21	
3397	7.23531e+21	
3398	7.22906e+21	
3399	7.22437e+21	
3400	7.22114e+21	
3401	7.21695e+21	
3402	7.21064e+21	
3403	7.20514e+21	
3404	7.19841e+21	
3405	7.19415e+21	
3406	7.19022e+21	
3407	7.18583e+21	
3408	7.18167e+21	
3409	7.17817e+21	
3410	7.17292e+21	
3411	7.16909e+21	
3412	7.16487e+21	
3413	7.15964e+21	
3414	7.15295e+21	
3415	7.14769e+21	
3416	7.14377e+21	
3417	7.13965e+21	
3418	7.13636e+21	
3419	7.1312e+21	
3420	7.12613e+21	
3421	7.11587e+21	
3422	7.10475e+21	
3423	7.09961e+21	
3424	7.09616e+21	
3425	7.09281e+21	
3426	7.08988e+21	
3427	7.08611e+21	
3428	7.08108e+21	
3429	7.07465e+21	
3430	7.06929e+21	
3431	7.06205e+21	
3432	7.05627e+21	
3433	7.05113e+21	
3434	7.04545e+21	
3435	7.04079e+21	
3436	7.03774e+21	
3437	7.03351e+21	
3438	7.02574e+21	
3439	7.0184e+21	
3440	7.0122e+21	
3441	7.0059e+21	
3442	7.00039e+21	
3443	6.99604e+21	
3444	6.99304e+21	
3445	6.98688e+21	
3446	6.98072e+21	
3447	6.97774e+21	
3448	6.97113e+21	
3449	6.96516e+21	
3450	6.95944e+21	
3451	6.95198e+21	
3452	6.94843e+21	
3453	6.94312e+21	
3454	6.93637e+21	
3455	6.93116e+21	
3456	6.92683e+21	
3457	6.9234e+21	
3458	6.91947e+21	
3459	6.91542e+21	
3460	6.91047e+21	
3461	6.9035e+21	
3462	6.89741e+21	
3463	6.89329e+21	
3464	6.88942e+21	
3465	6.88459e+21	
3466	6.88112e+21	
3467	6.87776e+21	
3468	6.87369e+21	
3469	6.86944e+21	
3470	6.86547e+21	
3471	6.85793e+21	
3472	6.85146e+21	
3473	6.8474e+21	
3474	6.84235e+21	
3475	6.83837e+21	
3476	6.83387e+21	
3477	6.83003e+21	
3478	6.82337e+21	
3479	6.81611e+21	
3480	6.81114e+21	
3481	6.80608e+21	
3482	6.80188e+21	
3483	6.79735e+21	
3484	6.79212e+21	
3485	6.78724e+21	
3486	6.78089e+21	
3487	6.7774e+21	
3488	6.77231e+21	
3489	6.76878e+21	
3490	6.76448e+21	
3491	6.7586e+21	
3492	6.75298e+21	
3493	6.74852e+21	
3494	6.74229e+21	
3495	6.73631e+21	
3496	6.73097e+21	
3497	6.72678e+21	
3498	6.72365e+21	
3499	6.72026e+21	
3500	6.71746e+21	
3501	6.7141e+21	
3502	6.70983e+21	
3503	6.70461e+21	
3504	6.70053e+21	
3505	6.69539e+21	
3506	6.69067e+21	
3507	6.68779e+21	
3508	6.68409e+21	
3509	6.68103e+21	
3510	6.6788e+21	
3511	6.67602e+21	
3512	6.66951e+21	
3513	6.66063e+21	
3514	6.6534e+21	
3515	6.64771e+21	
3516	6.6429e+21	
3517	6.63892e+21	
3518	6.63471e+21	
3519	6.63176e+21	
3520	6.62657e+21	
3521	6.62166e+21	
3522	6.61636e+21	
3523	6.60981e+21	
3524	6.60401e+21	
3525	6.59973e+21	
3526	6.5943e+21	
3527	6.59084e+21	
3528	6.58735e+21	
3529	6.58291e+21	
3530	6.57555e+21	
3531	6.56683e+21	
3532	6.5632e+21	
3533	6.55917e+21	
3534	6.55466e+21	
3535	6.55118e+21	
3536	6.54591e+21	
3537	6.54024e+21	
3538	6.53445e+21	
3539	6.53127e+21	
3540	6.52675e+21	
3541	6.51813e+21	
3542	6.51247e+21	
3543	6.50736e+21	
3544	6.50169e+21	
3545	6.49619e+21	
3546	6.49159e+21	
3547	6.48714e+21	
3548	6.48145e+21	
3549	6.47613e+21	
3550	6.47232e+21	
3551	6.46788e+21	
3552	6.46399e+21	
3553	6.45923e+21	
3554	6.4533e+21	
3555	6.44636e+21	
3556	6.44127e+21	
3557	6.43835e+21	
3558	6.43512e+21	
3559	6.43171e+21	
3560	6.42902e+21	
3561	6.42578e+21	
3562	6.42244e+21	
3563	6.41934e+21	
3564	6.41442e+21	
3565	6.4099e+21	
3566	6.40634e+21	
3567	6.40357e+21	
3568	6.40032e+21	
3569	6.39769e+21	
3570	6.39518e+21	
3571	6.39172e+21	
3572	6.38712e+21	
3573	6.38405e+21	
3574	6.38051e+21	
3575	6.37712e+21	
3576	6.3728e+21	
3577	6.36961e+21	
3578	6.36462e+21	
3579	6.35926e+21	
3580	6.35485e+21	
3581	6.35007e+21	
3582	6.34502e+21	
3583	6.33992e+21	
3584	6.33651e+21	
3585	6.33306e+21	
3586	6.33053e+21	
3587	6.32833e+21	
3588	6.32468e+21	
3589	6.32002e+21	
3590	6.3159e+21	
3591	6.31129e+21	
3592	6.30541e+21	
3593	6.30097e+21	
3594	6.29587e+21	
3595	6.29091e+21	
3596	6.2842e+21	
3597	6.27895e+21	
3598	6.27496e+21	
3599	6.27064e+21	
3600	6.26426e+21	
3601	6.2595e+21	
3602	6.25314e+21	
3603	6.24686e+21	
3604	6.24235e+21	
3605	6.23535e+21	
3606	6.22934e+21	
3607	6.22388e+21	
3608	6.21891e+21	
3609	6.2144e+21	
3610	6.20766e+21	
3611	6.20346e+21	
3612	6.19874e+21	
3613	6.19095e+21	
3614	6.18588e+21	
3615	6.18136e+21	
3616	6.17633e+21	
3617	6.17077e+21	
3618	6.16582e+21	
3619	6.1598e+21	
3620	6.15525e+21	
3621	6.15227e+21	
3622	6.1504e+21	
3623	6.14794e+21	
3624	6.14461e+21	
3625	6.14102e+21	
3626	6.13663e+21	
3627	6.13268e+21	
3628	6.12737e+21	
3629	6.12324e+21	
3630	6.11911e+21	
3631	6.11629e+21	
3632	6.11354e+21	
3633	6.11096e+21	
3634	6.10796e+21	
3635	6.10411e+21	
3636	6.0984e+21	
3637	6.09421e+21	
3638	6.09084e+21	
3639	6.08689e+21	
3640	6.08392e+21	
3641	6.08084e+21	
3642	6.07812e+21	
3643	6.07531e+21	
3644	6.07088e+21	
3645	6.06662e+21	
3646	6.06195e+21	
3647	6.05699e+21	
3648	6.05203e+21	
3649	6.04726e+21	
3650	6.04425e+21	
3651	6.04277e+21	
3652	6.03997e+21	
3653	6.03561e+21	
3654	6.03043e+21	
3655	6.02355e+21	
3656	6.0172e+21	
3657	6.01124e+21	
3658	6.00818e+21	
3659	6.00572e+21	
3660	6.00301e+21	
3661	5.99975e+21	
3662	5.99491e+21	
3663	5.99068e+21	
3664	5.98488e+21	
3665	5.97718e+21	
3666	5.96995e+21	
3667	5.96337e+21	
3668	5.95798e+21	
3669	5.95309e+21	
3670	5.94945e+21	
3671	5.94599e+21	
3672	5.94193e+21	
3673	5.9379e+21	
3674	5.93372e+21	
3675	5.92984e+21	
3676	5.92546e+21	
3677	5.9215e+21	
3678	5.918e+21	
3679	5.91413e+21	
3680	5.91104e+21	
3681	5.90733e+21	
3682	5.90296e+21	
3683	5.89924e+21	
3684	5.89585e+21	
3685	5.89287e+21	
3686	5.88879e+21	
3687	5.88635e+21	
3688	5.88194e+21	
3689	5.87709e+21	
3690	5.8716e+21	
3691	5.86785e+21	
3692	5.86428e+21	
3693	5.85994e+21	
3694	5.85731e+21	
3695	5.85395e+21	
3696	5.84808e+21	
3697	5.84292e+21	
3698	5.83838e+21	
3699	5.83377e+21	
3700	5.82875e+21	
3701	5.82426e+21	
3702	5.82101e+21	
3703	5.81678e+21	
3704	5.81351e+21	
3705	5.81028e+21	
3706	5.80512e+21	
3707	5.80088e+21	
3708	5.79593e+21	
3709	5.79179e+21	
3710	5.78715e+21	
3711	5.78422e+21	
3712	5.78186e+21	
3713	5.77991e+21	
3714	5.77766e+21	
3715	5.77482e+21	
3716	5.77167e+21	
3717	5.76778e+21	
3718	5.76419e+21	
3719	5.75866e+21	
3720	5.75125e+21	
3721	5.74661e+21	
3722	5.74286e+21	
3723	5.73825e+21	
3724	5.73332e+21	
3725	5.72961e+21	
3726	5.72462e+21	
3727	5.72027e+21	
3728	5.71342e+21	
3729	5.7092e+21	
3730	5.70562e+21	
3731	5.70164e+21	
3732	5.69881e+21	
3733	5.69565e+21	
3734	5.69266e+21	
3735	5.68951e+21	
3736	5.68662e+21	
3737	5.68287e+21	
3738	5.67931e+21	
3739	5.67558e+21	
3740	5.671e+21	
3741	5.66636e+21	
3742	5.6624e+21	
3743	5.65997e+21	
3744	5.65543e+21	
3745	5.65216e+21	
3746	5.6498e+21	
3747	5.64548e+21	
3748	5.64178e+21	
3749	5.63905e+21	
3750	5.63592e+21	
3751	5.63302e+21	
3752	5.62935e+21	
3753	5.62639e+21	
3754	5.62203e+21	
3755	5.61793e+21	
3756	5.61439e+21	
3757	5.61132e+21	
3758	5.60822e+21	
3759	5.60462e+21	
3760	5.60066e+21	
3761	5.5949e+21	
3762	5.58896e+21	
3763	5.58243e+21	
3764	5.57609e+21	
3765	5.57139e+21	
3766	5.56706e+21	
3767	5.56449e+21	
3768	5.56149e+21	
3769	5.55947e+21	
3770	5.5566e+21	
3771	5.55292e+21	
3772	5.54871e+21	
3773	5.5442e+21	
3774	5.54e+21	
3775	5.53549e+21	
3776	5.53311e+21	
3777	5.53061e+21	
3778	5.52829e+21	
3779	5.52606e+21	
3780	5.52318e+21	
3781	5.51906e+21	
3782	5.51426e+21	
3783	5.50913e+21	
3784	5.5043e+21	
3785	5.50093e+21	
3786	5.49787e+21	
3787	5.49584e+21	
3788	5.49333e+21	
3789	5.49015e+21	
3790	5.4868e+21	
3791	5.48242e+21	
3792	5.47784e+21	
3793	5.47353e+21	
3794	5.46875e+21	
3795	5.4638e+21	
3796	5.46104e+21	
3797	5.45772e+21	
3798	5.45351e+21	
3799	5.44981e+21	
3800	5.44505e+21	
3801	5.43978e+21	
3802	5.43609e+21	
3803	5.43123e+21	
3804	5.42764e+21	
3805	5.42565e+21	
3806	5.42335e+21	
3807	5.42107e+21	
3808	5.41931e+21	
3809	5.41674e+21	
3810	5.41322e+21	
3811	5.40917e+21	
3812	5.40609e+21	
3813	5.40251e+21	
3814	5.39865e+21	
3815	5.39492e+21	
3816	5.39188e+21	
3817	5.38872e+21	
3818	5.38566e+21	
3819	5.38217e+21	
3820	5.37737e+21	
3821	5.37299e+21	
3822	5.36808e+21	
3823	5.36385e+21	
3824	5.36038e+21	
3825	5.35777e+21	
3826	5.3557e+21	
3827	5.35391e+21	
3828	5.35219e+21	
3829	5.35025e+21	
3830	5.34703e+21	
3831	5.34377e+21	
3832	5.33924e+21	
3833	5.33452e+21	
3834	5.32942e+21	
3835	5.32608e+21	
3836	5.32289e+21	
3837	5.31985e+21	
3838	5.31754e+21	
3839	5.31511e+21	
3840	5.31122e+21	
3841	5.30607e+21	
3842	5.29917e+21	
3843	5.29287e+21	
3844	5.28606e+21	
3845	5.2812e+21	
3846	5.27794e+21	
3847	5.27419e+21	
3848	5.27112e+21	
3849	5.2672e+21	
3850	5.26291e+21	
3851	5.25847e+21	
3852	5.25043e+21	
3853	5.24196e+21	
3854	5.23662e+21	
3855	5.23274e+21	
3856	5.22871e+21	
3857	5.22583e+21	
3858	5.22261e+21	
3859	5.21792e+21	
3860	5.21427e+21	
3861	5.20991e+21	
3862	5.20673e+21	
3863	5.20248e+21	
3864	5.19911e+21	
3865	5.19726e+21	
3866	5.19484e+21	
3867	5.19189e+21	
3868	5.18906e+21	
3869	5.18532e+21	
3870	5.1787e+21	
3871	5.17115e+21	
3872	5.16463e+21	
3873	5.15953e+21	
3874	5.15502e+21	
3875	5.15214e+21	
3876	5.14959e+21	
3877	5.14673e+21	
3878	5.14395e+21	
3879	5.13965e+21	
3880	5.13407e+21	
3881	5.12802e+21	
3882	5.12272e+21	
3883	5.11652e+21	
3884	5.11298e+21	
3885	5.10946e+21	
3886	5.10589e+21	
3887	5.10307e+21	
3888	5.10123e+21	
3889	5.09858e+21	
3890	5.09472e+21	
3891	5.09033e+21	
3892	5.08567e+21	
3893	5.07995e+21	
3894	5.07583e+21	
3895	5.07039e+21	
3896	5.06766e+21	
3897	5.06531e+21	
3898	5.06145e+21	
3899	5.05746e+21	
3900	5.05336e+21	
3901	5.04999e+21	
3902	5.04431e+21	
3903	5.03827e+21	
3904	5.03284e+21	
3905	5.02779e+21	
3906	5.02434e+21	
3907	5.02005e+21	
3908	5.01731e+21	
3909	5.01254e+21	
3910	5.00494e+21	
3911	4.99893e+21	
3912	4.9933e+21	
3913	4.98841e+21	
3914	4.98443e+21	
3915	4.98092e+21	
3916	4.97792e+21	
3917	4.97497e+21	
3918	4.97143e+21	
3919	4.96629e+21	
3920	4.96185e+21	
3921	4.95363e+21	
3922	4.94178e+21	
3923	4.93499e+21	
3924	4.92923e+21	
3925	4.92642e+21	
3926	4.92356e+21	
3927	4.92113e+21	
3928	4.91878e+21	
3929	4.91549e+21	
3930	4.91155e+21	
3931	4.90702e+21	
3932	4.90308e+21	
3933	4.89839e+21	
3934	4.8952e+21	
3935	4.89278e+21	
3936	4.89026e+21	
3937	4.88813e+21	
3938	4.88521e+21	
3939	4.8824e+21	
3940	4.87846e+21	
3941	4.87323e+21	
3942	4.86752e+21	
3943	4.86164e+21	
3944	4.85598e+21	
3945	4.85203e+21	
3946	4.84798e+21	
3947	4.8455e+21	
3948	4.84301e+21	
3949	4.84072e+21	
3950	4.8383e+21	
3951	4.83605e+21	
3952	4.83222e+21	
3953	4.82711e+21	
3954	4.82223e+21	
3955	4.81938e+21	
3956	4.81586e+21	
3957	4.8121e+21	
3958	4.80915e+21	
3959	4.80637e+21	
3960	4.80268e+21	
3961	4.79723e+21	
3962	4.79348e+21	
3963	4.78986e+21	
3964	4.78509e+21	
3965	4.78237e+21	
3966	4.78047e+21	
3967	4.77809e+21	
3968	4.77473e+21	
3969	4.7715e+21	
3970	4.76743e+21	
3971	4.76223e+21	
3972	4.7576e+21	
3973	4.75045e+21	
3974	4.74568e+21	
3975	4.74048e+21	
3976	4.73612e+21	
3977	4.73156e+21	
3978	4.72834e+21	
3979	4.72511e+21	
3980	4.72013e+21	
3981	4.71447e+21	
3982	4.70854e+21	
3983	4.70285e+21	
3984	4.69821e+21	
3985	4.69455e+21	
3986	4.69156e+21	
3987	4.68964e+21	
3988	4.68694e+21	
3989	4.6838e+21	
3990	4.68127e+21	
3991	4.67773e+21	
3992	4.67515e+21	
3993	4.67002e+21	
3994	4.66647e+21	
3995	4.6639e+21	
3996	4.66192e+21	
3997	4.65933e+21	
3998	4.65682e+21	
3999	4.65343e+21	
4000	4.64956e+21	
4001	4.64374e+21	
4002	4.63735e+21	
4003	4.63328e+21	
4004	4.63015e+21	
4005	4.62743e+21	
4006	4.6248e+21	
4007	4.62289e+21	
4008	4.62079e+21	
4009	4.61709e+21	
4010	4.61226e+21	
4011	4.60893e+21	
4012	4.60518e+21	
4013	4.60104e+21	
4014	4.59764e+21	
4015	4.59554e+21	
4016	4.59377e+21	
4017	4.59143e+21	
4018	4.58958e+21	
4019	4.58772e+21	
4020	4.5839e+21	
4021	4.581e+21	
4022	4.57672e+21	
4023	4.57419e+21	
4024	4.57234e+21	
4025	4.56983e+21	
4026	4.56738e+21	
4027	4.56603e+21	
4028	4.56421e+21	
4029	4.56243e+21	
4030	4.55973e+21	
4031	4.55709e+21	
4032	4.554e+21	
4033	4.55111e+21	
4034	4.54734e+21	
4035	4.54469e+21	
4036	4.54115e+21	
4037	4.53702e+21	
4038	4.53275e+21	
4039	4.52928e+21	
4040	4.52702e+21	
4041	4.5249e+21	
4042	4.52287e+21	
4043	4.52173e+21	
4044	4.52037e+21	
4045	4.5186e+21	
4046	4.51544e+21	
4047	4.51309e+21	
4048	4.51006e+21	
4049	4.50638e+21	
4050	4.50298e+21	
4051	4.50132e+21	
4052	4.49983e+21	
4053	4.49767e+21	
4054	4.49448e+21	
4055	4.49185e+21	
4056	4.48748e+21	
4057	4.48348e+21	
4058	4.47931e+21	
4059	4.47576e+21	
4060	4.4731e+21	
4061	4.47038e+21	
4062	4.46823e+21	
4063	4.46577e+21	
4064	4.46303e+21	
4065	4.4607e+21	
4066	4.4566e+21	
4067	4.45192e+21	
4068	4.44611e+21	
4069	4.44087e+21	
4070	4.43664e+21	
4071	4.43373e+21	
4072	4.43089e+21	
4073	4.42952e+21	
4074	4.42798e+21	
4075	4.42593e+21	
4076	4.42424e+21	
4077	4.4221e+21	
4078	4.41821e+21	
4079	4.41271e+21	
4080	4.40938e+21	
4081	4.40673e+21	
4082	4.40383e+21	
4083	4.40113e+21	
4084	4.39987e+21	
4085	4.39779e+21	
4086	4.39523e+21	
4087	4.39297e+21	
4088	4.3907e+21	
4089	4.38559e+21	
4090	4.38192e+21	
4091	4.37813e+21	
4092	4.37469e+21	
4093	4.37213e+21	
4094	4.36945e+21	
4095	4.36658e+21	
4096	4.36453e+21	
4097	4.36233e+21	
4098	4.36007e+21	
4099	4.35715e+21	
4100	4.35522e+21	
4101	4.35179e+21	
4102	4.34902e+21	
4103	4.34566e+21	
4104	4.34239e+21	
4105	4.33767e+21	
4106	4.33438e+21	
4107	4.33165e+21	
4108	4.32877e+21	
4109	4.32596e+21	
4110	4.32398e+21	
4111	4.32247e+21	
4112	4.32004e+21	
4113	4.31702e+21	
4114	4.31222e+21	
4115	4.30878e+21	
4116	4.3042e+21	
4117	4.3009e+21	
4118	4.29846e+21	
4119	4.29609e+21	
4120	4.29445e+21	
4121	4.29309e+21	
4122	4.29222e+21	
4123	4.29111e+21	
4124	4.28954e+21	
4125	4.2868e+21	
4126	4.28456e+21	
4127	4.28247e+21	
4128	4.27857e+21	
4129	4.27457e+21	
4130	4.27137e+21	
4131	4.26807e+21	
4132	4.26611e+21	
4133	4.26469e+21	
4134	4.26323e+21	
4135	4.26154e+21	
4136	4.25933e+21	
4137	4.2572e+21	
4138	4.25411e+21	
4139	4.25147e+21	
4140	4.24839e+21	
4141	4.24537e+21	
4142	4.24274e+21	
4143	4.23997e+21	
4144	4.23708e+21	
4145	4.23449e+21	
4146	4.23206e+21	
4147	4.22855e+21	
4148	4.22585e+21	
4149	4.22307e+21	
4150	4.22059e+21	
4151	4.21769e+21	
4152	4.21299e+21	
4153	4.20951e+21	
4154	4.20681e+21	
4155	4.20247e+21	
4156	4.19982e+21	
4157	4.19761e+21	
4158	4.19544e+21	
4159	4.19271e+21	
4160	4.19089e+21	
4161	4.1888e+21	
4162	4.1866e+21	
4163	4.18287e+21	
4164	4.18053e+21	
4165	4.17771e+21	
4166	4.17556e+21	
4167	4.17222e+21	
4168	4.1692e+21	
4169	4.16687e+21	
4170	4.16347e+21	
4171	4.16059e+21	
4172	4.15894e+21	
4173	4.1576e+21	
4174	4.1555e+21	
4175	4.1535e+21	
4176	4.15189e+21	
4177	4.14971e+21	
4178	4.14733e+21	
4179	4.14451e+21	
4180	4.14246e+21	
4181	4.13984e+21	
4182	4.13735e+21	
4183	4.13448e+21	
4184	4.13233e+21	
4185	4.12999e+21	
4186	4.12727e+21	
4187	4.12467e+21	
4188	4.12266e+21	
4189	4.1205e+21	
4190	4.11803e+21	
4191	4.11653e+21	
4192	4.11429e+21	
4193	4.11197e+21	
4194	4.10933e+21	
4195	4.10715e+21	
4196	4.10405e+21	
4197	4.10189e+21	
4198	4.0998e+21	
4199	4.09825e+21	
4200	4.09678e+21	
4201	4.09525e+21	
4202	4.09407e+21	
4203	4.09258e+21	
4204	4.08994e+21	
4205	4.08609e+21	
4206	4.08184e+21	
4207	4.0776e+21	
4208	4.07332e+21	
4209	4.06988e+21	
4210	4.06797e+21	
4211	4.06612e+21	
4212	4.06447e+21	
4213	4.06295e+21	
4214	4.06192e+21	
4215	4.05933e+21	
4216	4.05564e+21	
4217	4.05191e+21	
4218	4.04791e+21	
4219	4.04212e+21	
4220	4.03679e+21	
4221	4.03358e+21	
4222	4.03211e+21	
4223	4.02955e+21	
4224	4.02779e+21	
4225	4.02621e+21	
4226	4.0244e+21	
4227	4.02196e+21	
4228	4.01995e+21	
4229	4.01802e+21	
4230	4.01572e+21	
4231	4.01312e+21	
4232	4.01074e+21	
4233	4.00893e+21	
4234	4.0072e+21	
4235	4.00534e+21	
4236	4.0039e+21	
4237	4.00227e+21	
4238	4.00055e+21	
4239	3.99835e+21	
4240	3.99591e+21	
4241	3.99409e+21	
4242	3.99204e+21	
4243	3.98925e+21	
4244	3.98687e+21	
4245	3.98461e+21	
4246	3.98294e+21	
4247	3.98108e+21	
4248	3.97974e+21	
4249	3.97752e+21	
4250	3.9762e+21	
4251	3.97404e+21	
4252	3.97174e+21	
4253	3.96914e+21	
4254	3.96533e+21	
4255	3.96209e+21	
4256	3.95813e+21	
4257	3.95464e+21	
4258	3.95102e+21	
4259	3.94775e+21	
4260	3.945e+21	
4261	3.9431e+21	
4262	3.94147e+21	
4263	3.93991e+21	
4264	3.93841e+21	
4265	3.93638e+21	
4266	3.93441e+21	
4267	3.9321e+21	
4268	3.92776e+21	
4269	3.92412e+21	
4270	3.92089e+21	
4271	3.91803e+21	
4272	3.91502e+21	
4273	3.91272e+21	
4274	3.91118e+21	
4275	3.90908e+21	
4276	3.9061e+21	
4277	3.90449e+21	
4278	3.90202e+21	
4279	3.8984e+21	
4280	3.89542e+21	
4281	3.89263e+21	
4282	3.89037e+21	
4283	3.8881e+21	
4284	3.88631e+21	
4285	3.88427e+21	
4286	3.88244e+21	
4287	3.88068e+21	
4288	3.87895e+21	
4289	3.87695e+21	
4290	3.87354e+21	
4291	3.87054e+21	
4292	3.86741e+21	
4293	3.8652e+21	
4294	3.863e+21	
4295	3.86043e+21	
4296	3.85891e+21	
4297	3.85695e+21	
4298	3.85494e+21	
4299	3.85328e+21	
4300	3.85188e+21	
4301	3.84904e+21	
4302	3.84703e+21	
4303	3.8449e+21	
4304	3.84146e+21	
4305	3.83801e+21	
4306	3.83463e+21	
4307	3.83214e+21	
4308	3.82956e+21	
4309	3.82719e+21	
4310	3.82515e+21	
4311	3.82365e+21	
4312	3.82231e+21	
4313	3.82068e+21	
4314	3.81928e+21	
4315	3.8183e+21	
4316	3.81659e+21	
4317	3.81402e+21	
4318	3.81186e+21	
4319	3.80936e+21	
4320	3.8064e+21	
4321	3.80407e+21	
4322	3.80224e+21	
4323	3.80065e+21	
4324	3.7995e+21	
4325	3.79841e+21	
4326	3.79609e+21	
4327	3.7941e+21	
4328	3.79125e+21	
4329	3.78739e+21	
4330	3.78378e+21	
4331	3.77939e+21	
4332	3.77652e+21	
4333	3.77349e+21	
4334	3.77179e+21	
4335	3.77015e+21	
4336	3.76821e+21	
4337	3.76646e+21	
4338	3.76485e+21	
4339	3.76277e+21	
4340	3.76053e+21	
4341	3.75836e+21	
4342	3.75454e+21	
4343	3.75187e+21	
4344	3.7493e+21	
4345	3.74695e+21	
4346	3.74327e+21	
4347	3.74135e+21	
4348	3.73945e+21	
4349	3.73837e+21	
4350	3.73694e+21	
4351	3.73548e+21	
4352	3.73432e+21	
4353	3.73237e+21	
4354	3.72998e+21	
4355	3.72746e+21	
4356	3.72551e+21	
4357	3.72282e+21	
4358	3.71968e+21	
4359	3.71689e+21	
4360	3.71509e+21	
4361	3.71328e+21	
4362	3.71147e+21	
4363	3.70977e+21	
4364	3.70824e+21	
4365	3.70583e+21	
4366	3.70406e+21	
4367	3.70108e+21	
4368	3.69899e+21	
4369	3.69672e+21	
4370	3.69433e+21	
4371	3.69236e+21	
4372	3.69106e+21	
4373	3.68977e+21	
4374	3.68873e+21	
4375	3.68722e+21	
4376	3.68572e+21	
4377	3.68386e+21	
4378	3.68228e+21	
4379	3.67989e+21	
4380	3.67627e+21	
4381	3.67224e+21	
4382	3.66918e+21	
4383	3.66382e+21	
4384	3.66016e+21	
4385	3.65768e+21	
4386	3.6561e+21	
4387	3.65447e+21	
4388	3.65281e+21	
4389	3.65158e+21	
4390	3.64911e+21	
4391	3.64652e+21	
4392	3.64373e+21	
4393	3.64188e+21	
4394	3.63907e+21	
4395	3.63641e+21	
4396	3.63367e+21	
4397	3.63177e+21	
4398	3.63021e+21	
4399	3.62782e+21	
4400	3.62568e+21	
4401	3.62429e+21	
4402	3.62237e+21	
4403	3.62061e+21	
4404	3.61909e+21	
4405	3.61605e+21	
4406	3.61362e+21	
4407	3.61207e+21	
4408	3.61006e+21	
4409	3.60873e+21	
4410	3.60748e+21	
4411	3.60661e+21	
4412	3.60482e+21	
4413	3.60345e+21	
4414	3.60219e+21	
4415	3.60057e+21	
4416	3.59848e+21	
4417	3.59631e+21	
4418	3.59424e+21	
4419	3.59084e+21	
4420	3.58733e+21	
4421	3.58372e+21	
4422	3.58125e+21	
4423	3.57845e+21	
4424	3.57596e+21	
4425	3.5743e+21	
4426	3.57297e+21	
4427	3.57144e+21	
4428	3.56937e+21	
4429	3.56765e+21	
4430	3.56586e+21	
4431	3.56344e+21	
4432	3.56075e+21	
4433	3.5577e+21	
4434	3.55572e+21	
4435	3.55328e+21	
4436	3.55145e+21	
4437	3.54947e+21	
4438	3.54771e+21	
4439	3.5461e+21	
4440	3.54473e+21	
4441	3.54335e+21	
4442	3.54197e+21	
4443	3.54056e+21	
4444	3.53911e+21	
4445	3.53724e+21	
4446	3.53517e+21	
4447	3.53342e+21	
4448	3.53178e+21	
4449	3.53061e+21	
4450	3.52937e+21	
4451	3.52783e+21	
4452	3.52664e+21	
4453	3.52437e+21	
4454	3.52266e+21	
4455	3.52093e+21	
4456	3.51869e+21	
4457	3.515e+21	
4458	3.5109e+21	
4459	3.50758e+21	
4460	3.50421e+21	
4461	3.50193e+21	
4462	3.50028e+21	
4463	3.49857e+21	
4464	3.49653e+21	
4465	3.49508e+21	
4466	3.49397e+21	
4467	3.49299e+21	
4468	3.49186e+21	
4469	3.49072e+21	
4470	3.48925e+21	
4471	3.48736e+21	
4472	3.48491e+21	
4473	3.48237e+21	
4474	3.47991e+21	
4475	3.47858e+21	
4476	3.47751e+21	
4477	3.47671e+21	
4478	3.47581e+21	
4479	3.47457e+21	
4480	3.47339e+21	
4481	3.47208e+21	
4482	3.46995e+21	
4483	3.46723e+21	
4484	3.46449e+21	
4485	3.46256e+21	
4486	3.46092e+21	
4487	3.45902e+21	
4488	3.45752e+21	
4489	3.45636e+21	
4490	3.4551e+21	
4491	3.45298e+21	
4492	3.45092e+21	
4493	3.44886e+21	
4494	3.44534e+21	
4495	3.44116e+21	
4496	3.43816e+21	
4497	3.43562e+21	
4498	3.43206e+21	
4499	3.42959e+21	
4500	3.428e+21	
4501	3.42615e+21	
4502	3.42426e+21	
4503	3.42231e+21	
4504	3.42054e+21	
4505	3.41925e+21	
4506	3.4169e+21	
4507	3.4146e+21	
4508	3.41261e+21	
4509	3.40991e+21	
4510	3.40677e+21	
4511	3.4039e+21	
4512	3.40107e+21	
4513	3.39874e+21	
4514	3.39717e+21	
4515	3.39533e+21	
4516	3.3937e+21	
4517	3.39206e+21	
4518	3.39061e+21	
4519	3.38899e+21	
4520	3.38688e+21	
4521	3.38465e+21	
4522	3.38263e+21	
4523	3.38001e+21	
4524	3.37682e+21	
4525	3.37463e+21	
4526	3.37166e+21	
4527	3.36894e+21	
4528	3.36753e+21	
4529	3.36631e+21	
4530	3.36518e+21	
4531	3.3638e+21	
4532	3.36246e+21	
4533	3.36048e+21	
4534	3.35895e+21	
4535	3.35736e+21	
4536	3.35566e+21	
4537	3.35405e+21	
4538	3.35293e+21	
4539	3.35166e+21	
4540	3.35081e+21	
4541	3.34986e+21	
4542	3.34896e+21	
4543	3.34813e+21	
4544	3.34696e+21	
4545	3.34565e+21	
4546	3.34452e+21	
4547	3.34296e+21	
4548	3.34024e+21	
4549	3.338e+21	
4550	3.33582e+21	
4551	3.33388e+21	
4552	3.33171e+21	
4553	3.32943e+21	
4554	3.32798e+21	
4555	3.32658e+21	
4556	3.32524e+21	
4557	3.32361e+21	
4558	3.32151e+21	
4559	3.31966e+21	
4560	3.31803e+21	
4561	3.3154e+21	
4562	3.31199e+21	
4563	3.30797e+21	
4564	3.30418e+21	
4565	3.30096e+21	
4566	3.29824e+21	
4567	3.29598e+21	
4568	3.29453e+21	
4569	3.29305e+21	
4570	3.29198e+21	
4571	3.29095e+21	
4572	3.29027e+21	
4573	3.28892e+21	
4574	3.28749e+21	
4575	3.2857e+21	
4576	3.28454e+21	
4577	3.28252e+21	
4578	3.28027e+21	
4579	3.27803e+21	
4580	3.27628e+21	
4581	3.2743e+21	
4582	3.27306e+21	
4583	3.27211e+21	
4584	3.27088e+21	
4585	3.26952e+21	
4586	3.26802e+21	
4587	3.26647e+21	
4588	3.26484e+21	
4589	3.26255e+21	
4590	3.26006e+21	
4591	3.25782e+21	
4592	3.25526e+21	
4593	3.25218e+21	
4594	3.24966e+21	
4595	3.24797e+21	
4596	3.24641e+21	
4597	3.24496e+21	
4598	3.24333e+21	
4599	3.24162e+21	
4600	3.23985e+21	
4601	3.23778e+21	
4602	3.23547e+21	
4603	3.23333e+21	
4604	3.23107e+21	
4605	3.22925e+21	
4606	3.22751e+21	
4607	3.22557e+21	
4608	3.22416e+21	
4609	3.22302e+21	
4610	3.222e+21	
4611	3.22098e+21	
4612	3.21968e+21	
4613	3.21867e+21	
4614	3.21671e+21	
4615	3.21457e+21	
4616	3.21132e+21	
4617	3.20877e+21	
4618	3.20568e+21	
4619	3.20287e+21	
4620	3.20086e+21	
4621	3.19852e+21	
4622	3.19602e+21	
4623	3.19392e+21	
4624	3.19239e+21	
4625	3.19069e+21	
4626	3.1893e+21	
4627	3.18755e+21	
4628	3.18608e+21	
4629	3.1849e+21	
4630	3.18364e+21	
4631	3.18204e+21	
4632	3.1811e+21	
4633	3.1799e+21	
4634	3.17854e+21	
4635	3.17745e+21	
4636	3.17629e+21	
4637	3.17427e+21	
4638	3.17283e+21	
4639	3.17161e+21	
4640	3.17047e+21	
4641	3.16926e+21	
4642	3.16803e+21	
4643	3.16679e+21	
4644	3.16513e+21	
4645	3.16413e+21	
4646	3.16251e+21	
4647	3.16158e+21	
4648	3.16053e+21	
4649	3.15926e+21	
4650	3.15824e+21	
4651	3.15733e+21	
4652	3.15593e+21	
4653	3.15423e+21	
4654	3.1524e+21	
4655	3.15022e+21	
4656	3.14805e+21	
4657	3.1459e+21	
4658	3.1444e+21	
4659	3.14246e+21	
4660	3.14105e+21	
4661	3.13921e+21	
4662	3.1371e+21	
4663	3.13603e+21	
4664	3.13446e+21	
4665	3.13275e+21	
4666	3.13138e+21	
4667	3.1302e+21	
4668	3.12915e+21	
4669	3.12749e+21	
4670	3.12641e+21	
4671	3.1252e+21	
4672	3.12279e+21	
4673	3.12019e+21	
4674	3.11686e+21	
4675	3.11289e+21	
4676	3.11003e+21	
4677	3.10549e+21	
4678	3.10132e+21	
4679	3.09841e+21	
4680	3.09561e+21	
4681	3.09308e+21	
4682	3.09096e+21	
4683	3.08953e+21	
4684	3.08803e+21	
4685	3.08683e+21	
4686	3.08525e+21	
4687	3.08387e+21	
4688	3.08182e+21	
4689	3.07927e+21	
4690	3.07687e+21	
4691	3.07513e+21	
4692	3.07329e+21	
4693	3.07125e+21	
4694	3.0688e+21	
4695	3.06722e+21	
4696	3.06613e+21	
4697	3.06501e+21	
4698	3.06385e+21	
4699	3.0627e+21	
4700	3.06134e+21	
4701	3.06034e+21	
4702	3.05894e+21	
4703	3.05738e+21	
4704	3.05559e+21	
4705	3.05391e+21	
4706	3.0523e+21	
4707	3.05092e+21	
4708	3.04964e+21	
4709	3.04847e+21	
4710	3.04675e+21	
4711	3.04509e+21	
4712	3.04367e+21	
4713	3.04148e+21	
4714	3.03923e+21	
4715	3.03673e+21	
4716	3.03477e+21	
4717	3.03292e+21	
4718	3.03119e+21	
4719	3.0298e+21	
4720	3.02877e+21	
4721	3.02775e+21	
4722	3.02681e+21	
4723	3.02601e+21	
4724	3.02501e+21	
4725	3.02359e+21	
4726	3.02203e+21	
4727	3.02062e+21	
4728	3.01896e+21	
4729	3.01712e+21	
4730	3.01547e+21	
4731	3.0141e+21	
4732	3.01219e+21	
4733	3.01106e+21	
4734	3.00957e+21	
4735	3.00832e+21	
4736	3.0069e+21	
4737	3.00582e+21	
4738	3.00483e+21	
4739	3.00363e+21	
4740	3.00208e+21	
4741	2.9998e+21	
4742	2.99776e+21	
4743	2.99563e+21	
4744	2.99409e+21	
4745	2.99189e+21	
4746	2.98908e+21	
4747	2.98662e+21	
4748	2.98442e+21	
4749	2.98304e+21	
4750	2.98196e+21	
4751	2.98065e+21	
4752	2.9797e+21	
4753	2.97902e+21	
4754	2.97813e+21	
4755	2.9766e+21	
4756	2.97506e+21	
4757	2.97363e+21	
4758	2.97168e+21	
4759	2.97032e+21	
4760	2.96827e+21	
4761	2.96601e+21	
4762	2.96406e+21	
4763	2.96186e+21	
4764	2.95886e+21	
4765	2.95742e+21	
4766	2.95576e+21	
4767	2.95419e+21	
4768	2.95278e+21	
4769	2.95149e+21	
4770	2.95063e+21	
4771	2.94955e+21	
4772	2.94828e+21	
4773	2.94692e+21	
4774	2.94491e+21	
4775	2.94313e+21	
4776	2.9418e+21	
4777	2.93995e+21	
4778	2.9383e+21	
4779	2.93682e+21	
4780	2.93507e+21	
4781	2.93394e+21	
4782	2.93311e+21	
4783	2.93247e+21	
4784	2.9318e+21	
4785	2.93132e+21	
4786	2.93074e+21	
4787	2.92974e+21	
4788	2.92853e+21	
4789	2.92715e+21	
4790	2.9257e+21	
4791	2.92386e+21	
4792	2.92165e+21	
4793	2.91938e+21	
4794	2.91701e+21	
4795	2.91554e+21	
4796	2.91261e+21	
4797	2.91099e+21	
4798	2.90989e+21	
4799	2.9086e+21	
4800	2.90706e+21	
4801	2.90548e+21	
4802	2.90406e+21	
4803	2.90276e+21	
4804	2.9014e+21	
4805	2.90016e+21	
4806	2.89885e+21	
4807	2.89756e+21	
4808	2.89644e+21	
4809	2.89528e+21	
4810	2.89424e+21	
4811	2.89338e+21	
4812	2.89203e+21	
4813	2.89139e+21	
4814	2.89043e+21	
4815	2.88882e+21	
4816	2.88736e+21	
4817	2.88498e+21	
4818	2.88294e+21	
4819	2.88105e+21	
4820	2.87888e+21	
4821	2.87721e+21	
4822	2.87628e+21	
4823	2.87508e+21	
4824	2.87371e+21	
4825	2.87295e+21	
4826	2.87203e+21	
4827	2.87109e+21	
4828	2.87007e+21	
4829	2.86923e+21	
4830	2.86802e+21	
4831	2.8667e+21	
4832	2.86552e+21	
4833	2.86402e+21	
4834	2.86274e+21	
4835	2.86159e+21	
4836	2.85996e+21	
4837	2.85886e+21	
4838	2.85741e+21	
4839	2.85624e+21	
4840	2.85494e+21	
4841	2.85327e+21	
4842	2.85195e+21	
4843	2.85119e+21	
4844	2.85054e+21	
4845	2.84982e+21	
4846	2.84903e+21	
4847	2.84791e+21	
4848	2.84651e+21	
4849	2.84519e+21	
4850	2.84355e+21	
4851	2.84221e+21	
4852	2.84099e+21	
4853	2.83966e+21	
4854	2.83876e+21	
4855	2.8374e+21	
4856	2.83601e+21	
4857	2.83477e+21	
4858	2.8338e+21	
4859	2.83299e+21	
4860	2.83207e+21	
4861	2.83109e+21	
4862	2.8297e+21	
4863	2.8285e+21	
4864	2.82742e+21	
4865	2.82605e+21	
4866	2.82508e+21	
4867	2.82369e+21	
4868	2.82234e+21	
4869	2.82137e+21	
4870	2.81961e+21	
4871	2.81781e+21	
4872	2.81684e+21	
4873	2.81546e+21	
4874	2.81412e+21	
4875	2.81291e+21	
4876	2.81147e+21	
4877	2.80961e+21	
4878	2.80854e+21	
4879	2.80753e+21	
4880	2.80677e+21	
4881	2.80592e+21	
4882	2.80506e+21	
4883	2.80435e+21	
4884	2.80328e+21	
4885	2.80258e+21	
4886	2.80181e+21	
4887	2.80109e+21	
4888	2.79999e+21	
4889	2.79877e+21	
4890	2.79745e+21	
4891	2.79596e+21	
4892	2.79343e+21	
4893	2.79143e+21	
4894	2.79017e+21	
4895	2.78903e+21	
4896	2.78833e+21	
4897	2.78728e+21	
4898	2.78657e+21	
4899	2.78576e+21	
4900	2.785e+21	
4901	2.78417e+21	
4902	2.78341e+21	
4903	2.78264e+21	
4904	2.78181e+21	
4905	2.78077e+21	
4906	2.77982e+21	
4907	2.77882e+21	
4908	2.77781e+21	
4909	2.77661e+21	
4910	2.77548e+21	
4911	2.77454e+21	
4912	2.77357e+21	
4913	2.77278e+21	
4914	2.77211e+21	
4915	2.77131e+21	
4916	2.77034e+21	
4917	2.76982e+21	
4918	2.7692e+21	
4919	2.76866e+21	
4920	2.76799e+21	
4921	2.76723e+21	
4922	2.76609e+21	
4923	2.76438e+21	
4924	2.76151e+21	
4925	2.75915e+21	
4926	2.75721e+21	
4927	2.75559e+21	
4928	2.75475e+21	
4929	2.75369e+21	
4930	2.75296e+21	
4931	2.75212e+21	
4932	2.75148e+21	
4933	2.75096e+21	
4934	2.75043e+21	
4935	2.74993e+21	
4936	2.74928e+21	
4937	2.74864e+21	
4938	2.74799e+21	
4939	2.74692e+21	
4940	2.7463e+21	
4941	2.74542e+21	
4942	2.74465e+21	
4943	2.74387e+21	
4944	2.74263e+21	
4945	2.7419e+21	
4946	2.74118e+21	
4947	2.74044e+21	
4948	2.7397e+21	
4949	2.73915e+21	
4950	2.73865e+21	
4951	2.73784e+21	
4952	2.73693e+21	
4953	2.73601e+21	
4954	2.7353e+21	
4955	2.73445e+21	
4956	2.73377e+21	
4957	2.73301e+21	
4958	2.73211e+21	
4959	2.7314e+21	
4960	2.73045e+21	
4961	2.72935e+21	
4962	2.72831e+21	
4963	2.72748e+21	
4964	2.72679e+21	
4965	2.72576e+21	
4966	2.72487e+21	
4967	2.72389e+21	
4968	2.72267e+21	
4969	2.72171e+21	
4970	2.72107e+21	
4971	2.72035e+21	
4972	2.71945e+21	
4973	2.71873e+21	
4974	2.71793e+21	
4975	2.71699e+21	
4976	2.71592e+21	
4977	2.71508e+21	
4978	2.71434e+21	
4979	2.71308e+21	
4980	2.71209e+21	
4981	2.71113e+21	
4982	2.70985e+21	
4983	2.70863e+21	
4984	2.70653e+21	
4985	2.70498e+21	
4986	2.70381e+21	
4987	2.70249e+21	
4988	2.70146e+21	
4989	2.70048e+21	
4990	2.69971e+21	
4991	2.6991e+21	
4992	2.6985e+21	
4993	2.69783e+21	
4994	2.69736e+21	
4995	2.697e+21	
4996	2.69628e+21	
4997	2.69505e+21	
4998	2.69345e+21	
4999	2.69155e+21	
5000	2.68943e+21	
# iterates cost: 405.777
