# Reading DATA...
# Reading Matrix Successfully!
BICG
0	4.22991e+30
1	3.52676e+29	
2	8.06832e+28	
3	2.91954e+28	
4	1.20245e+28	
5	5.66089e+27	
6	3.11538e+27	
7	1.83315e+27	
8	1.20785e+27	
9	8.02613e+26	
10	5.81562e+26	
11	4.24385e+26	
12	3.09026e+26	
13	2.19262e+26	
14	1.63169e+26	
15	1.31714e+26	
16	1.00122e+26	
17	8.28603e+25	
18	6.75556e+25	
19	5.65244e+25	
20	4.42949e+25	
21	3.59947e+25	
22	3.10173e+25	
23	2.66495e+25	
24	2.33752e+25	
25	1.9694e+25	
26	1.68525e+25	
27	1.43309e+25	
28	1.2294e+25	
29	1.06037e+25	
30	9.17566e+24	
31	8.03626e+24	
32	6.83286e+24	
33	5.95541e+24	
34	5.23171e+24	
35	4.84365e+24	
36	4.47612e+24	
37	4.13027e+24	
38	3.61112e+24	
39	3.1631e+24	
40	2.72976e+24	
41	2.42664e+24	
42	2.16131e+24	
43	2.09863e+24	
44	2.02314e+24	
45	1.71311e+24	
46	1.54892e+24	
47	1.409e+24	
48	1.22983e+24	
49	1.18933e+24	
50	1.12017e+24	
51	1.05145e+24	
52	9.68459e+23	
53	8.86111e+23	
54	8.42074e+23	
55	7.63703e+23	
56	6.99914e+23	
57	6.71313e+23	
58	6.15809e+23	
59	5.78322e+23	
60	5.29985e+23	
61	4.80241e+23	
62	4.48786e+23	
63	4.03504e+23	
64	3.60609e+23	
65	3.28291e+23	
66	3.17903e+23	
67	2.99118e+23	
68	2.84475e+23	
69	2.75243e+23	
70	2.56455e+23	
71	2.44329e+23	
72	2.46869e+23	
73	2.36786e+23	
74	2.17335e+23	
75	2.08126e+23	
76	1.90269e+23	
77	1.76503e+23	
78	1.71606e+23	
79	1.61388e+23	
80	1.51212e+23	
81	1.49882e+23	
82	1.4597e+23	
83	1.53857e+23	
84	1.40923e+23	
85	1.37734e+23	
86	1.35657e+23	
87	1.23184e+23	
88	1.10272e+23	
89	1.06151e+23	
90	1.00386e+23	
91	1.02884e+23	
92	9.86798e+22	
93	9.76761e+22	
94	9.43989e+22	
95	9.41099e+22	
96	8.82373e+22	
97	8.58776e+22	
98	7.8638e+22	
99	7.6974e+22	
100	7.4641e+22	
101	7.18434e+22	
102	6.69693e+22	
103	6.80275e+22	
104	6.31837e+22	
105	6.05184e+22	
106	5.7293e+22	
107	5.31588e+22	
108	5.10343e+22	
109	4.76329e+22	
110	4.71427e+22	
111	4.54145e+22	
112	4.04831e+22	
113	3.82774e+22	
114	3.76165e+22	
115	3.54321e+22	
116	3.48868e+22	
117	3.35062e+22	
118	3.23192e+22	
119	3.05156e+22	
120	3.03335e+22	
121	2.78954e+22	
122	2.63361e+22	
123	2.63282e+22	
124	2.51106e+22	
125	2.41003e+22	
126	2.42125e+22	
127	2.33067e+22	
128	2.28641e+22	
129	2.2255e+22	
130	2.10076e+22	
131	2.07386e+22	
132	1.85953e+22	
133	1.71706e+22	
134	1.74986e+22	
135	1.67645e+22	
136	1.63455e+22	
137	1.69613e+22	
138	1.58826e+22	
139	1.63321e+22	
140	1.57088e+22	
141	1.45677e+22	
142	1.44334e+22	
143	1.3833e+22	
144	1.48239e+22	
145	1.43754e+22	
146	1.42456e+22	
147	1.31803e+22	
148	1.21944e+22	
149	1.18389e+22	
150	1.10939e+22	
151	1.15167e+22	
152	1.09077e+22	
153	1.04839e+22	
154	1.04002e+22	
155	9.77016e+21	
156	9.46218e+21	
157	9.44647e+21	
158	8.85174e+21	
159	8.75461e+21	
160	8.80959e+21	
161	8.73925e+21	
162	8.39204e+21	
163	7.9858e+21	
164	7.68028e+21	
165	7.98434e+21	
166	8.45674e+21	
167	8.3673e+21	
168	8.13139e+21	
169	8.04987e+21	
170	7.62244e+21	
171	7.51136e+21	
172	7.45423e+21	
173	7.20988e+21	
174	7.28716e+21	
175	6.62357e+21	
176	6.18028e+21	
177	5.88522e+21	
178	5.56396e+21	
179	5.38981e+21	
180	5.1966e+21	
181	4.9356e+21	
182	4.92647e+21	
183	4.6843e+21	
184	4.47761e+21	
185	4.5808e+21	
186	4.66145e+21	
187	4.6493e+21	
188	4.45251e+21	
189	4.30095e+21	
190	4.31593e+21	
191	4.54871e+21	
192	4.53065e+21	
193	4.38764e+21	
194	4.46498e+21	
195	4.40051e+21	
196	4.25047e+21	
197	3.93125e+21	
198	3.72623e+21	
199	3.5747e+21	
200	3.64515e+21	
201	3.48773e+21	
202	3.44635e+21	
203	3.24473e+21	
204	3.53156e+21	
205	3.33134e+21	
206	3.21819e+21	
207	3.2457e+21	
208	3.45181e+21	
209	3.52032e+21	
210	3.31224e+21	
211	3.22617e+21	
212	3.06842e+21	
213	3.0299e+21	
214	2.94959e+21	
215	2.93354e+21	
216	2.78099e+21	
217	2.63807e+21	
218	2.50163e+21	
219	2.54138e+21	
220	2.51701e+21	
221	2.21952e+21	
222	2.1995e+21	
223	2.16781e+21	
224	2.23418e+21	
225	2.19293e+21	
226	2.20308e+21	
227	2.09195e+21	
228	2.03872e+21	
229	1.89918e+21	
230	1.86681e+21	
231	1.69911e+21	
232	1.66325e+21	
233	1.66943e+21	
234	1.60182e+21	
235	1.54804e+21	
236	1.519e+21	
237	1.50462e+21	
238	1.47001e+21	
239	1.36142e+21	
240	1.33654e+21	
241	1.38748e+21	
242	1.32225e+21	
243	1.29105e+21	
244	1.27441e+21	
245	1.23773e+21	
246	1.25566e+21	
247	1.2012e+21	
248	1.15392e+21	
249	1.19932e+21	
250	1.10686e+21	
251	1.01306e+21	
252	1.00442e+21	
253	9.96617e+20	
254	9.68449e+20	
255	9.30653e+20	
256	9.34076e+20	
257	9.36968e+20	
258	9.09847e+20	
259	8.78163e+20	
260	8.24362e+20	
261	8.50794e+20	
262	8.27928e+20	
263	7.9141e+20	
264	8.09311e+20	
265	7.70257e+20	
266	7.40288e+20	
267	7.16384e+20	
268	6.89909e+20	
269	7.12087e+20	
270	7.1194e+20	
271	7.00891e+20	
272	6.93089e+20	
273	6.55396e+20	
274	6.26737e+20	
275	6.4776e+20	
276	5.80948e+20	
277	5.45631e+20	
278	5.97072e+20	
279	5.97023e+20	
280	5.91018e+20	
281	5.46751e+20	
282	5.30321e+20	
283	5.0998e+20	
284	4.85734e+20	
285	4.76742e+20	
286	4.89887e+20	
287	4.86841e+20	
288	4.73541e+20	
289	4.58162e+20	
290	4.38047e+20	
291	4.35017e+20	
292	4.34563e+20	
293	4.44985e+20	
294	4.58104e+20	
295	4.56338e+20	
296	4.56956e+20	
297	4.64832e+20	
298	4.61789e+20	
299	4.65246e+20	
300	4.6824e+20	
301	4.77327e+20	
302	4.71994e+20	
303	4.54494e+20	
304	4.89345e+20	
305	4.88505e+20	
306	4.74855e+20	
307	4.48728e+20	
308	4.33146e+20	
309	4.11697e+20	
310	4.08088e+20	
311	3.81645e+20	
312	3.8424e+20	
313	3.93871e+20	
314	4.14662e+20	
315	4.08898e+20	
316	4.15393e+20	
317	4.0033e+20	
318	4.04089e+20	
319	4.22382e+20	
320	4.35152e+20	
321	4.44327e+20	
322	4.30625e+20	
323	4.1626e+20	
324	4.32536e+20	
325	4.31638e+20	
326	4.16286e+20	
327	4.13956e+20	
328	4.29314e+20	
329	4.01733e+20	
330	3.99572e+20	
331	3.96004e+20	
332	3.88026e+20	
333	3.91669e+20	
334	3.66476e+20	
335	3.6026e+20	
336	3.76288e+20	
337	3.54503e+20	
338	3.51956e+20	
339	3.57401e+20	
340	3.72424e+20	
341	3.77462e+20	
342	3.80533e+20	
343	3.84303e+20	
344	3.83283e+20	
345	3.69029e+20	
346	3.89836e+20	
347	3.80709e+20	
348	3.70814e+20	
349	3.71473e+20	
350	3.70643e+20	
351	3.816e+20	
352	3.61697e+20	
353	3.79191e+20	
354	3.81111e+20	
355	3.74911e+20	
356	4.55495e+20	
357	7.02062e+20	
358	1.73048e+21	
359	3.76446e+22	
360	3.60241e+21	
361	8.90007e+20	
362	5.0276e+20	
363	3.55353e+20	
364	3.03423e+20	
365	3.13919e+20	
366	3.00424e+20	
367	2.76516e+20	
368	2.71767e+20	
369	2.78764e+20	
370	2.62529e+20	
371	2.70462e+20	
372	2.63243e+20	
373	2.4667e+20	
374	2.25099e+20	
375	2.34593e+20	
376	2.14759e+20	
377	1.94338e+20	
378	1.97261e+20	
379	1.9347e+20	
380	2.05427e+20	
381	2.02634e+20	
382	2.05532e+20	
383	2.24006e+20	
384	2.50596e+20	
385	3.13859e+20	
386	4.79123e+20	
387	7.06977e+20	
388	8.51938e+20	
389	1.02362e+21	
390	1.47331e+21	
391	2.83039e+21	
392	8.49851e+21	
393	2.27729e+23	
394	2.01355e+22	
395	4.13063e+21	
396	1.67472e+21	
397	8.29294e+20	
398	5.55485e+20	
399	4.10653e+20	
400	2.59918e+20	
401	2.14616e+20	
402	1.84327e+20	
403	1.45789e+20	
404	1.46739e+20	
405	1.43845e+20	
406	1.3772e+20	
407	1.36058e+20	
408	1.3316e+20	
409	1.22073e+20	
410	1.22094e+20	
411	1.21102e+20	
412	1.18632e+20	
413	1.11996e+20	
414	1.1117e+20	
415	1.10176e+20	
416	1.11187e+20	
417	1.14539e+20	
418	1.16552e+20	
419	1.1511e+20	
420	1.21495e+20	
421	1.24048e+20	
422	1.19414e+20	
423	1.23568e+20	
424	1.16639e+20	
425	1.14402e+20	
426	1.11294e+20	
427	1.08622e+20	
428	1.16383e+20	
429	1.27639e+20	
430	1.25243e+20	
431	1.28289e+20	
432	1.40221e+20	
433	1.3609e+20	
434	1.52311e+20	
435	2.13e+20	
436	3.12663e+20	
437	5.44443e+20	
438	1.45704e+21	
439	8.04009e+21	
440	4.2707e+22	
441	2.32927e+21	
442	7.18034e+20	
443	3.37592e+20	
444	2.11499e+20	
445	1.65735e+20	
446	1.45801e+20	
447	1.2627e+20	
448	1.16438e+20	
449	1.20638e+20	
450	1.36005e+20	
451	1.59588e+20	
452	1.62218e+20	
453	1.7151e+20	
454	1.98487e+20	
455	2.20966e+20	
456	2.26173e+20	
457	2.48938e+20	
458	2.48401e+20	
459	2.23897e+20	
460	1.90733e+20	
461	1.85507e+20	
462	1.66108e+20	
463	1.64638e+20	
464	1.89915e+20	
465	2.36683e+20	
466	2.75219e+20	
467	2.69825e+20	
468	2.57625e+20	
469	2.51977e+20	
470	2.42203e+20	
471	2.2645e+20	
472	2.08431e+20	
473	1.74607e+20	
474	1.55476e+20	
475	1.52944e+20	
476	1.41869e+20	
477	1.42051e+20	
478	1.36968e+20	
479	1.30993e+20	
480	1.36266e+20	
481	1.42625e+20	
482	1.34574e+20	
483	1.4179e+20	
484	1.38835e+20	
485	1.38656e+20	
486	1.37189e+20	
487	1.39292e+20	
488	1.42658e+20	
489	1.43646e+20	
490	1.38097e+20	
491	1.38197e+20	
492	1.30607e+20	
493	1.21141e+20	
494	1.16571e+20	
495	1.25069e+20	
496	1.32441e+20	
497	1.17392e+20	
498	1.07137e+20	
499	1.10453e+20	
500	1.17956e+20	
501	1.24065e+20	
502	1.22863e+20	
503	1.23421e+20	
504	1.18791e+20	
505	1.06609e+20	
506	1.14014e+20	
507	1.12989e+20	
508	1.15767e+20	
509	1.43285e+20	
510	1.99239e+20	
511	2.57797e+20	
512	3.12103e+20	
513	2.9684e+20	
514	2.7208e+20	
515	2.10029e+20	
516	2.09825e+20	
517	2.95962e+20	
518	6.27837e+20	
519	3.60715e+21	
520	1.17973e+22	
521	8.90656e+20	
522	2.78659e+20	
523	1.53406e+20	
524	1.08361e+20	
525	8.62074e+19	
526	7.15812e+19	
527	6.23915e+19	
528	5.98872e+19	
529	5.62401e+19	
530	5.55471e+19	
531	5.3692e+19	
532	5.12482e+19	
533	4.69014e+19	
534	4.35152e+19	
535	4.29126e+19	
536	4.43607e+19	
537	4.49762e+19	
538	4.28497e+19	
539	3.76563e+19	
540	3.74746e+19	
541	3.5129e+19	
542	3.49904e+19	
543	3.63104e+19	
544	3.48359e+19	
545	3.63977e+19	
546	3.67745e+19	
547	3.85405e+19	
548	3.94106e+19	
549	3.9025e+19	
550	4.0428e+19	
551	4.6793e+19	
552	5.10569e+19	
553	6.94832e+19	
554	2.20051e+20	
555	8.57633e+22	
556	2.149e+20	
557	7.55959e+19	
558	4.81119e+19	
559	4.47859e+19	
560	4.06806e+19	
561	3.90189e+19	
562	4.45461e+19	
563	4.6679e+19	
564	4.54568e+19	
565	5.11969e+19	
566	5.5871e+19	
567	6.37346e+19	
568	7.01918e+19	
569	1.60027e+20	
570	2.00662e+21	
571	4.89316e+20	
572	1.04324e+20	
573	6.20143e+19	
574	4.68506e+19	
575	4.58965e+19	
576	4.74204e+19	
577	5.85583e+19	
578	9.11535e+19	
579	3.80892e+20	
580	2.00079e+21	
581	1.30602e+20	
582	5.74359e+19	
583	4.72445e+19	
584	4.11047e+19	
585	4.14195e+19	
586	3.92835e+19	
587	3.63176e+19	
588	3.79505e+19	
589	3.64229e+19	
590	3.6035e+19	
591	3.82339e+19	
592	3.75135e+19	
593	4.16171e+19	
594	4.63887e+19	
595	5.07203e+19	
596	5.67841e+19	
597	6.41016e+19	
598	6.74272e+19	
599	8.37201e+19	
600	1.10149e+20	
601	1.04323e+20	
602	7.87706e+19	
603	4.69207e+19	
604	3.52756e+19	
605	3.91228e+19	
606	7.81727e+19	
607	3.3933e+20	
608	8.74196e+21	
609	2.22925e+20	
610	7.80214e+19	
611	4.43973e+19	
612	4.29679e+19	
613	4.30349e+19	
614	6.34087e+19	
615	1.62377e+20	
616	2.21207e+21	
617	6.0234e+20	
618	1.11215e+20	
619	4.71213e+19	
620	3.86377e+19	
621	3.72377e+19	
622	3.69815e+19	
623	3.47868e+19	
624	3.51307e+19	
625	3.57077e+19	
626	3.43243e+19	
627	3.12217e+19	
628	2.9248e+19	
629	2.64217e+19	
630	2.49392e+19	
631	2.28493e+19	
632	2.24353e+19	
633	2.2234e+19	
634	2.15137e+19	
635	2.05095e+19	
636	2.12245e+19	
637	1.90085e+19	
638	1.86737e+19	
639	1.77414e+19	
640	1.66403e+19	
641	1.7464e+19	
642	1.63889e+19	
643	1.66795e+19	
644	1.62139e+19	
645	1.61682e+19	
646	1.47589e+19	
647	1.46604e+19	
648	1.34738e+19	
649	1.24811e+19	
650	1.30092e+19	
651	1.40113e+19	
652	1.34727e+19	
653	1.3463e+19	
654	1.20065e+19	
655	1.3294e+19	
656	1.31167e+19	
657	1.23137e+19	
658	1.357e+19	
659	1.37517e+19	
660	1.29467e+19	
661	1.22008e+19	
662	1.23116e+19	
663	1.2249e+19	
664	1.18443e+19	
665	1.10214e+19	
666	1.04988e+19	
667	1.16484e+19	
668	1.20205e+19	
669	1.70481e+19	
670	3.90673e+19	
671	1.22172e+20	
672	5.1135e+21	
673	2.72818e+20	
674	4.88246e+19	
675	2.8177e+19	
676	2.00762e+19	
677	2.10054e+19	
678	2.31125e+19	
679	2.74378e+19	
680	2.86524e+19	
681	3.9082e+19	
682	4.8043e+19	
683	5.15199e+19	
684	5.89251e+19	
685	7.73792e+19	
686	1.54473e+20	
687	1.86382e+21	
688	7.35854e+20	
689	9.76683e+19	
690	3.09502e+19	
691	2.24145e+19	
692	2.11853e+19	
693	1.98099e+19	
694	2.27876e+19	
695	2.34821e+19	
696	3.02879e+19	
697	5.83936e+19	
698	7.0008e+19	
699	6.74533e+19	
700	5.03513e+19	
701	4.17035e+19	
702	3.04406e+19	
703	2.93217e+19	
704	3.48903e+19	
705	3.69932e+19	
706	3.16785e+19	
707	2.83288e+19	
708	2.30553e+19	
709	1.99862e+19	
710	1.86401e+19	
711	1.80556e+19	
712	1.73253e+19	
713	1.60235e+19	
714	1.68469e+19	
715	1.71091e+19	
716	1.8012e+19	
717	1.80721e+19	
718	1.73606e+19	
719	1.68948e+19	
720	1.56769e+19	
721	1.53408e+19	
722	1.59218e+19	
723	1.7364e+19	
724	1.71031e+19	
725	1.57557e+19	
726	1.63521e+19	
727	1.45118e+19	
728	1.42192e+19	
729	1.65395e+19	
730	1.77038e+19	
731	1.79565e+19	
732	1.9604e+19	
733	1.7927e+19	
734	1.99157e+19	
735	1.92314e+19	
736	1.96588e+19	
737	2.32152e+19	
738	2.73465e+19	
739	2.9502e+19	
740	3.35094e+19	
741	3.7586e+19	
742	4.48047e+19	
743	4.43154e+19	
744	3.90293e+19	
745	3.85763e+19	
746	3.66521e+19	
747	2.8044e+19	
748	2.55556e+19	
749	2.451e+19	
750	2.46438e+19	
751	2.35543e+19	
752	2.10829e+19	
753	1.8301e+19	
754	1.50216e+19	
755	1.45021e+19	
756	1.42489e+19	
757	1.43836e+19	
758	1.45392e+19	
759	1.3467e+19	
760	1.46133e+19	
761	1.38008e+19	
762	1.42137e+19	
763	1.58985e+19	
764	1.54767e+19	
765	1.32816e+19	
766	1.28822e+19	
767	1.40654e+19	
768	1.35047e+19	
769	1.37425e+19	
770	1.21313e+19	
771	1.25241e+19	
772	1.20131e+19	
773	1.18434e+19	
774	1.18263e+19	
775	1.24116e+19	
776	1.16581e+19	
777	1.23925e+19	
778	1.28859e+19	
779	1.3909e+19	
780	1.45591e+19	
781	1.92883e+19	
782	4.26505e+19	
783	2.55797e+20	
784	6.97886e+20	
785	7.71248e+19	
786	3.22973e+19	
787	2.52173e+19	
788	1.72459e+19	
789	1.3118e+19	
790	1.22528e+19	
791	1.22409e+19	
792	1.15161e+19	
793	1.17146e+19	
794	1.13949e+19	
795	1.21448e+19	
796	1.13618e+19	
797	1.07653e+19	
798	9.56892e+18	
799	8.78082e+18	
800	8.64527e+18	
801	8.04183e+18	
802	7.58274e+18	
803	7.48451e+18	
804	7.94126e+18	
805	9.20885e+18	
806	8.61438e+18	
807	9.0585e+18	
808	9.281e+18	
809	9.58771e+18	
810	1.0344e+19	
811	1.13049e+19	
812	9.6875e+18	
813	9.00477e+18	
814	8.89624e+18	
815	9.37061e+18	
816	1.03145e+19	
817	9.23603e+18	
818	8.69187e+18	
819	9.1924e+18	
820	1.02706e+19	
821	1.1859e+19	
822	1.05582e+19	
823	9.33138e+18	
824	1.07114e+19	
825	1.02946e+19	
826	1.10448e+19	
827	1.20774e+19	
828	1.33941e+19	
829	1.59774e+19	
830	2.1627e+19	
831	2.37175e+19	
832	2.61703e+19	
833	3.53338e+19	
834	7.37783e+19	
835	2.72529e+20	
836	1.93543e+22	
837	1.78456e+20	
838	6.05697e+19	
839	3.12234e+19	
840	2.32224e+19	
841	1.75058e+19	
842	1.38072e+19	
843	9.81919e+18	
844	8.56954e+18	
845	7.68281e+18	
846	6.6483e+18	
847	7.16648e+18	
848	7.65468e+18	
849	7.1296e+18	
850	7.45984e+18	
851	7.728e+18	
852	7.83418e+18	
853	8.50737e+18	
854	8.59501e+18	
855	8.7186e+18	
856	8.43097e+18	
857	8.52821e+18	
858	8.59486e+18	
859	9.97365e+18	
860	9.79725e+18	
861	9.85346e+18	
862	1.47761e+19	
863	5.07492e+19	
864	1.8494e+21	
865	3.45037e+19	
866	1.38146e+19	
867	1.12055e+19	
868	8.55086e+18	
869	7.69328e+18	
870	7.33143e+18	
871	7.4129e+18	
872	7.70997e+18	
873	7.88802e+18	
874	7.52852e+18	
875	7.9257e+18	
876	7.24128e+18	
877	7.07115e+18	
878	6.32809e+18	
879	7.6136e+18	
880	7.34434e+18	
881	7.06357e+18	
882	6.97351e+18	
883	6.50334e+18	
884	7.13752e+18	
885	7.03589e+18	
886	6.90808e+18	
887	7.49804e+18	
888	6.55806e+18	
889	6.81408e+18	
890	7.04066e+18	
891	6.44174e+18	
892	5.89988e+18	
893	6.24164e+18	
894	5.79121e+18	
895	5.47061e+18	
896	5.48985e+18	
897	5.21877e+18	
898	4.97747e+18	
899	5.33131e+18	
900	5.33231e+18	
901	4.73268e+18	
902	3.95022e+18	
903	3.84271e+18	
904	3.82553e+18	
905	4.01289e+18	
906	3.96249e+18	
907	3.82533e+18	
908	3.36411e+18	
909	3.51396e+18	
910	3.0703e+18	
911	2.68527e+18	
912	3.3407e+18	
913	3.10238e+18	
914	2.71119e+18	
915	2.54142e+18	
916	2.57856e+18	
917	2.34124e+18	
918	2.23425e+18	
919	2.33805e+18	
920	2.48104e+18	
921	3.17035e+18	
922	6.13887e+18	
923	1.41707e+19	
924	2.66377e+20	
925	2.97967e+19	
926	7.16693e+18	
927	4.82152e+18	
928	3.21146e+18	
929	2.62952e+18	
930	2.23895e+18	
931	2.08684e+18	
932	2.0387e+18	
933	1.87405e+18	
934	2.57755e+18	
935	3.69616e+18	
936	5.4366e+18	
937	1.64282e+19	
938	8.14275e+19	
939	5.93241e+21	
940	5.27975e+19	
941	1.60612e+19	
942	8.69596e+18	
943	5.56192e+18	
944	3.7514e+18	
945	3.51848e+18	
946	3.74009e+18	
947	3.40376e+18	
948	3.58472e+18	
949	4.02718e+18	
950	4.48775e+18	
951	4.90438e+18	
952	5.65532e+18	
953	7.09444e+18	
954	9.52622e+18	
955	2.1676e+19	
956	1.81285e+20	
957	1.4114e+21	
958	6.41334e+19	
959	1.94668e+19	
960	7.19893e+18	
961	4.7211e+18	
962	5.95403e+18	
963	1.34265e+19	
964	2.91831e+19	
965	3.96728e+19	
966	2.92103e+19	
967	1.4931e+19	
968	9.8738e+18	
969	7.96082e+18	
970	6.76037e+18	
971	5.76989e+18	
972	3.80258e+18	
973	3.62245e+18	
974	3.7224e+18	
975	3.9421e+18	
976	3.35864e+18	
977	3.18032e+18	
978	3.23871e+18	
979	3.48882e+18	
980	3.93706e+18	
981	4.40396e+18	
982	3.99914e+18	
983	3.98136e+18	
984	3.77119e+18	
985	4.24103e+18	
986	4.41787e+18	
987	5.94148e+18	
988	6.51708e+18	
989	6.87896e+18	
990	9.21388e+18	
991	3.38169e+19	
992	1.37735e+21	
993	2.51802e+19	
994	1.16317e+19	
995	8.77941e+18	
996	8.01315e+18	
997	8.31733e+18	
998	7.20245e+18	
999	7.21677e+18	
1000	6.08966e+18	
1001	5.48824e+18	
1002	6.31955e+18	
1003	5.96722e+18	
1004	6.14147e+18	
1005	6.817e+18	
1006	6.80298e+18	
1007	8.04581e+18	
1008	8.43259e+18	
1009	1.068e+19	
1010	1.32461e+19	
1011	1.87066e+19	
1012	4.95072e+19	
1013	7.15594e+20	
1014	2.3005e+19	
1015	8.60269e+18	
1016	7.94443e+18	
1017	7.0685e+18	
1018	6.04361e+18	
1019	7.22335e+18	
1020	7.58529e+18	
1021	8.9619e+18	
1022	9.79414e+18	
1023	1.41402e+19	
1024	1.04069e+20	
1025	1.2561e+20	
1026	1.66307e+19	
1027	8.09544e+18	
1028	8.23653e+18	
1029	1.04464e+19	
1030	9.21551e+18	
1031	7.7928e+18	
1032	5.71733e+18	
1033	5.46181e+18	
1034	5.8007e+18	
1035	6.09291e+18	
1036	6.64465e+18	
1037	5.32204e+18	
1038	6.40149e+18	
1039	6.52909e+18	
1040	6.09402e+18	
1041	4.35747e+18	
1042	3.22328e+18	
1043	3.24846e+18	
1044	4.01817e+18	
1045	4.2528e+18	
1046	4.46174e+18	
1047	4.34992e+18	
1048	4.14821e+18	
1049	3.42319e+18	
1050	3.74563e+18	
1051	4.01548e+18	
1052	4.01446e+18	
1053	4.04916e+18	
1054	4.5295e+18	
1055	5.04481e+18	
1056	5.58759e+18	
1057	5.72311e+18	
1058	6.25689e+18	
1059	5.65043e+18	
1060	6.47732e+18	
1061	7.4181e+18	
1062	6.49529e+18	
1063	6.98059e+18	
1064	5.67455e+18	
1065	4.66914e+18	
1066	5.24008e+18	
1067	5.21799e+18	
1068	5.32088e+18	
1069	5.51212e+18	
1070	5.69096e+18	
1071	6.84695e+18	
1072	9.45951e+18	
1073	1.99107e+19	
1074	6.20643e+19	
1075	1.8624e+23	
1076	6.75119e+19	
1077	2.32571e+19	
1078	8.89232e+18	
1079	5.49825e+18	
1080	4.71919e+18	
1081	4.52451e+18	
1082	5.13782e+18	
1083	6.44879e+18	
1084	6.87628e+18	
1085	6.61683e+18	
1086	5.86116e+18	
1087	5.92131e+18	
1088	5.40843e+18	
1089	4.9808e+18	
1090	4.76002e+18	
1091	4.44999e+18	
1092	4.39156e+18	
1093	4.62997e+18	
1094	3.77152e+18	
1095	4.20365e+18	
1096	4.19086e+18	
1097	4.10648e+18	
1098	3.94628e+18	
1099	4.13184e+18	
1100	3.86028e+18	
1101	4.3489e+18	
1102	3.88453e+18	
1103	4.10024e+18	
1104	4.09543e+18	
1105	3.67275e+18	
1106	3.64129e+18	
1107	3.3057e+18	
1108	3.60717e+18	
1109	3.93563e+18	
1110	3.44574e+18	
1111	3.32294e+18	
1112	3.429e+18	
1113	3.25463e+18	
1114	3.19218e+18	
1115	3.46194e+18	
1116	3.61406e+18	
1117	3.80239e+18	
1118	4.16595e+18	
1119	3.22337e+18	
1120	3.72838e+18	
1121	3.92076e+18	
1122	3.93621e+18	
1123	4.40695e+18	
1124	3.70851e+18	
1125	3.88944e+18	
1126	4.10431e+18	
1127	3.80289e+18	
1128	3.52687e+18	
1129	3.2748e+18	
1130	3.27346e+18	
1131	3.64882e+18	
1132	3.5111e+18	
1133	3.5435e+18	
1134	3.29021e+18	
1135	2.8897e+18	
1136	3.15227e+18	
1137	3.08457e+18	
1138	2.88e+18	
1139	2.59573e+18	
1140	2.59553e+18	
1141	2.37622e+18	
1142	2.71041e+18	
1143	2.55062e+18	
1144	2.53298e+18	
1145	2.31779e+18	
1146	2.05979e+18	
1147	2.06328e+18	
1148	1.83789e+18	
1149	1.81953e+18	
1150	1.545e+18	
1151	1.31336e+18	
1152	1.28828e+18	
1153	1.12644e+18	
1154	1.12882e+18	
1155	1.10432e+18	
1156	9.94877e+17	
1157	1.03101e+18	
1158	7.88892e+17	
1159	1.04787e+18	
1160	1.091e+18	
1161	1.05862e+18	
1162	1.34311e+18	
1163	1.38944e+18	
1164	1.17883e+18	
1165	1.33909e+18	
1166	1.51453e+18	
1167	1.91642e+18	
1168	5.19886e+18	
1169	3.08201e+20	
1170	6.31208e+18	
1171	2.15541e+18	
1172	9.75055e+17	
1173	7.27769e+17	
1174	8.15439e+17	
1175	9.50919e+17	
1176	9.55314e+17	
1177	9.00879e+17	
1178	7.43609e+17	
1179	8.87625e+17	
1180	8.02216e+17	
1181	8.76175e+17	
1182	7.99924e+17	
1183	1.06622e+18	
1184	1.5021e+18	
1185	1.25307e+18	
1186	2.07153e+18	
1187	7.7004e+18	
1188	4.54051e+20	
1189	2.01543e+19	
1190	4.34897e+18	
1191	2.13438e+18	
1192	1.1294e+18	
1193	8.84915e+17	
1194	9.56658e+17	
1195	7.87695e+17	
1196	9.29693e+17	
1197	8.55226e+17	
1198	6.98571e+17	
1199	8.17128e+17	
1200	8.36408e+17	
1201	1.10098e+18	
1202	1.23892e+18	
1203	1.37085e+18	
1204	2.25983e+18	
1205	2.34327e+18	
1206	1.81407e+18	
1207	1.45411e+18	
1208	1.48488e+18	
1209	1.52283e+18	
1210	1.44377e+18	
1211	1.46098e+18	
1212	1.25201e+18	
1213	1.30825e+18	
1214	1.26597e+18	
1215	1.24625e+18	
1216	1.24212e+18	
1217	1.20434e+18	
1218	1.20154e+18	
1219	1.16165e+18	
1220	1.04375e+18	
1221	1.41871e+18	
1222	1.21177e+18	
1223	1.35943e+18	
1224	1.31224e+18	
1225	1.17087e+18	
1226	1.15669e+18	
1227	1.18776e+18	
1228	1.27697e+18	
1229	1.4768e+18	
1230	1.69409e+18	
1231	2.1812e+18	
1232	1.96544e+18	
1233	1.93787e+18	
1234	2.15234e+18	
1235	2.41205e+18	
1236	3.15575e+18	
1237	4.62791e+18	
1238	6.97605e+18	
1239	6.88201e+18	
1240	9.47858e+18	
1241	1.34567e+20	
1242	6.0584e+19	
1243	1.24418e+19	
1244	6.68738e+18	
1245	5.11391e+18	
1246	3.73516e+18	
1247	2.27933e+18	
1248	2.3649e+18	
1249	2.58251e+18	
1250	3.02071e+18	
1251	2.71934e+18	
1252	2.96374e+18	
1253	3.64019e+18	
1254	3.92336e+18	
1255	5.23079e+18	
1256	9.12895e+18	
1257	1.40643e+19	
1258	5.52933e+19	
1259	2.55537e+21	
1260	2.93919e+19	
1261	7.17645e+18	
1262	3.86904e+18	
1263	3.43304e+18	
1264	2.73157e+18	
1265	4.15052e+18	
1266	7.48519e+18	
1267	6.66348e+18	
1268	4.88928e+18	
1269	3.49389e+18	
1270	4.00965e+18	
1271	3.37566e+18	
1272	3.24092e+18	
1273	2.96287e+18	
1274	3.10589e+18	
1275	3.65116e+18	
1276	2.49503e+18	
1277	2.72383e+18	
1278	3.99621e+18	
1279	2.63914e+18	
1280	2.67797e+18	
1281	2.63281e+18	
1282	2.28912e+18	
1283	2.22176e+18	
1284	2.72219e+18	
1285	3.12107e+18	
1286	3.08487e+18	
1287	4.31979e+18	
1288	1.35752e+19	
1289	2.02573e+20	
1290	3.38379e+19	
1291	6.33094e+18	
1292	4.48869e+18	
1293	3.44922e+18	
1294	1.87534e+18	
1295	2.17325e+18	
1296	2.33762e+18	
1297	2.60775e+18	
1298	1.99259e+18	
1299	2.13502e+18	
1300	3.04755e+18	
1301	3.57091e+18	
1302	3.34322e+18	
1303	4.28466e+18	
1304	2.614e+18	
1305	2.27101e+18	
1306	2.18483e+18	
1307	2.02507e+18	
1308	2.79107e+18	
1309	4.69795e+18	
1310	5.4603e+18	
1311	5.06769e+18	
1312	1.32732e+19	
1313	1.13406e+22	
1314	1.75188e+19	
1315	5.38821e+18	
1316	3.53662e+18	
1317	3.65721e+18	
1318	3.36372e+18	
1319	3.18253e+18	
1320	3.4021e+18	
1321	3.05651e+18	
1322	4.14955e+18	
1323	4.11545e+18	
1324	3.21226e+18	
1325	4.54165e+18	
1326	4.05124e+18	
1327	4.97066e+18	
1328	6.27744e+18	
1329	5.76043e+18	
1330	8.22765e+18	
1331	5.26239e+18	
1332	3.02947e+18	
1333	3.14102e+18	
1334	3.14282e+18	
1335	3.57756e+18	
1336	3.07666e+18	
1337	3.67053e+18	
1338	3.24787e+18	
1339	2.9929e+18	
1340	2.37311e+18	
1341	2.58976e+18	
1342	3.29392e+18	
1343	3.39585e+18	
1344	3.2626e+18	
1345	3.59531e+18	
1346	4.51664e+18	
1347	4.88463e+18	
1348	4.37771e+18	
1349	3.84845e+18	
1350	5.18459e+18	
1351	6.85431e+18	
1352	1.37116e+19	
1353	4.66638e+19	
1354	2.3431e+20	
1355	9.35668e+18	
1356	4.3337e+18	
1357	4.27111e+18	
1358	3.04236e+18	
1359	2.62018e+18	
1360	3.17884e+18	
1361	2.6371e+18	
1362	2.79801e+18	
1363	2.9622e+18	
1364	3.41985e+18	
1365	3.34279e+18	
1366	3.39425e+18	
1367	3.87364e+18	
1368	3.35588e+18	
1369	3.4773e+18	
1370	1.47635e+19	
1371	5.68518e+20	
1372	2.39839e+19	
1373	5.64658e+18	
1374	3.97337e+18	
1375	2.92372e+18	
1376	2.26485e+18	
1377	2.11424e+18	
1378	1.82496e+18	
1379	1.85247e+18	
1380	1.99071e+18	
1381	1.96044e+18	
1382	2.24595e+18	
1383	1.76599e+18	
1384	1.8071e+18	
1385	1.73155e+18	
1386	1.38687e+18	
1387	1.59193e+18	
1388	1.7754e+18	
1389	2.03848e+18	
1390	1.86638e+18	
1391	1.64475e+18	
1392	1.97267e+18	
1393	1.5626e+18	
1394	1.37387e+18	
1395	1.36193e+18	
1396	1.07346e+18	
1397	1.33302e+18	
1398	1.12281e+18	
1399	9.11414e+17	
1400	9.95625e+17	
1401	1.1463e+18	
1402	1.19581e+18	
1403	1.57947e+18	
1404	4.33421e+18	
1405	2.13203e+21	
1406	5.36499e+18	
1407	2.122e+18	
1408	1.15191e+18	
1409	9.0682e+17	
1410	6.97973e+17	
1411	7.36908e+17	
1412	8.57717e+17	
1413	7.35261e+17	
1414	6.6641e+17	
1415	6.37301e+17	
1416	6.36943e+17	
1417	7.83691e+17	
1418	7.2447e+17	
1419	8.14458e+17	
1420	7.99108e+17	
1421	8.08784e+17	
1422	9.92187e+17	
1423	8.47703e+17	
1424	8.21226e+17	
1425	9.93582e+17	
1426	1.02901e+18	
1427	9.90521e+17	
1428	8.87982e+17	
1429	1.1044e+18	
1430	9.27968e+17	
1431	9.07153e+17	
1432	1.1965e+18	
1433	1.1424e+18	
1434	8.98165e+17	
1435	1.01013e+18	
1436	8.50903e+17	
1437	8.82522e+17	
1438	9.59548e+17	
1439	1.0331e+18	
1440	1.15958e+18	
1441	1.26545e+18	
1442	1.02118e+18	
1443	9.11541e+17	
1444	1.03967e+18	
1445	1.15811e+18	
1446	7.74505e+17	
1447	1.29296e+18	
1448	1.14938e+18	
1449	9.28852e+17	
1450	8.78417e+17	
1451	9.10017e+17	
1452	8.76021e+17	
1453	8.57054e+17	
1454	9.46636e+17	
1455	6.76959e+17	
1456	6.3289e+17	
1457	5.5619e+17	
1458	5.37983e+17	
1459	5.06432e+17	
1460	5.10065e+17	
1461	3.75725e+17	
1462	3.96036e+17	
1463	3.73849e+17	
1464	3.88364e+17	
1465	3.85418e+17	
1466	4.28937e+17	
1467	3.85951e+17	
1468	4.22108e+17	
1469	4.54617e+17	
1470	3.93358e+17	
1471	5.46557e+17	
1472	9.50736e+17	
1473	6.1244e+17	
1474	1.13468e+18	
1475	4.62078e+18	
1476	6.8097e+20	
1477	8.74428e+18	
1478	2.83349e+18	
1479	1.43623e+18	
1480	7.08233e+17	
1481	7.04301e+17	
1482	8.02019e+17	
1483	6.04197e+17	
1484	6.14815e+17	
1485	6.00339e+17	
1486	5.64288e+17	
1487	6.21682e+17	
1488	7.05478e+17	
1489	7.04426e+17	
1490	8.89853e+17	
1491	1.05935e+18	
1492	8.24277e+17	
1493	8.57252e+17	
1494	1.42611e+18	
1495	2.33439e+18	
1496	8.8101e+18	
1497	6.73225e+19	
1498	2.98129e+18	
1499	1.06603e+18	
1500	6.17589e+17	
1501	5.51474e+17	
1502	4.03682e+17	
1503	3.79748e+17	
1504	4.14112e+17	
1505	3.35268e+17	
1506	3.94982e+17	
1507	3.01961e+17	
1508	2.40207e+17	
1509	2.75889e+17	
1510	2.63963e+17	
1511	2.69752e+17	
1512	3.3244e+17	
1513	2.70516e+17	
1514	2.46477e+17	
1515	2.22807e+17	
1516	2.36182e+17	
1517	2.4117e+17	
1518	2.15499e+17	
1519	2.35487e+17	
1520	1.74518e+17	
1521	1.93923e+17	
1522	1.81051e+17	
1523	1.41735e+17	
1524	1.54049e+17	
1525	1.08137e+17	
1526	8.47351e+16	
1527	1.06503e+17	
1528	9.4031e+16	
1529	9.06366e+16	
1530	1.08791e+17	
1531	9.43735e+16	
1532	8.31166e+16	
1533	8.7868e+16	
1534	9.5442e+16	
1535	8.69166e+16	
1536	1.03067e+17	
1537	1.16326e+17	
1538	1.05822e+17	
1539	1.24845e+17	
1540	1.02039e+17	
1541	1.03152e+17	
1542	8.79464e+16	
1543	1.05882e+17	
1544	1.07555e+17	
1545	8.90427e+16	
1546	1.26879e+17	
1547	9.24406e+16	
1548	7.72299e+16	
1549	1.82441e+17	
1550	6.71581e+17	
1551	4.93698e+22	
1552	4.80623e+17	
1553	1.10319e+17	
1554	5.46088e+16	
1555	5.27536e+16	
1556	4.61308e+16	
1557	4.22397e+16	
1558	3.41814e+16	
1559	4.00565e+16	
1560	3.2069e+16	
1561	3.0982e+16	
1562	2.94649e+16	
1563	2.96193e+16	
1564	2.84022e+16	
1565	2.28919e+16	
1566	2.56349e+16	
1567	2.27487e+16	
1568	1.807e+16	
1569	2.00073e+16	
1570	1.93359e+16	
1571	2.53342e+16	
1572	2.00219e+16	
1573	1.86214e+16	
1574	1.86819e+16	
1575	1.77489e+16	
1576	1.53556e+16	
1577	1.90117e+16	
1578	1.5655e+16	
1579	1.77014e+16	
1580	1.62082e+16	
1581	1.3974e+16	
1582	1.71012e+16	
1583	1.7216e+16	
1584	1.54875e+16	
1585	1.82672e+16	
1586	1.63835e+16	
1587	1.69687e+16	
1588	1.35017e+16	
1589	1.4843e+16	
1590	1.12295e+16	
1591	1.283e+16	
1592	1.47246e+16	
1593	1.41301e+16	
1594	1.49624e+16	
1595	1.59565e+16	
1596	1.62807e+16	
1597	2.9447e+16	
1598	2.23589e+16	
1599	2.81218e+16	
1600	8.13685e+16	
1601	9.37484e+16	
1602	5.65029e+16	
1603	6.6126e+16	
1604	3.50041e+16	
1605	1.8448e+16	
1606	3.43478e+16	
1607	4.95847e+16	
1608	9.32125e+16	
1609	5.87708e+17	
1610	1.04733e+23	
1611	1.00196e+18	
1612	7.03414e+17	
1613	6.77507e+16	
1614	1.74167e+18	
1615	1.86422e+17	
1616	1.00738e+17	
1617	2.19057e+17	
1618	4.93094e+16	
1619	3.92568e+16	
1620	7.44674e+16	
1621	4.3634e+16	
1622	4.85583e+16	
1623	7.23499e+16	
1624	4.90914e+16	
1625	6.042e+16	
1626	7.2101e+16	
1627	7.27492e+16	
1628	7.20683e+16	
1629	8.80268e+16	
1630	6.83654e+16	
1631	1.01927e+17	
1632	1.37603e+17	
1633	3.12049e+17	
1634	1.67045e+21	
1635	4.02821e+17	
1636	1.59381e+17	
1637	1.30682e+17	
1638	1.19652e+17	
1639	1.14427e+17	
1640	1.42256e+17	
1641	1.28945e+17	
1642	1.43337e+17	
1643	1.62557e+17	
1644	1.79778e+17	
1645	1.66729e+17	
1646	2.46406e+17	
1647	9.81719e+17	
1648	1.63378e+19	
1649	6.25904e+17	
1650	3.03168e+17	
1651	2.56769e+17	
1652	3.53942e+17	
1653	3.09724e+17	
1654	3.53758e+17	
1655	3.84272e+17	
1656	1.08869e+18	
1657	1.94408e+19	
1658	2.43721e+18	
1659	5.8766e+17	
1660	4.65428e+17	
1661	3.5882e+17	
1662	3.77946e+17	
1663	2.66438e+17	
1664	2.67602e+17	
1665	2.39099e+17	
1666	2.75394e+17	
1667	3.01793e+17	
1668	3.01031e+17	
1669	3.44065e+17	
1670	3.96848e+17	
1671	3.88815e+17	
1672	4.0559e+17	
1673	3.86831e+17	
1674	3.29463e+17	
1675	4.14649e+17	
1676	4.45923e+17	
1677	3.4518e+17	
1678	6.39249e+17	
1679	4.5494e+17	
1680	9.10091e+17	
1681	3.28636e+18	
1682	1.38147e+19	
1683	3.88941e+21	
1684	3.48661e+19	
1685	6.95632e+18	
1686	2.83743e+18	
1687	6.71392e+17	
1688	2.87694e+17	
1689	1.00707e+18	
1690	2.25546e+18	
1691	2.90231e+18	
1692	5.18418e+18	
1693	3.37754e+18	
1694	3.15637e+18	
1695	2.3111e+18	
1696	1.51706e+18	
1697	2.01835e+18	
1698	1.40011e+18	
1699	1.14253e+18	
1700	1.37881e+18	
1701	1.05071e+18	
1702	1.87015e+18	
1703	3.36506e+18	
1704	6.38402e+18	
1705	4.49647e+19	
1706	8.30668e+20	
1707	3.40991e+19	
1708	8.01021e+18	
1709	1.43612e+18	
1710	1.46874e+18	
1711	6.68069e+18	
1712	1.23648e+19	
1713	2.00296e+19	
1714	1.76251e+19	
1715	7.02771e+18	
1716	7.21799e+18	
1717	6.08614e+18	
1718	5.26362e+18	
1719	5.09782e+18	
1720	5.09027e+18	
1721	4.01856e+18	
1722	2.08012e+18	
1723	1.66663e+18	
1724	1.88441e+18	
1725	1.63789e+18	
1726	1.57995e+18	
1727	1.62693e+18	
1728	1.63695e+18	
1729	1.24163e+18	
1730	1.55074e+18	
1731	1.55093e+18	
1732	1.97417e+18	
1733	1.97758e+18	
1734	1.64391e+18	
1735	1.50428e+18	
1736	1.82473e+18	
1737	1.5592e+18	
1738	1.67282e+18	
1739	1.38687e+18	
1740	2.02847e+18	
1741	1.99578e+18	
1742	1.4441e+18	
1743	1.98075e+18	
1744	2.05185e+18	
1745	2.1288e+18	
1746	2.21488e+18	
1747	2.04818e+18	
1748	2.72065e+18	
1749	2.17922e+18	
1750	1.9741e+18	
1751	2.73446e+18	
1752	1.94893e+18	
1753	2.09501e+18	
1754	2.29782e+18	
1755	2.07447e+18	
1756	2.18953e+18	
1757	1.8408e+18	
1758	1.50956e+18	
1759	1.49628e+18	
1760	2.00008e+18	
1761	4.76667e+18	
1762	1.61215e+19	
1763	8.58522e+20	
1764	7.83222e+18	
1765	4.87342e+18	
1766	2.44988e+18	
1767	1.98532e+18	
1768	2.44295e+18	
1769	2.70153e+18	
1770	3.424e+18	
1771	4.557e+18	
1772	3.33945e+18	
1773	4.56924e+18	
1774	4.06884e+18	
1775	4.22597e+18	
1776	3.94546e+18	
1777	4.91203e+18	
1778	4.75425e+18	
1779	5.45015e+18	
1780	4.76111e+18	
1781	5.79603e+18	
1782	6.06479e+18	
1783	6.12364e+18	
1784	5.36445e+18	
1785	4.85999e+18	
1786	4.839e+18	
1787	5.1541e+18	
1788	3.85068e+18	
1789	4.73682e+18	
1790	3.78974e+18	
1791	3.64397e+18	
1792	3.45559e+18	
1793	3.31173e+18	
1794	2.90234e+18	
1795	3.05527e+18	
1796	3.08035e+18	
1797	3.00773e+18	
1798	2.40689e+18	
1799	2.36154e+18	
1800	2.21283e+18	
1801	2.41915e+18	
1802	2.18422e+18	
1803	2.47693e+18	
1804	2.59182e+18	
1805	2.0121e+18	
1806	2.05728e+18	
1807	1.79051e+18	
1808	1.54517e+18	
1809	1.71603e+18	
1810	1.24025e+18	
1811	1.66639e+18	
1812	1.12383e+18	
1813	1.2708e+18	
1814	1.14072e+18	
1815	8.55724e+17	
1816	7.36824e+17	
1817	8.98139e+17	
1818	7.82499e+17	
1819	8.86751e+17	
1820	1.6934e+18	
1821	2.30452e+18	
1822	4.89602e+18	
1823	1.92624e+20	
1824	4.26421e+19	
1825	6.11359e+18	
1826	2.35621e+18	
1827	1.35854e+18	
1828	1.48797e+18	
1829	9.2985e+17	
1830	6.32309e+17	
1831	7.18226e+17	
1832	5.12766e+17	
1833	4.88963e+17	
1834	5.09846e+17	
1835	4.71264e+17	
1836	4.30099e+17	
1837	4.55218e+17	
1838	4.11645e+17	
1839	3.20681e+17	
1840	2.94607e+17	
1841	2.87117e+17	
1842	2.93836e+17	
1843	2.74461e+17	
1844	3.76618e+17	
1845	3.63837e+17	
1846	2.84152e+17	
1847	3.33708e+17	
1848	2.51968e+17	
1849	2.66827e+17	
1850	2.86059e+17	
1851	2.30163e+17	
1852	2.28165e+17	
1853	2.42122e+17	
1854	2.07885e+17	
1855	1.9252e+17	
1856	1.77086e+17	
1857	1.78343e+17	
1858	1.92205e+17	
1859	1.99834e+17	
1860	1.70679e+17	
1861	1.15889e+17	
1862	1.0301e+17	
1863	9.24428e+16	
1864	8.63231e+16	
1865	1.08932e+17	
1866	1.34071e+17	
1867	1.05676e+17	
1868	1.13429e+17	
1869	1.08272e+17	
1870	8.15901e+16	
1871	1.07899e+17	
1872	1.05034e+17	
1873	9.52372e+16	
1874	8.753e+16	
1875	5.19748e+16	
1876	6.86416e+16	
1877	5.51729e+16	
1878	6.23473e+16	
1879	8.59996e+16	
1880	7.28703e+16	
1881	3.36325e+16	
1882	3.34899e+16	
1883	2.50572e+16	
1884	2.2361e+16	
1885	2.0763e+16	
1886	2.28694e+16	
1887	2.81077e+16	
1888	2.58466e+16	
1889	2.55655e+16	
1890	2.77777e+16	
1891	2.8602e+16	
1892	5.91739e+16	
1893	2.65867e+17	
1894	4.01623e+17	
1895	5.29059e+16	
1896	3.47287e+16	
1897	2.85401e+16	
1898	2.74697e+16	
1899	2.54367e+16	
1900	4.06963e+16	
1901	7.65117e+16	
1902	3.16852e+19	
1903	6.40264e+16	
1904	3.18192e+16	
1905	3.99036e+16	
1906	3.14044e+16	
1907	2.89928e+16	
1908	3.0376e+16	
1909	2.58377e+16	
1910	2.60164e+16	
1911	3.01376e+16	
1912	2.70265e+16	
1913	3.31145e+16	
1914	2.34258e+16	
1915	3.38118e+16	
1916	4.9224e+16	
1917	3.04132e+17	
1918	1.06897e+17	
1919	3.63138e+16	
1920	1.64336e+16	
1921	1.99646e+16	
1922	1.6076e+16	
1923	1.42363e+16	
1924	1.33353e+16	
1925	1.62994e+16	
1926	1.88801e+16	
1927	5.19478e+16	
1928	1.34647e+17	
1929	1.70174e+18	
1930	4.1707e+17	
1931	9.91635e+16	
1932	4.78867e+16	
1933	2.08033e+16	
1934	1.40723e+16	
1935	1.61287e+16	
1936	1.13672e+16	
1937	1.43282e+16	
1938	1.02746e+16	
1939	1.12022e+16	
1940	7.58401e+15	
1941	8.93217e+15	
1942	5.94575e+15	
1943	7.7345e+15	
1944	8.23869e+15	
1945	7.44347e+15	
1946	1.0386e+16	
1947	9.10886e+15	
1948	9.65606e+15	
1949	6.08177e+15	
1950	6.03048e+15	
1951	7.2544e+15	
1952	2.14433e+16	
1953	2.47776e+17	
1954	2.63884e+18	
1955	6.66749e+16	
1956	2.76813e+16	
1957	1.92002e+16	
1958	6.97153e+15	
1959	8.6413e+15	
1960	5.76218e+15	
1961	7.74517e+15	
1962	5.59325e+15	
1963	6.26058e+15	
1964	6.06069e+15	
1965	5.79922e+15	
1966	6.28141e+15	
1967	5.82163e+15	
1968	3.85722e+15	
1969	4.8197e+15	
1970	4.33973e+15	
1971	3.33653e+15	
1972	3.37303e+15	
1973	2.44778e+15	
1974	2.4147e+15	
1975	2.05143e+15	
1976	2.18029e+15	
1977	1.81903e+15	
1978	2.46217e+15	
1979	2.06041e+15	
1980	1.82067e+15	
1981	1.57376e+15	
1982	1.38438e+15	
1983	1.39162e+15	
1984	1.58196e+15	
1985	1.59307e+15	
1986	2.53054e+15	
1987	1.08612e+15	
1988	1.4308e+15	
1989	1.15357e+15	
1990	2.95493e+15	
1991	2.19319e+15	
1992	2.37184e+15	
1993	1.05073e+15	
1994	9.68809e+14	
1995	9.75251e+14	
1996	9.10358e+14	
1997	1.00748e+15	
1998	1.20192e+15	
1999	1.1804e+15	
2000	3.36155e+15	
2001	1.82386e+16	
2002	6.95858e+16	
2003	6.84508e+15	
2004	3.08912e+15	
2005	1.63973e+15	
2006	1.11034e+15	
2007	8.19571e+14	
2008	8.20339e+14	
2009	4.94205e+14	
2010	1.03126e+15	
2011	1.06272e+15	
2012	1.16716e+15	
2013	1.15384e+15	
2014	2.40326e+15	
2015	5.46975e+16	
2016	2.83802e+15	
2017	9.43716e+14	
2018	6.24245e+14	
2019	7.336e+14	
2020	6.07281e+14	
2021	5.72152e+14	
2022	5.78869e+14	
2023	6.81973e+14	
2024	5.54773e+14	
2025	5.79279e+14	
2026	4.05563e+14	
2027	3.37897e+14	
2028	2.26996e+14	
2029	2.60168e+14	
2030	2.47503e+14	
2031	3.50823e+14	
2032	3.55153e+14	
2033	3.31183e+14	
2034	2.81962e+14	
2035	1.52441e+14	
2036	1.22394e+14	
2037	1.24566e+14	
2038	1.25238e+14	
2039	1.11581e+14	
2040	1.51068e+14	
2041	1.20385e+14	
2042	9.01209e+13	
2043	7.94099e+13	
2044	5.92355e+13	
2045	5.33333e+13	
2046	5.95972e+13	
2047	4.94363e+13	
2048	6.54473e+13	
2049	5.40266e+13	
2050	4.1097e+13	
2051	3.96146e+13	
2052	3.39735e+13	
2053	3.79152e+13	
2054	2.61078e+13	
2055	1.63976e+13	
2056	2.52738e+13	
2057	1.21636e+13	
2058	1.46677e+13	
2059	1.12883e+13	
2060	1.09753e+13	
2061	9.63586e+12	
2062	9.78121e+12	
2063	6.68893e+12	
2064	7.89811e+12	
2065	7.07672e+12	
2066	5.90847e+12	
2067	6.12012e+12	
2068	4.82625e+12	
2069	3.80554e+12	
2070	3.19232e+12	
2071	3.50431e+12	
2072	3.74186e+12	
2073	2.89828e+12	
2074	2.65393e+12	
2075	1.9286e+12	
2076	1.24312e+12	
2077	1.57376e+12	
2078	1.4777e+12	
2079	1.60071e+12	
2080	2.94664e+12	
2081	3.00455e+12	
2082	1.26573e+13	
2083	2.33004e+13	
2084	9.53099e+13	
2085	6.50987e+12	
2086	4.42668e+12	
2087	3.41057e+12	
2088	2.38533e+12	
2089	2.55041e+12	
2090	1.48871e+12	
2091	1.39887e+12	
2092	1.01591e+12	
2093	1.15841e+12	
2094	1.24774e+12	
2095	1.25351e+12	
2096	1.06251e+12	
2097	1.42646e+12	
2098	1.02002e+12	
2099	8.53374e+11	
2100	1.0782e+12	
2101	1.45956e+12	
2102	1.10071e+12	
2103	1.79307e+12	
2104	1.16533e+12	
2105	1.51805e+12	
2106	1.68483e+12	
2107	2.6538e+12	
2108	4.14516e+12	
2109	5.82885e+12	
2110	2.11554e+13	
2111	2.43456e+15	
2112	2.28194e+13	
2113	8.15897e+12	
2114	4.71059e+12	
2115	1.49629e+12	
2116	9.85274e+11	
2117	8.70471e+11	
2118	9.88126e+11	
2119	1.00847e+12	
2120	7.69486e+11	
2121	5.49636e+11	
2122	4.57781e+11	
2123	4.45345e+11	
2124	2.88399e+11	
2125	4.19971e+11	
2126	2.3e+11	
2127	4.31296e+11	
2128	2.35962e+11	
2129	2.25142e+11	
2130	1.65521e+11	
2131	1.40432e+11	
2132	1.22976e+11	
2133	1.42965e+11	
2134	1.2433e+11	
2135	1.52216e+11	
2136	9.03856e+10	
2137	1.02537e+11	
2138	1.01321e+11	
2139	4.30071e+10	
2140	8.37181e+10	
2141	4.6784e+10	
2142	6.64285e+10	
2143	5.21203e+10	
2144	4.6946e+10	
2145	3.32512e+10	
2146	2.80884e+10	
2147	3.15133e+10	
2148	3.93655e+10	
2149	3.11379e+10	
2150	3.77543e+10	
2151	2.49013e+10	
2152	2.64632e+10	
2153	2.36253e+10	
2154	4.29696e+10	
2155	2.33799e+11	
2156	2.63578e+11	
2157	4.2482e+10	
2158	3.08847e+10	
2159	1.25988e+10	
2160	1.39847e+10	
2161	8.74486e+09	
2162	1.24883e+10	
2163	1.25302e+10	
2164	1.18417e+10	
2165	1.57951e+10	
2166	1.19139e+10	
2167	1.37372e+10	
2168	2.06399e+10	
2169	4.82582e+10	
2170	7.63958e+12	
2171	9.35235e+10	
2172	2.59214e+10	
2173	1.89098e+10	
2174	1.11492e+10	
2175	1.22986e+10	
2176	1.6369e+10	
2177	7.36465e+09	
2178	1.18614e+10	
2179	8.79997e+09	
2180	1.60587e+10	
2181	1.61962e+10	
2182	1.8821e+10	
2183	1.64201e+10	
2184	8.9093e+09	
2185	1.17982e+10	
2186	8.08698e+09	
2187	1.37276e+10	
2188	1.96964e+10	
2189	1.9501e+10	
2190	2.02236e+10	
2191	1.48441e+10	
2192	1.79847e+10	
2193	3.03622e+10	
2194	1.41484e+11	
2195	4.09302e+12	
2196	1.36517e+11	
2197	2.91067e+10	
2198	1.45306e+10	
2199	4.64638e+09	
2200	4.93982e+09	
2201	4.33024e+09	
2202	2.99642e+09	
2203	6.30411e+09	
2204	5.82148e+09	
2205	4.2634e+09	
2206	3.96349e+09	
2207	1.81548e+09	
2208	1.06428e+09	
2209	1.92244e+09	
2210	1.74653e+09	
2211	4.71248e+09	
2212	7.40665e+09	
2213	1.12116e+11	
2214	1.45905e+11	
2215	5.59569e+09	
2216	3.90644e+09	
2217	1.25067e+09	
2218	1.04383e+09	
2219	8.29961e+08	
2220	7.16746e+08	
2221	7.70148e+08	
2222	8.10182e+08	
2223	8.95101e+08	
2224	9.18409e+08	
2225	6.42508e+08	
2226	3.8919e+08	
2227	5.00211e+08	
2228	2.66232e+08	
2229	2.22591e+08	
2230	2.21051e+08	
2231	9.62674e+07	
2232	9.47486e+07	
2233	6.89804e+07	
2234	7.04431e+07	
2235	8.03492e+07	
2236	6.42422e+07	
2237	6.88929e+07	
2238	4.16517e+07	
2239	3.46045e+07	
2240	1.62155e+07	
2241	1.47596e+07	
2242	2.14114e+07	
2243	1.34397e+07	
2244	1.8571e+07	
2245	1.72389e+07	
2246	1.19774e+07	
2247	1.11952e+07	
2248	9.95492e+06	
2249	1.02589e+07	
2250	1.24737e+07	
2251	9.37373e+06	
2252	8.47649e+06	
2253	4.3228e+06	
2254	4.83025e+06	
2255	4.88678e+06	
2256	5.9728e+06	
2257	7.9465e+06	
2258	6.31124e+06	
2259	4.11143e+06	
2260	3.55749e+06	
2261	2.22888e+06	
2262	1.70344e+06	
2263	1.61953e+06	
2264	2.10373e+06	
2265	1.86099e+06	
2266	1.68471e+06	
2267	1.49312e+06	
2268	1.01312e+06	
2269	1.10623e+06	
2270	633849	
2271	765759	
2272	580631	
2273	482908	
2274	457366	
2275	419020	
2276	279489	
2277	274466	
2278	245152	
2279	143190	
2280	160119	
2281	87067.5	
2282	139996	
2283	174618	
2284	124067	
2285	104848	
2286	89442.9	
2287	47920	
2288	57626.3	
2289	73392.4	
2290	73371.5	
2291	50502.9	
2292	43554.7	
2293	33873	
2294	21224.8	
2295	14813	
2296	19259.7	
2297	16333.8	
2298	10722.4	
2299	17604.7	
2300	7042.82	
2301	6901.45	
2302	7158.61	
2303	6577.27	
2304	8036.73	
2305	8265.29	
2306	7358.04	
2307	4919.14	
2308	5242.24	
2309	3569.4	
2310	3376.17	
2311	5122.6	
2312	3655.47	
2313	3544.29	
2314	2983.79	
2315	1601.93	
2316	2102.53	
2317	2062.01	
2318	1934.27	
2319	3870.99	
2320	20354.3	
2321	204181	
2322	4850.7	
2323	2208.43	
2324	1071.28	
2325	1334.08	
2326	1143.6	
2327	937.187	
2328	889.775	
2329	797.661	
2330	597.439	
2331	393.877	
2332	182.703	
2333	195.7	
2334	143.149	
2335	70.3316	
2336	86.9992	
2337	111.318	
2338	298.361	
2339	3468.87	
2340	889.204	
2341	100.113	
2342	56.6362	
2343	54.7577	
2344	40.656	
2345	33.4007	
2346	26.2204	
2347	25.6881	
2348	14.1821	
2349	6.57198	
2350	9.02593	
2351	9.22236	
2352	31.3206	
2353	916.002	
2354	13.1261	
2355	6.64583	
2356	5.91207	
2357	5.31987	
2358	3.7527	
2359	5.55466	
2360	3.72104	
2361	4.10519	
2362	4.59917	
2363	2.43707	
2364	2.1029	
2365	1.69049	
2366	2.1988	
2367	2.25046	
2368	2.01186	
2369	1.60429	
2370	1.45268	
2371	1.14191	
2372	0.821819	
2373	1.1363	
2374	0.973702	
2375	0.821384	
2376	2.61002	
2377	5.08078	
2378	30.305	
2379	32.5349	
2380	1.78308	
2381	0.786565	
2382	0.419411	
2383	0.148605	
2384	0.109072	
2385	0.380755	
2386	0.448429	
2387	0.369102	
2388	0.283932	
2389	0.104761	
2390	0.118429	
2391	0.10515	
2392	0.0673185	
2393	0.0750461	
2394	0.0930598	
2395	0.0470999	
2396	0.0629451	
2397	0.137601	
2398	18.2346	
2399	0.0842175	
2400	0.0183672	
2401	0.0141051	
2402	0.00592571	
# iterates cost: 6.90576
