# Reading DATA...
# Reading Matrix Successfully!
MDMRB
0	4.22991e+30
1	2.87223e+29	
2	6.26493e+28	
3	2.24276e+28	
4	9.46541e+27	
5	4.49218e+27	
6	2.17027e+27	
7	9.87252e+26	
8	3.57748e+26	
9	4.81197e+22	
10	4.81047e+22	
11	4.80902e+22	
12	1.11306e+22	
13	7.61606e+21	
14	6.55177e+21	
15	6.55052e+21	
16	3.60636e+19	
17	3.4146e+18	
18	1.22307e+18	
19	6.55225e+17	
20	2.13083e+17	
21	1.9482e+17	
22	1.77998e+17	
23	1.16266e+17	
24	1.091e+17	
25	1.02994e+17	
26	5.86151e+16	
27	5.79289e+16	
28	5.72657e+16	
29	5.66304e+16	
30	5.57902e+16	
31	5.38518e+16	
32	5.11558e+16	
33	4.97789e+16	
34	4.9526e+15	
35	4.29589e+15	
36	2.61199e+15	
37	2.24569e+15	
38	2.07018e+15	
39	1.92987e+15	
40	1.8169e+15	
41	1.72573e+15	
42	1.65217e+15	
43	1.3439e+15	
44	1.16308e+15	
45	4.86265e+14	
46	2.39354e+14	
47	2.31858e+14	
48	2.31738e+14	
49	2.31669e+14	
50	2.31519e+14	
51	2.31461e+14	
52	2.31422e+14	
53	2.31391e+14	
54	2.31365e+14	
55	2.31343e+14	
56	2.30191e+14	
57	1.98717e+14	
58	1.17998e+14	
59	1.02467e+14	
60	9.59359e+13	
61	6.65529e+13	
62	6.64055e+13	
63	6.63169e+13	
64	6.62521e+13	
65	6.62056e+13	
66	6.61703e+13	
67	6.61452e+13	
68	2.77305e+13	
69	1.14509e+13	
70	1.0522e+13	
71	9.22214e+12	
72	6.77697e+12	
73	5.70868e+12	
74	5.32704e+12	
75	5.09826e+12	
76	4.90849e+12	
77	4.7499e+12	
78	4.61721e+12	
79	3.86903e+12	
80	3.4478e+12	
81	3.20397e+12	
82	3.01187e+12	
83	2.85865e+12	
84	2.7305e+12	
85	2.62325e+12	
86	2.53347e+12	
87	2.45832e+12	
88	2.3954e+12	
89	2.07201e+12	
90	2.072e+12	
91	1.14933e+12	
92	7.28147e+11	
93	5.47871e+11	
94	4.36883e+11	
95	3.88912e+11	
96	3.09014e+11	
97	3.08287e+11	
98	3.07713e+11	
99	3.07244e+11	
100	3.06856e+11	
101	3.06534e+11	
102	3.06267e+11	
103	1.99285e+11	
104	1.58733e+11	
105	1.11574e+11	
106	1.11479e+11	
107	1.11453e+11	
108	1.11437e+11	
109	9.77069e+10	
110	5.50052e+10	
111	3.74921e+10	
112	2.69518e+10	
113	2.1412e+10	
114	1.75447e+10	
115	1.48405e+10	
116	1.25893e+10	
117	9.54406e+09	
118	8.16102e+09	
119	7.46284e+09	
120	6.58541e+09	
121	5.0934e+09	
122	3.38485e+09	
123	3.31291e+09	
124	3.26118e+09	
125	2.47664e+09	
126	2.10603e+09	
127	1.2813e+09	
128	1.2728e+09	
129	1.27011e+09	
130	8.8574e+08	
131	6.24486e+08	
132	5.66893e+08	
133	5.52573e+08	
134	5.45679e+08	
135	5.36166e+08	
136	5.34527e+08	
137	5.29321e+08	
138	5.28907e+08	
139	3.1891e+08	
140	2.25103e+08	
141	1.56848e+08	
142	1.56063e+08	
143	1.55647e+08	
144	1.16705e+08	
145	9.01217e+07	
146	8.3293e+07	
147	8.15204e+07	
148	8.06262e+07	
149	8.00279e+07	
150	7.96231e+07	
151	7.93323e+07	
152	7.91188e+07	
153	7.89597e+07	
154	5.39595e+07	
155	4.57856e+07	
156	4.15641e+07	
157	3.83204e+07	
158	3.61361e+07	
159	3.44808e+07	
160	2.9212e+07	
161	2.89221e+07	
162	2.87253e+07	
163	2.52053e+07	
164	1.72055e+07	
165	1.41454e+07	
166	1.32533e+07	
167	1.02369e+07	
168	8.13122e+06	
169	6.90911e+06	
170	5.90303e+06	
171	5.34188e+06	
172	4.96923e+06	
173	4.27707e+06	
174	4.22392e+06	
175	4.1795e+06	
176	4.1424e+06	
177	4.11134e+06	
178	3.95391e+06	
179	3.95356e+06	
180	3.95325e+06	
181	3.95297e+06	
182	3.95273e+06	
183	647048	
184	206612	
185	152149	
186	125941	
187	99018.6	
188	86053.9	
189	79472.7	
190	72468.3	
191	50317.5	
192	46301.8	
193	42685	
194	38419.7	
195	35407.8	
196	25507.3	
197	25372.4	
198	25371.1	
199	25365.3	
200	25364.7	
201	25364.3	
202	25363.9	
203	25363.6	
204	25363.3	
205	25363.1	
206	25362.9	
207	25362.8	
208	25362.7	
209	25362.5	
210	25362.4	
211	25362.4	
212	25362.3	
213	25362.2	
214	25362.1	
215	25361.7	
216	25361.6	
217	25361.5	
218	25361.5	
219	25361.4	
220	25361.4	
221	25361.4	
222	9414.93	
223	3728.01	
224	3184.89	
225	3151.08	
226	3147.6	
227	3147.29	
228	3147.25	
229	3147.23	
230	3147.21	
231	3147.19	
232	2761.03	
233	1411.73	
234	940.789	
235	882.737	
236	852.011	
237	831.156	
238	748.593	
239	443.311	
240	381.855	
241	364.467	
242	352.865	
243	344.507	
244	321.948	
245	321.766	
246	321.589	
247	321.415	
248	321.244	
249	321.076	
250	320.91	
251	320.746	
252	320.584	
253	320.424	
254	320.266	
255	320.111	
256	319.957	
257	319.805	
258	319.655	
259	319.506	
260	319.36	
261	319.214	
262	319.071	
263	318.929	
264	318.788	
265	318.649	
266	318.512	
267	318.376	
268	318.241	
269	170.34	
270	132.266	
271	107.248	
272	102.369	
273	100.207	
274	92.1249	
275	70.9124	
276	62.9355	
277	58.1537	
278	54.4958	
279	51.5801	
280	49.2429	
281	47.3652	
282	45.8554	
283	44.6404	
284	43.6623	
285	42.8745	
286	42.2397	
287	41.7279	
288	41.3152	
289	40.9579	
290	40.6956	
291	40.4833	
292	40.3115	
293	40.1725	
294	40.0599	
295	39.9687	
296	39.8948	
297	25.0726	
298	22.7414	
299	20.944	
300	19.5234	
301	18.3943	
302	17.496	
303	16.781	
304	15.7057	
305	15.3694	
306	15.0978	
307	14.8784	
308	14.7012	
309	14.5581	
310	14.4426	
311	14.3492	
312	10.0564	
313	9.07537	
314	5.97465	
315	5.83737	
316	5.73261	
317	5.65223	
318	5.38453	
319	5.3845	
320	5.38447	
321	3.6176	
322	2.29058	
323	2.09273	
324	1.82267	
325	1.27237	
326	0.992287	
327	0.812318	
328	0.684026	
329	0.644056	
330	0.597447	
331	0.387244	
332	0.323177	
333	0.311041	
334	0.303332	
335	0.297722	
336	0.293622	
337	0.202324	
338	0.169607	
339	0.154397	
340	0.134892	
341	0.130149	
342	0.126778	
343	0.124376	
344	0.118393	
345	0.0616275	
346	0.0311378	
347	0.0285496	
348	0.0280712	
349	0.0225227	
350	0.015091	
351	0.0138263	
352	0.0130001	
353	0.0129633	
354	0.00781147	
#	0
# iterats cost: 12.0203
# 1.05064	2.07566	1.97517	0.415957	6.18717	0.315614
