# Reading DATA...
# Reading Matrix Successfully!
MRSM
0	3.8603e+30
1	3.20414e+29
2	8.10905e+28
3	3.29303e+28
4	1.64988e+28
5	9.53181e+27
6	6.03301e+27
7	4.08606e+27
8	2.90575e+27
9	2.14879e+27
10	1.63854e+27
11	1.28218e+27
12	1.02492e+27
13	8.34528e+26
14	6.90212e+26
15	5.78771e+26
16	4.91128e+26
17	4.21199e+26
18	3.64591e+26
19	3.18235e+26
20	2.79829e+26
21	2.47708e+26
22	2.20585e+26
23	1.97504e+26
24	1.77704e+26
25	1.6061e+26
26	1.45751e+26
27	1.32765e+26
28	1.21351e+26
29	1.11273e+26
30	1.0233e+26
31	9.43629e+25
32	8.72361e+25
33	8.08387e+25
34	7.50752e+25
35	6.98672e+25
36	6.51464e+25
37	6.08557e+25
38	5.69452e+25
39	5.33729e+25
40	5.01013e+25
41	4.7099e+25
42	4.43377e+25
43	4.17932e+25
44	3.94439e+25
45	3.72711e+25
46	3.52579e+25
47	3.33898e+25
48	3.16535e+25
49	3.00373e+25
50	2.85307e+25
51	2.71246e+25
52	2.58103e+25
53	2.45804e+25
54	2.34281e+25
55	2.23473e+25
56	2.13324e+25
57	2.03784e+25
58	1.94806e+25
59	1.8635e+25
60	1.78378e+25
61	1.70855e+25
62	1.63749e+25
63	1.57032e+25
64	1.50678e+25
65	1.44661e+25
66	1.38959e+25
67	1.33553e+25
68	1.28422e+25
69	1.2355e+25
70	1.18921e+25
71	1.14519e+25
72	1.1033e+25
73	1.06343e+25
74	1.02544e+25
75	9.89233e+24
76	9.54701e+24
77	9.2175e+24
78	8.9029e+24
79	8.60238e+24
80	8.31517e+24
81	8.04055e+24
82	7.77783e+24
83	7.5264e+24
84	7.28563e+24
85	7.055e+24
86	6.83397e+24
87	6.62205e+24
88	6.41879e+24
89	6.22374e+24
90	6.03652e+24
91	5.85672e+24
92	5.684e+24
93	5.51801e+24
94	5.35843e+24
95	5.20496e+24
96	5.05732e+24
97	4.91523e+24
98	4.77844e+24
99	4.64671e+24
100	4.5198e+24
101	4.39752e+24
102	4.27964e+24
103	4.16597e+24
104	4.05634e+24
105	3.95057e+24
106	3.84848e+24
107	3.74993e+24
108	3.65477e+24
109	3.56285e+24
110	3.47403e+24
111	3.3882e+24
112	3.30522e+24
113	3.22499e+24
114	3.14738e+24
115	3.0723e+24
116	2.99965e+24
117	2.92932e+24
118	2.86123e+24
119	2.79529e+24
120	2.73142e+24
121	2.66953e+24
122	2.60956e+24
123	2.55142e+24
124	2.49506e+24
125	2.4404e+24
126	2.38738e+24
127	2.33594e+24
128	2.28602e+24
129	2.23757e+24
130	2.19053e+24
131	2.14485e+24
132	2.10049e+24
133	2.05739e+24
134	2.01552e+24
135	1.97482e+24
136	1.93527e+24
137	1.89681e+24
138	1.85942e+24
139	1.82305e+24
140	1.78767e+24
141	1.75324e+24
142	1.71974e+24
143	1.68714e+24
144	1.6554e+24
145	1.62449e+24
146	1.59439e+24
147	1.56508e+24
148	1.53652e+24
149	1.50869e+24
150	1.48157e+24
151	1.45514e+24
152	1.42937e+24
153	1.40424e+24
154	1.37974e+24
155	1.35584e+24
156	1.33253e+24
157	1.30978e+24
158	1.28758e+24
159	1.26592e+24
160	1.24477e+24
161	1.22413e+24
162	1.20397e+24
163	1.18428e+24
164	1.16505e+24
165	1.14627e+24
166	1.12791e+24
167	1.10998e+24
168	1.09245e+24
169	1.07532e+24
170	1.05857e+24
171	1.04219e+24
172	1.02618e+24
173	1.01052e+24
174	9.952e+23
175	9.80214e+23
176	9.65551e+23
177	9.51202e+23
178	9.3716e+23
179	9.23415e+23
180	9.09959e+23
181	8.96786e+23
182	8.83886e+23
183	8.71254e+23
184	8.58881e+23
185	8.46761e+23
186	8.34887e+23
187	8.23253e+23
188	8.11853e+23
189	8.0068e+23
190	7.89729e+23
191	7.78994e+23
192	7.68469e+23
193	7.5815e+23
194	7.48031e+23
195	7.38106e+23
196	7.28372e+23
197	7.18823e+23
198	7.09455e+23
199	7.00264e+23
200	6.91244e+23
201	6.82393e+23
202	6.73705e+23
203	6.65177e+23
204	6.56805e+23
205	6.48586e+23
206	6.40515e+23
207	6.3259e+23
208	6.24806e+23
209	6.17161e+23
210	6.09651e+23
211	6.02273e+23
212	5.95025e+23
213	5.87902e+23
214	5.80903e+23
215	5.74025e+23
216	5.67264e+23
217	5.60618e+23
218	5.54085e+23
219	5.47662e+23
220	5.41347e+23
221	5.35136e+23
222	5.29029e+23
223	5.23023e+23
224	5.17115e+23
225	5.11303e+23
226	5.05586e+23
227	4.99961e+23
228	4.94426e+23
229	4.8898e+23
230	4.83621e+23
231	4.78346e+23
232	4.73154e+23
233	4.68044e+23
234	4.63013e+23
235	4.5806e+23
236	4.53183e+23
237	4.48381e+23
238	4.43653e+23
239	4.38996e+23
240	4.3441e+23
241	4.29892e+23
242	4.25442e+23
243	4.21059e+23
244	4.1674e+23
245	4.12485e+23
246	4.08293e+23
247	4.04161e+23
248	4.0009e+23
249	3.96078e+23
250	3.92123e+23
251	3.88225e+23
252	3.84382e+23
253	3.80594e+23
254	3.7686e+23
255	3.73178e+23
256	3.69547e+23
257	3.65968e+23
258	3.62437e+23
259	3.58956e+23
260	3.55522e+23
261	3.52135e+23
262	3.48794e+23
263	3.45499e+23
264	3.42247e+23
265	3.3904e+23
266	3.35875e+23
267	3.32753e+23
268	3.29672e+23
269	3.26631e+23
270	3.23631e+23
271	3.20669e+23
272	3.17747e+23
273	3.14862e+23
274	3.12014e+23
275	3.09203e+23
276	3.06428e+23
277	3.03688e+23
278	3.00983e+23
279	2.98312e+23
280	2.95675e+23
281	2.9307e+23
282	2.90499e+23
283	2.87959e+23
284	2.8545e+23
285	2.82973e+23
286	2.80526e+23
287	2.78109e+23
288	2.75721e+23
289	2.73362e+23
290	2.71032e+23
291	2.68729e+23
292	2.66455e+23
293	2.64207e+23
294	2.61986e+23
295	2.59791e+23
296	2.57623e+23
297	2.55479e+23
298	2.53361e+23
299	2.51268e+23
300	2.49199e+23
301	2.47153e+23
302	2.45132e+23
303	2.43133e+23
304	2.41158e+23
305	2.39204e+23
306	2.37274e+23
307	2.35364e+23
308	2.33477e+23
309	2.3161e+23
310	2.29765e+23
311	2.2794e+23
312	2.26135e+23
313	2.24351e+23
314	2.22586e+23
315	2.2084e+23
316	2.19113e+23
317	2.17406e+23
318	2.15717e+23
319	2.14046e+23
320	2.12393e+23
321	2.10758e+23
322	2.09141e+23
323	2.0754e+23
324	2.05957e+23
325	2.04391e+23
326	2.02841e+23
327	2.01308e+23
328	1.9979e+23
329	1.98289e+23
330	1.96803e+23
331	1.95333e+23
332	1.93878e+23
333	1.92438e+23
334	1.91013e+23
335	1.89602e+23
336	1.88206e+23
337	1.86824e+23
338	1.85456e+23
339	1.84102e+23
340	1.82762e+23
341	1.81435e+23
342	1.80122e+23
343	1.78822e+23
344	1.77534e+23
345	1.7626e+23
346	1.74998e+23
347	1.73749e+23
348	1.72512e+23
349	1.71287e+23
350	1.70074e+23
351	1.68873e+23
352	1.67684e+23
353	1.66506e+23
354	1.65339e+23
355	1.64184e+23
356	1.6304e+23
357	1.61907e+23
358	1.60785e+23
359	1.59674e+23
360	1.58573e+23
361	1.57483e+23
362	1.56402e+23
363	1.55333e+23
364	1.54273e+23
365	1.53223e+23
366	1.52183e+23
367	1.51152e+23
368	1.50132e+23
369	1.4912e+23
370	1.48119e+23
371	1.47126e+23
372	1.46142e+23
373	1.45168e+23
374	1.44202e+23
375	1.43245e+23
376	1.42297e+23
377	1.41358e+23
378	1.40427e+23
379	1.39505e+23
380	1.3859e+23
381	1.37684e+23
382	1.36787e+23
383	1.35897e+23
384	1.35015e+23
385	1.34141e+23
386	1.33274e+23
387	1.32416e+23
388	1.31565e+23
389	1.30721e+23
390	1.29885e+23
391	1.29056e+23
392	1.28235e+23
393	1.2742e+23
394	1.26613e+23
395	1.25813e+23
396	1.25019e+23
397	1.24233e+23
398	1.23453e+23
399	1.2268e+23
400	1.21914e+23
401	1.21154e+23
402	1.204e+23
403	1.19653e+23
404	1.18913e+23
405	1.18178e+23
406	1.1745e+23
407	1.16728e+23
408	1.16012e+23
409	1.15302e+23
410	1.14598e+23
411	1.139e+23
412	1.13208e+23
413	1.12521e+23
414	1.1184e+23
415	1.11165e+23
416	1.10496e+23
417	1.09831e+23
418	1.09173e+23
419	1.08519e+23
420	1.07872e+23
421	1.07229e+23
422	1.06592e+23
423	1.05959e+23
424	1.05332e+23
425	1.0471e+23
426	1.04093e+23
427	1.03481e+23
428	1.02874e+23
429	1.02272e+23
430	1.01675e+23
431	1.01082e+23
432	1.00494e+23
433	9.99109e+22
434	9.93323e+22
435	9.87583e+22
436	9.81889e+22
437	9.76239e+22
438	9.70634e+22
439	9.65073e+22
440	9.59555e+22
441	9.54081e+22
442	9.48649e+22
443	9.4326e+22
444	9.37913e+22
445	9.32607e+22
446	9.27342e+22
447	9.22118e+22
448	9.16934e+22
449	9.1179e+22
450	9.06686e+22
451	9.0162e+22
452	8.96594e+22
453	8.91606e+22
454	8.86656e+22
455	8.81743e+22
456	8.76868e+22
457	8.7203e+22
458	8.67228e+22
459	8.62463e+22
460	8.57733e+22
461	8.53039e+22
462	8.4838e+22
463	8.43756e+22
464	8.39167e+22
465	8.34612e+22
466	8.30091e+22
467	8.25603e+22
468	8.21149e+22
469	8.16727e+22
470	8.12339e+22
471	8.07982e+22
472	8.03658e+22
473	7.99366e+22
474	7.95104e+22
475	7.90875e+22
476	7.86676e+22
477	7.82507e+22
478	7.78369e+22
479	7.74261e+22
480	7.70183e+22
481	7.66134e+22
482	7.62115e+22
483	7.58125e+22
484	7.54163e+22
485	7.5023e+22
486	7.46325e+22
487	7.42447e+22
488	7.38598e+22
489	7.34776e+22
490	7.30981e+22
491	7.27214e+22
492	7.23472e+22
493	7.19758e+22
494	7.1607e+22
495	7.12407e+22
496	7.08771e+22
497	7.0516e+22
498	7.01574e+22
499	6.98014e+22
500	6.94478e+22
501	6.90967e+22
502	6.87481e+22
503	6.84019e+22
504	6.80581e+22
505	6.77166e+22
506	6.73776e+22
507	6.70408e+22
508	6.67064e+22
509	6.63743e+22
510	6.60445e+22
511	6.5717e+22
512	6.53917e+22
513	6.50686e+22
514	6.47477e+22
515	6.4429e+22
516	6.41124e+22
517	6.37981e+22
518	6.34858e+22
519	6.31757e+22
520	6.28676e+22
521	6.25617e+22
522	6.22578e+22
523	6.19559e+22
524	6.16561e+22
525	6.13582e+22
526	6.10624e+22
527	6.07685e+22
528	6.04766e+22
529	6.01867e+22
530	5.98986e+22
531	5.96125e+22
532	5.93283e+22
533	5.90459e+22
534	5.87654e+22
535	5.84868e+22
536	5.821e+22
537	5.7935e+22
538	5.76618e+22
539	5.73904e+22
540	5.71207e+22
541	5.68529e+22
542	5.65867e+22
543	5.63223e+22
544	5.60597e+22
545	5.57987e+22
546	5.55394e+22
547	5.52818e+22
548	5.50258e+22
549	5.47715e+22
550	5.45189e+22
551	5.42678e+22
552	5.40184e+22
553	5.37705e+22
554	5.35242e+22
555	5.32796e+22
556	5.30364e+22
557	5.27948e+22
558	5.25548e+22
559	5.23162e+22
560	5.20792e+22
561	5.18437e+22
562	5.16096e+22
563	5.13771e+22
564	5.11459e+22
565	5.09163e+22
566	5.06881e+22
567	5.04613e+22
568	5.02359e+22
569	5.00119e+22
570	4.97893e+22
571	4.95682e+22
572	4.93483e+22
573	4.91299e+22
574	4.89128e+22
575	4.8697e+22
576	4.84826e+22
577	4.82695e+22
578	4.80576e+22
579	4.78471e+22
580	4.76379e+22
581	4.743e+22
582	4.72233e+22
583	4.70179e+22
584	4.68138e+22
585	4.66109e+22
586	4.64092e+22
587	4.62087e+22
588	4.60095e+22
589	4.58115e+22
590	4.56146e+22
591	4.5419e+22
592	4.52245e+22
593	4.50312e+22
594	4.4839e+22
595	4.4648e+22
596	4.44582e+22
597	4.42694e+22
598	4.40818e+22
599	4.38954e+22
600	4.371e+22
601	4.35257e+22
602	4.33425e+22
603	4.31604e+22
604	4.29794e+22
605	4.27995e+22
606	4.26206e+22
607	4.24427e+22
608	4.22659e+22
609	4.20902e+22
610	4.19154e+22
611	4.17417e+22
612	4.1569e+22
613	4.13973e+22
614	4.12266e+22
615	4.10569e+22
616	4.08882e+22
617	4.07205e+22
618	4.05537e+22
619	4.03879e+22
620	4.02231e+22
621	4.00592e+22
622	3.98962e+22
623	3.97342e+22
624	3.95731e+22
625	3.94129e+22
626	3.92537e+22
627	3.90953e+22
628	3.89379e+22
629	3.87813e+22
630	3.86257e+22
631	3.84709e+22
632	3.8317e+22
633	3.8164e+22
634	3.80118e+22
635	3.78605e+22
636	3.771e+22
637	3.75604e+22
638	3.74117e+22
639	3.72637e+22
640	3.71166e+22
641	3.69703e+22
642	3.68249e+22
643	3.66802e+22
644	3.65364e+22
645	3.63933e+22
646	3.62511e+22
647	3.61096e+22
648	3.59689e+22
649	3.5829e+22
650	3.56898e+22
651	3.55515e+22
652	3.54139e+22
653	3.5277e+22
654	3.51409e+22
655	3.50056e+22
656	3.48709e+22
657	3.47371e+22
658	3.46039e+22
659	3.44715e+22
660	3.43398e+22
661	3.42088e+22
662	3.40785e+22
663	3.39489e+22
664	3.382e+22
665	3.36919e+22
666	3.35644e+22
667	3.34376e+22
668	3.33115e+22
669	3.3186e+22
670	3.30612e+22
671	3.29371e+22
672	3.28137e+22
673	3.26909e+22
674	3.25688e+22
675	3.24473e+22
676	3.23265e+22
677	3.22063e+22
678	3.20867e+22
679	3.19678e+22
680	3.18495e+22
681	3.17318e+22
682	3.16148e+22
683	3.14984e+22
684	3.13825e+22
685	3.12673e+22
686	3.11527e+22
687	3.10387e+22
688	3.09253e+22
689	3.08125e+22
690	3.07002e+22
691	3.05886e+22
692	3.04775e+22
693	3.0367e+22
694	3.02571e+22
695	3.01477e+22
696	3.00389e+22
697	2.99307e+22
698	2.9823e+22
699	2.97159e+22
700	2.96093e+22
701	2.95033e+22
702	2.93978e+22
703	2.92929e+22
704	2.91885e+22
705	2.90846e+22
706	2.89813e+22
707	2.88785e+22
708	2.87762e+22
709	2.86744e+22
710	2.85731e+22
711	2.84724e+22
712	2.83721e+22
713	2.82724e+22
714	2.81732e+22
715	2.80744e+22
716	2.79762e+22
717	2.78785e+22
718	2.77812e+22
719	2.76844e+22
720	2.75882e+22
721	2.74924e+22
722	2.7397e+22
723	2.73022e+22
724	2.72078e+22
725	2.71139e+22
726	2.70204e+22
727	2.69274e+22
728	2.68349e+22
729	2.67428e+22
730	2.66512e+22
731	2.656e+22
732	2.64693e+22
733	2.63791e+22
734	2.62892e+22
735	2.61998e+22
736	2.61109e+22
737	2.60223e+22
738	2.59343e+22
739	2.58466e+22
740	2.57594e+22
741	2.56725e+22
742	2.55861e+22
743	2.55002e+22
744	2.54146e+22
745	2.53295e+22
746	2.52447e+22
747	2.51604e+22
748	2.50765e+22
749	2.4993e+22
750	2.49098e+22
751	2.48271e+22
752	2.47448e+22
753	2.46628e+22
754	2.45813e+22
755	2.45001e+22
756	2.44194e+22
757	2.4339e+22
758	2.4259e+22
759	2.41793e+22
760	2.41001e+22
761	2.40212e+22
762	2.39427e+22
763	2.38646e+22
764	2.37868e+22
765	2.37094e+22
766	2.36324e+22
767	2.35557e+22
768	2.34794e+22
769	2.34034e+22
770	2.33278e+22
771	2.32525e+22
772	2.31776e+22
773	2.31031e+22
774	2.30289e+22
775	2.2955e+22
776	2.28815e+22
777	2.28083e+22
778	2.27354e+22
779	2.26629e+22
780	2.25907e+22
781	2.25189e+22
782	2.24473e+22
783	2.23762e+22
784	2.23053e+22
785	2.22347e+22
786	2.21645e+22
787	2.20946e+22
788	2.2025e+22
789	2.19558e+22
790	2.18868e+22
791	2.18182e+22
792	2.17499e+22
793	2.16818e+22
794	2.16141e+22
795	2.15467e+22
796	2.14796e+22
797	2.14128e+22
798	2.13463e+22
799	2.12801e+22
800	2.12142e+22
801	2.11486e+22
802	2.10833e+22
803	2.10183e+22
804	2.09535e+22
805	2.08891e+22
806	2.08249e+22
807	2.0761e+22
808	2.06975e+22
809	2.06341e+22
810	2.05711e+22
811	2.05084e+22
812	2.04459e+22
813	2.03837e+22
814	2.03218e+22
815	2.02601e+22
816	2.01987e+22
817	2.01376e+22
818	2.00768e+22
819	2.00162e+22
820	1.99559e+22
821	1.98958e+22
822	1.9836e+22
823	1.97765e+22
824	1.97172e+22
825	1.96582e+22
826	1.95994e+22
827	1.95409e+22
828	1.94827e+22
829	1.94247e+22
830	1.93669e+22
831	1.93094e+22
832	1.92522e+22
833	1.91951e+22
834	1.91384e+22
835	1.90819e+22
836	1.90256e+22
837	1.89695e+22
838	1.89137e+22
839	1.88582e+22
840	1.88028e+22
841	1.87477e+22
842	1.86929e+22
843	1.86383e+22
844	1.85839e+22
845	1.85297e+22
846	1.84758e+22
847	1.84221e+22
848	1.83686e+22
849	1.83153e+22
850	1.82623e+22
851	1.82095e+22
852	1.81569e+22
853	1.81045e+22
854	1.80524e+22
855	1.80004e+22
856	1.79487e+22
857	1.78972e+22
858	1.78459e+22
859	1.77948e+22
860	1.7744e+22
861	1.76933e+22
862	1.76429e+22
863	1.75926e+22
864	1.75426e+22
865	1.74928e+22
866	1.74432e+22
867	1.73938e+22
868	1.73446e+22
869	1.72956e+22
870	1.72468e+22
871	1.71981e+22
872	1.71497e+22
873	1.71015e+22
874	1.70535e+22
875	1.70057e+22
876	1.69581e+22
877	1.69106e+22
878	1.68634e+22
879	1.68164e+22
880	1.67695e+22
881	1.67228e+22
882	1.66764e+22
883	1.66301e+22
884	1.6584e+22
885	1.6538e+22
886	1.64923e+22
887	1.64468e+22
888	1.64014e+22
889	1.63562e+22
890	1.63112e+22
891	1.62664e+22
892	1.62217e+22
893	1.61773e+22
894	1.6133e+22
895	1.60888e+22
896	1.60449e+22
897	1.60011e+22
898	1.59575e+22
899	1.59141e+22
900	1.58709e+22
901	1.58278e+22
902	1.57849e+22
903	1.57421e+22
904	1.56996e+22
905	1.56571e+22
906	1.56149e+22
907	1.55728e+22
908	1.55309e+22
909	1.54892e+22
910	1.54476e+22
911	1.54062e+22
912	1.53649e+22
913	1.53238e+22
914	1.52829e+22
915	1.52421e+22
916	1.52015e+22
917	1.5161e+22
918	1.51207e+22
919	1.50805e+22
920	1.50405e+22
921	1.50007e+22
922	1.4961e+22
923	1.49214e+22
924	1.4882e+22
925	1.48428e+22
926	1.48037e+22
927	1.47648e+22
928	1.4726e+22
929	1.46873e+22
930	1.46489e+22
931	1.46105e+22
932	1.45723e+22
933	1.45342e+22
934	1.44963e+22
935	1.44586e+22
936	1.44209e+22
937	1.43834e+22
938	1.43461e+22
939	1.43089e+22
940	1.42718e+22
941	1.42349e+22
942	1.41981e+22
943	1.41615e+22
944	1.4125e+22
945	1.40886e+22
946	1.40524e+22
947	1.40163e+22
948	1.39803e+22
949	1.39445e+22
950	1.39087e+22
951	1.38732e+22
952	1.38377e+22
953	1.38024e+22
954	1.37673e+22
955	1.37322e+22
956	1.36973e+22
957	1.36625e+22
958	1.36279e+22
959	1.35933e+22
960	1.35589e+22
961	1.35247e+22
962	1.34905e+22
963	1.34565e+22
964	1.34226e+22
965	1.33888e+22
966	1.33552e+22
967	1.33216e+22
968	1.32882e+22
969	1.32549e+22
970	1.32218e+22
971	1.31887e+22
972	1.31558e+22
973	1.3123e+22
974	1.30903e+22
975	1.30577e+22
976	1.30253e+22
977	1.29929e+22
978	1.29607e+22
979	1.29286e+22
980	1.28966e+22
981	1.28648e+22
982	1.2833e+22
983	1.28014e+22
984	1.27698e+22
985	1.27384e+22
986	1.27071e+22
987	1.26759e+22
988	1.26448e+22
989	1.26139e+22
990	1.2583e+22
991	1.25522e+22
992	1.25216e+22
993	1.24911e+22
994	1.24606e+22
995	1.24303e+22
996	1.24001e+22
997	1.237e+22
998	1.234e+22
999	1.23101e+22
1000	1.22803e+22
1001	1.22506e+22
1002	1.22211e+22
1003	1.21916e+22
1004	1.21622e+22
1005	1.21329e+22
1006	1.21038e+22
1007	1.20747e+22
1008	1.20457e+22
1009	1.20169e+22
1010	1.19881e+22
1011	1.19594e+22
1012	1.19309e+22
1013	1.19024e+22
1014	1.1874e+22
1015	1.18458e+22
1016	1.18176e+22
1017	1.17895e+22
1018	1.17616e+22
1019	1.17337e+22
1020	1.17059e+22
1021	1.16782e+22
1022	1.16506e+22
1023	1.16231e+22
1024	1.15957e+22
1025	1.15684e+22
1026	1.15412e+22
1027	1.1514e+22
1028	1.1487e+22
1029	1.14601e+22
1030	1.14332e+22
1031	1.14064e+22
1032	1.13798e+22
1033	1.13532e+22
1034	1.13267e+22
1035	1.13003e+22
1036	1.1274e+22
1037	1.12478e+22
1038	1.12217e+22
1039	1.11956e+22
1040	1.11697e+22
1041	1.11438e+22
1042	1.1118e+22
1043	1.10923e+22
1044	1.10667e+22
1045	1.10412e+22
1046	1.10157e+22
1047	1.09904e+22
1048	1.09651e+22
1049	1.09399e+22
1050	1.09148e+22
1051	1.08898e+22
1052	1.08649e+22
1053	1.084e+22
1054	1.08153e+22
1055	1.07906e+22
1056	1.0766e+22
1057	1.07415e+22
1058	1.0717e+22
1059	1.06926e+22
1060	1.06684e+22
1061	1.06442e+22
1062	1.062e+22
1063	1.0596e+22
1064	1.0572e+22
1065	1.05482e+22
1066	1.05243e+22
1067	1.05006e+22
1068	1.0477e+22
1069	1.04534e+22
1070	1.04299e+22
1071	1.04065e+22
1072	1.03831e+22
1073	1.03599e+22
1074	1.03367e+22
1075	1.03135e+22
1076	1.02905e+22
1077	1.02675e+22
1078	1.02446e+22
1079	1.02218e+22
1080	1.01991e+22
1081	1.01764e+22
1082	1.01538e+22
1083	1.01313e+22
1084	1.01088e+22
1085	1.00864e+22
1086	1.00641e+22
1087	1.00419e+22
1088	1.00197e+22
1089	9.99762e+21
1090	9.9756e+21
1091	9.95364e+21
1092	9.93175e+21
1093	9.90994e+21
1094	9.88819e+21
1095	9.86651e+21
1096	9.8449e+21
1097	9.82336e+21
1098	9.80189e+21
1099	9.78049e+21
1100	9.75915e+21
1101	9.73788e+21
1102	9.71668e+21
1103	9.69554e+21
1104	9.67448e+21
1105	9.65347e+21
1106	9.63254e+21
1107	9.61167e+21
1108	9.59086e+21
1109	9.57012e+21
1110	9.54945e+21
1111	9.52884e+21
1112	9.50829e+21
1113	9.48781e+21
1114	9.4674e+21
1115	9.44704e+21
1116	9.42675e+21
1117	9.40653e+21
1118	9.38636e+21
1119	9.36626e+21
1120	9.34622e+21
1121	9.32624e+21
1122	9.30633e+21
1123	9.28647e+21
1124	9.26668e+21
1125	9.24695e+21
1126	9.22728e+21
1127	9.20767e+21
1128	9.18812e+21
1129	9.16863e+21
1130	9.1492e+21
1131	9.12983e+21
1132	9.11052e+21
1133	9.09127e+21
1134	9.07208e+21
1135	9.05294e+21
1136	9.03387e+21
1137	9.01485e+21
1138	8.99589e+21
1139	8.97699e+21
1140	8.95814e+21
1141	8.93936e+21
1142	8.92063e+21
1143	8.90195e+21
1144	8.88334e+21
1145	8.86478e+21
1146	8.84627e+21
1147	8.82783e+21
1148	8.80943e+21
1149	8.7911e+21
1150	8.77282e+21
1151	8.75459e+21
1152	8.73642e+21
1153	8.7183e+21
1154	8.70024e+21
1155	8.68223e+21
1156	8.66428e+21
1157	8.64637e+21
1158	8.62853e+21
1159	8.61073e+21
1160	8.59299e+21
1161	8.5753e+21
1162	8.55767e+21
1163	8.54009e+21
1164	8.52256e+21
1165	8.50508e+21
1166	8.48765e+21
1167	8.47028e+21
1168	8.45295e+21
1169	8.43568e+21
1170	8.41846e+21
1171	8.40129e+21
1172	8.38417e+21
1173	8.3671e+21
1174	8.35008e+21
1175	8.33311e+21
1176	8.3162e+21
1177	8.29933e+21
1178	8.28251e+21
1179	8.26574e+21
1180	8.24902e+21
1181	8.23234e+21
1182	8.21572e+21
1183	8.19915e+21
1184	8.18262e+21
1185	8.16614e+21
1186	8.14971e+21
1187	8.13333e+21
1188	8.11699e+21
1189	8.10071e+21
1190	8.08447e+21
1191	8.06827e+21
1192	8.05213e+21
1193	8.03603e+21
1194	8.01998e+21
1195	8.00397e+21
1196	7.98801e+21
1197	7.9721e+21
1198	7.95623e+21
1199	7.9404e+21
1200	7.92463e+21
1201	7.9089e+21
1202	7.89321e+21
1203	7.87757e+21
1204	7.86197e+21
1205	7.84642e+21
1206	7.83091e+21
1207	7.81545e+21
1208	7.80003e+21
1209	7.78466e+21
1210	7.76932e+21
1211	7.75404e+21
1212	7.73879e+21
1213	7.72359e+21
1214	7.70844e+21
1215	7.69332e+21
1216	7.67825e+21
1217	7.66322e+21
1218	7.64823e+21
1219	7.63329e+21
1220	7.61839e+21
1221	7.60353e+21
1222	7.58871e+21
1223	7.57394e+21
1224	7.5592e+21
1225	7.54451e+21
1226	7.52986e+21
1227	7.51525e+21
1228	7.50068e+21
1229	7.48615e+21
1230	7.47166e+21
1231	7.45721e+21
1232	7.44281e+21
1233	7.42844e+21
1234	7.41411e+21
1235	7.39983e+21
1236	7.38558e+21
1237	7.37137e+21
1238	7.35721e+21
1239	7.34308e+21
1240	7.32899e+21
1241	7.31494e+21
1242	7.30093e+21
1243	7.28695e+21
1244	7.27302e+21
1245	7.25913e+21
1246	7.24527e+21
1247	7.23145e+21
1248	7.21767e+21
1249	7.20393e+21
1250	7.19022e+21
1251	7.17656e+21
1252	7.16293e+21
1253	7.14934e+21
1254	7.13578e+21
1255	7.12226e+21
1256	7.10878e+21
1257	7.09534e+21
1258	7.08193e+21
1259	7.06856e+21
1260	7.05523e+21
1261	7.04193e+21
1262	7.02867e+21
1263	7.01545e+21
1264	7.00226e+21
1265	6.9891e+21
1266	6.97599e+21
1267	6.9629e+21
1268	6.94986e+21
1269	6.93685e+21
1270	6.92387e+21
1271	6.91093e+21
1272	6.89802e+21
1273	6.88515e+21
1274	6.87232e+21
1275	6.85951e+21
1276	6.84675e+21
1277	6.83401e+21
1278	6.82132e+21
1279	6.80865e+21
1280	6.79602e+21
1281	6.78342e+21
1282	6.77086e+21
1283	6.75833e+21
1284	6.74584e+21
1285	6.73337e+21
1286	6.72094e+21
1287	6.70855e+21
1288	6.69618e+21
1289	6.68385e+21
1290	6.67156e+21
1291	6.65929e+21
1292	6.64706e+21
1293	6.63486e+21
1294	6.62269e+21
1295	6.61056e+21
1296	6.59846e+21
1297	6.58639e+21
1298	6.57435e+21
1299	6.56234e+21
1300	6.55036e+21
1301	6.53842e+21
1302	6.52651e+21
1303	6.51463e+21
1304	6.50278e+21
1305	6.49096e+21
1306	6.47917e+21
1307	6.46742e+21
1308	6.45569e+21
1309	6.44399e+21
1310	6.43233e+21
1311	6.4207e+21
1312	6.40909e+21
1313	6.39752e+21
1314	6.38598e+21
1315	6.37446e+21
1316	6.36298e+21
1317	6.35153e+21
1318	6.3401e+21
1319	6.32871e+21
1320	6.31735e+21
1321	6.30601e+21
1322	6.29471e+21
1323	6.28343e+21
1324	6.27218e+21
1325	6.26097e+21
1326	6.24978e+21
1327	6.23862e+21
1328	6.22749e+21
1329	6.21639e+21
1330	6.20531e+21
1331	6.19427e+21
1332	6.18325e+21
1333	6.17226e+21
1334	6.1613e+21
1335	6.15037e+21
1336	6.13946e+21
1337	6.12859e+21
1338	6.11774e+21
1339	6.10692e+21
1340	6.09613e+21
1341	6.08536e+21
1342	6.07462e+21
1343	6.06391e+21
1344	6.05323e+21
1345	6.04257e+21
1346	6.03195e+21
1347	6.02134e+21
1348	6.01077e+21
1349	6.00022e+21
1350	5.9897e+21
1351	5.9792e+21
1352	5.96874e+21
1353	5.95829e+21
1354	5.94788e+21
1355	5.93749e+21
1356	5.92713e+21
1357	5.91679e+21
1358	5.90648e+21
1359	5.89619e+21
1360	5.88594e+21
1361	5.8757e+21
1362	5.86549e+21
1363	5.85531e+21
1364	5.84516e+21
1365	5.83503e+21
1366	5.82492e+21
1367	5.81484e+21
1368	5.80479e+21
1369	5.79476e+21
1370	5.78475e+21
1371	5.77477e+21
1372	5.76482e+21
1373	5.75489e+21
1374	5.74498e+21
1375	5.7351e+21
1376	5.72524e+21
1377	5.71541e+21
1378	5.7056e+21
1379	5.69582e+21
1380	5.68606e+21
1381	5.67633e+21
1382	5.66662e+21
1383	5.65693e+21
1384	5.64727e+21
1385	5.63763e+21
1386	5.62801e+21
1387	5.61842e+21
1388	5.60885e+21
1389	5.59931e+21
1390	5.58979e+21
1391	5.58029e+21
1392	5.57082e+21
1393	5.56137e+21
1394	5.55194e+21
1395	5.54253e+21
1396	5.53315e+21
1397	5.52379e+21
1398	5.51446e+21
1399	5.50514e+21
1400	5.49585e+21
1401	5.48658e+21
1402	5.47734e+21
1403	5.46812e+21
1404	5.45892e+21
1405	5.44974e+21
1406	5.44058e+21
1407	5.43145e+21
1408	5.42234e+21
1409	5.41325e+21
1410	5.40418e+21
1411	5.39514e+21
1412	5.38611e+21
1413	5.37711e+21
1414	5.36813e+21
1415	5.35917e+21
1416	5.35024e+21
1417	5.34132e+21
1418	5.33243e+21
1419	5.32356e+21
1420	5.31471e+21
1421	5.30588e+21
1422	5.29707e+21
1423	5.28828e+21
1424	5.27951e+21
1425	5.27077e+21
1426	5.26204e+21
1427	5.25334e+21
1428	5.24466e+21
1429	5.236e+21
1430	5.22735e+21
1431	5.21873e+21
1432	5.21013e+21
1433	5.20155e+21
1434	5.19299e+21
1435	5.18445e+21
1436	5.17594e+21
1437	5.16744e+21
1438	5.15896e+21
1439	5.1505e+21
1440	5.14206e+21
1441	5.13364e+21
1442	5.12525e+21
1443	5.11687e+21
1444	5.10851e+21
1445	5.10017e+21
1446	5.09185e+21
1447	5.08355e+21
1448	5.07527e+21
1449	5.06701e+21
1450	5.05877e+21
1451	5.05055e+21
1452	5.04234e+21
1453	5.03416e+21
1454	5.026e+21
1455	5.01785e+21
1456	5.00972e+21
1457	5.00162e+21
1458	4.99353e+21
1459	4.98546e+21
1460	4.97741e+21
1461	4.96938e+21
1462	4.96136e+21
1463	4.95337e+21
1464	4.94539e+21
1465	4.93744e+21
1466	4.9295e+21
1467	4.92158e+21
1468	4.91368e+21
1469	4.90579e+21
1470	4.89793e+21
1471	4.89008e+21
1472	4.88225e+21
1473	4.87444e+21
1474	4.86665e+21
1475	4.85887e+21
1476	4.85112e+21
1477	4.84338e+21
1478	4.83566e+21
1479	4.82795e+21
1480	4.82027e+21
1481	4.8126e+21
1482	4.80495e+21
1483	4.79732e+21
1484	4.7897e+21
1485	4.7821e+21
1486	4.77452e+21
1487	4.76696e+21
1488	4.75941e+21
1489	4.75188e+21
1490	4.74437e+21
1491	4.73688e+21
1492	4.7294e+21
1493	4.72194e+21
1494	4.7145e+21
1495	4.70707e+21
1496	4.69966e+21
1497	4.69227e+21
1498	4.6849e+21
1499	4.67754e+21
1500	4.67019e+21
1501	4.66287e+21
1502	4.65556e+21
1503	4.64827e+21
1504	4.64099e+21
1505	4.63373e+21
1506	4.62649e+21
1507	4.61926e+21
1508	4.61205e+21
1509	4.60486e+21
1510	4.59768e+21
1511	4.59052e+21
1512	4.58337e+21
1513	4.57624e+21
1514	4.56913e+21
1515	4.56203e+21
1516	4.55495e+21
1517	4.54788e+21
1518	4.54083e+21
1519	4.5338e+21
1520	4.52678e+21
1521	4.51978e+21
1522	4.51279e+21
1523	4.50582e+21
1524	4.49886e+21
1525	4.49192e+21
1526	4.485e+21
1527	4.47809e+21
1528	4.47119e+21
1529	4.46431e+21
1530	4.45745e+21
1531	4.4506e+21
1532	4.44377e+21
1533	4.43695e+21
1534	4.43015e+21
1535	4.42336e+21
1536	4.41659e+21
1537	4.40983e+21
1538	4.40309e+21
1539	4.39636e+21
1540	4.38964e+21
1541	4.38295e+21
1542	4.37626e+21
1543	4.36959e+21
1544	4.36294e+21
1545	4.3563e+21
1546	4.34967e+21
1547	4.34306e+21
1548	4.33647e+21
1549	4.32989e+21
1550	4.32332e+21
1551	4.31677e+21
1552	4.31023e+21
1553	4.3037e+21
1554	4.29719e+21
1555	4.2907e+21
1556	4.28422e+21
1557	4.27775e+21
1558	4.27129e+21
1559	4.26486e+21
1560	4.25843e+21
1561	4.25202e+21
1562	4.24562e+21
1563	4.23924e+21
1564	4.23287e+21
1565	4.22651e+21
1566	4.22017e+21
1567	4.21384e+21
1568	4.20753e+21
1569	4.20123e+21
1570	4.19494e+21
1571	4.18867e+21
1572	4.18241e+21
1573	4.17616e+21
1574	4.16993e+21
1575	4.16371e+21
1576	4.1575e+21
1577	4.15131e+21
1578	4.14513e+21
1579	4.13896e+21
1580	4.13281e+21
1581	4.12667e+21
1582	4.12054e+21
1583	4.11443e+21
1584	4.10833e+21
1585	4.10224e+21
1586	4.09616e+21
1587	4.0901e+21
1588	4.08405e+21
1589	4.07802e+21
1590	4.072e+21
1591	4.06599e+21
1592	4.05999e+21
1593	4.054e+21
1594	4.04803e+21
1595	4.04207e+21
1596	4.03613e+21
1597	4.03019e+21
1598	4.02427e+21
1599	4.01836e+21
1600	4.01247e+21
1601	4.00659e+21
1602	4.00071e+21
1603	3.99486e+21
1604	3.98901e+21
1605	3.98318e+21
1606	3.97735e+21
1607	3.97154e+21
1608	3.96575e+21
1609	3.95996e+21
1610	3.95419e+21
1611	3.94843e+21
1612	3.94268e+21
1613	3.93694e+21
1614	3.93122e+21
1615	3.92551e+21
1616	3.91981e+21
1617	3.91412e+21
1618	3.90844e+21
1619	3.90278e+21
1620	3.89713e+21
1621	3.89149e+21
1622	3.88586e+21
1623	3.88024e+21
1624	3.87463e+21
1625	3.86904e+21
1626	3.86346e+21
1627	3.85789e+21
1628	3.85233e+21
1629	3.84678e+21
1630	3.84124e+21
1631	3.83572e+21
1632	3.83021e+21
1633	3.8247e+21
1634	3.81921e+21
1635	3.81374e+21
1636	3.80827e+21
1637	3.80281e+21
1638	3.79737e+21
1639	3.79193e+21
1640	3.78651e+21
1641	3.7811e+21
1642	3.7757e+21
1643	3.77031e+21
1644	3.76493e+21
1645	3.75957e+21
1646	3.75421e+21
1647	3.74887e+21
1648	3.74353e+21
1649	3.73821e+21
1650	3.7329e+21
1651	3.7276e+21
1652	3.72231e+21
1653	3.71703e+21
1654	3.71176e+21
1655	3.7065e+21
1656	3.70125e+21
1657	3.69602e+21
1658	3.69079e+21
1659	3.68558e+21
1660	3.68037e+21
1661	3.67518e+21
1662	3.67e+21
1663	3.66482e+21
1664	3.65966e+21
1665	3.65451e+21
1666	3.64937e+21
1667	3.64424e+21
1668	3.63912e+21
1669	3.63401e+21
1670	3.62891e+21
1671	3.62382e+21
1672	3.61874e+21
1673	3.61367e+21
1674	3.60861e+21
1675	3.60357e+21
1676	3.59853e+21
1677	3.5935e+21
1678	3.58848e+21
1679	3.58348e+21
1680	3.57848e+21
1681	3.57349e+21
1682	3.56851e+21
1683	3.56355e+21
1684	3.55859e+21
1685	3.55364e+21
1686	3.5487e+21
1687	3.54378e+21
1688	3.53886e+21
1689	3.53395e+21
1690	3.52905e+21
1691	3.52416e+21
1692	3.51929e+21
1693	3.51442e+21
1694	3.50956e+21
1695	3.50471e+21
1696	3.49987e+21
1697	3.49504e+21
1698	3.49022e+21
1699	3.48541e+21
1700	3.48061e+21
1701	3.47581e+21
1702	3.47103e+21
1703	3.46626e+21
1704	3.4615e+21
1705	3.45674e+21
1706	3.452e+21
1707	3.44726e+21
1708	3.44254e+21
1709	3.43782e+21
1710	3.43311e+21
1711	3.42842e+21
1712	3.42373e+21
1713	3.41905e+21
1714	3.41438e+21
1715	3.40972e+21
1716	3.40506e+21
1717	3.40042e+21
1718	3.39579e+21
1719	3.39116e+21
1720	3.38655e+21
1721	3.38194e+21
1722	3.37735e+21
1723	3.37276e+21
1724	3.36818e+21
1725	3.36361e+21
1726	3.35905e+21
1727	3.3545e+21
1728	3.34995e+21
1729	3.34542e+21
1730	3.34089e+21
1731	3.33638e+21
1732	3.33187e+21
1733	3.32737e+21
1734	3.32288e+21
1735	3.3184e+21
1736	3.31392e+21
1737	3.30946e+21
1738	3.305e+21
1739	3.30056e+21
1740	3.29612e+21
1741	3.29169e+21
1742	3.28727e+21
1743	3.28285e+21
1744	3.27845e+21
1745	3.27405e+21
1746	3.26967e+21
1747	3.26529e+21
1748	3.26092e+21
1749	3.25656e+21
1750	3.2522e+21
1751	3.24786e+21
1752	3.24352e+21
1753	3.23919e+21
1754	3.23487e+21
1755	3.23056e+21
1756	3.22626e+21
1757	3.22196e+21
1758	3.21768e+21
1759	3.2134e+21
1760	3.20913e+21
1761	3.20487e+21
1762	3.20061e+21
1763	3.19637e+21
1764	3.19213e+21
1765	3.1879e+21
1766	3.18368e+21
1767	3.17946e+21
1768	3.17526e+21
1769	3.17106e+21
1770	3.16687e+21
1771	3.16269e+21
1772	3.15852e+21
1773	3.15435e+21
1774	3.15019e+21
1775	3.14604e+21
1776	3.1419e+21
1777	3.13777e+21
1778	3.13364e+21
1779	3.12952e+21
1780	3.12541e+21
1781	3.12131e+21
1782	3.11721e+21
1783	3.11313e+21
1784	3.10905e+21
1785	3.10497e+21
1786	3.10091e+21
1787	3.09685e+21
1788	3.0928e+21
1789	3.08876e+21
1790	3.08473e+21
1791	3.0807e+21
1792	3.07668e+21
1793	3.07267e+21
1794	3.06867e+21
1795	3.06467e+21
1796	3.06069e+21
1797	3.0567e+21
1798	3.05273e+21
1799	3.04877e+21
1800	3.04481e+21
1801	3.04086e+21
1802	3.03691e+21
1803	3.03297e+21
1804	3.02905e+21
1805	3.02512e+21
1806	3.02121e+21
1807	3.0173e+21
1808	3.0134e+21
1809	3.00951e+21
1810	3.00562e+21
1811	3.00175e+21
1812	2.99787e+21
1813	2.99401e+21
1814	2.99015e+21
1815	2.9863e+21
1816	2.98246e+21
1817	2.97863e+21
1818	2.9748e+21
1819	2.97098e+21
1820	2.96716e+21
1821	2.96336e+21
1822	2.95956e+21
1823	2.95576e+21
1824	2.95198e+21
1825	2.9482e+21
1826	2.94443e+21
1827	2.94066e+21
1828	2.9369e+21
1829	2.93315e+21
1830	2.92941e+21
1831	2.92567e+21
1832	2.92194e+21
1833	2.91822e+21
1834	2.9145e+21
1835	2.91079e+21
1836	2.90709e+21
1837	2.90339e+21
1838	2.8997e+21
1839	2.89602e+21
1840	2.89234e+21
1841	2.88867e+21
1842	2.88501e+21
1843	2.88135e+21
1844	2.8777e+21
1845	2.87406e+21
1846	2.87043e+21
1847	2.8668e+21
1848	2.86317e+21
1849	2.85956e+21
1850	2.85595e+21
1851	2.85234e+21
1852	2.84875e+21
1853	2.84516e+21
1854	2.84157e+21
1855	2.838e+21
1856	2.83443e+21
1857	2.83086e+21
1858	2.8273e+21
1859	2.82375e+21
1860	2.82021e+21
1861	2.81667e+21
1862	2.81314e+21
1863	2.80961e+21
1864	2.80609e+21
1865	2.80258e+21
1866	2.79907e+21
1867	2.79557e+21
1868	2.79208e+21
1869	2.78859e+21
1870	2.78511e+21
1871	2.78163e+21
1872	2.77816e+21
1873	2.7747e+21
1874	2.77125e+21
1875	2.76779e+21
1876	2.76435e+21
1877	2.76091e+21
1878	2.75748e+21
1879	2.75405e+21
1880	2.75064e+21
1881	2.74722e+21
1882	2.74381e+21
1883	2.74041e+21
1884	2.73702e+21
1885	2.73363e+21
1886	2.73025e+21
1887	2.72687e+21
1888	2.7235e+21
1889	2.72013e+21
1890	2.71677e+21
1891	2.71342e+21
1892	2.71007e+21
1893	2.70673e+21
1894	2.70339e+21
1895	2.70007e+21
1896	2.69674e+21
1897	2.69342e+21
1898	2.69011e+21
1899	2.68681e+21
1900	2.68351e+21
1901	2.68021e+21
1902	2.67692e+21
1903	2.67364e+21
1904	2.67036e+21
1905	2.66709e+21
1906	2.66383e+21
1907	2.66057e+21
1908	2.65731e+21
1909	2.65406e+21
1910	2.65082e+21
1911	2.64758e+21
1912	2.64435e+21
1913	2.64113e+21
1914	2.63791e+21
1915	2.63469e+21
1916	2.63149e+21
1917	2.62828e+21
1918	2.62509e+21
1919	2.62189e+21
1920	2.61871e+21
1921	2.61553e+21
1922	2.61235e+21
1923	2.60918e+21
1924	2.60602e+21
1925	2.60286e+21
1926	2.59971e+21
1927	2.59656e+21
1928	2.59342e+21
1929	2.59028e+21
1930	2.58715e+21
1931	2.58402e+21
1932	2.5809e+21
1933	2.57779e+21
1934	2.57468e+21
1935	2.57157e+21
1936	2.56848e+21
1937	2.56538e+21
1938	2.56229e+21
1939	2.55921e+21
1940	2.55613e+21
1941	2.55306e+21
1942	2.55e+21
1943	2.54693e+21
1944	2.54388e+21
1945	2.54083e+21
1946	2.53778e+21
1947	2.53474e+21
1948	2.53171e+21
1949	2.52868e+21
1950	2.52565e+21
1951	2.52263e+21
1952	2.51962e+21
1953	2.51661e+21
1954	2.5136e+21
1955	2.51061e+21
1956	2.50761e+21
1957	2.50462e+21
1958	2.50164e+21
1959	2.49866e+21
1960	2.49569e+21
1961	2.49272e+21
1962	2.48976e+21
1963	2.4868e+21
1964	2.48385e+21
1965	2.4809e+21
1966	2.47796e+21
1967	2.47502e+21
1968	2.47208e+21
1969	2.46916e+21
1970	2.46623e+21
1971	2.46331e+21
1972	2.4604e+21
1973	2.45749e+21
1974	2.45459e+21
1975	2.45169e+21
1976	2.4488e+21
1977	2.44591e+21
1978	2.44303e+21
1979	2.44015e+21
1980	2.43727e+21
1981	2.43441e+21
1982	2.43154e+21
1983	2.42868e+21
1984	2.42583e+21
1985	2.42298e+21
1986	2.42013e+21
1987	2.41729e+21
1988	2.41446e+21
1989	2.41163e+21
1990	2.4088e+21
1991	2.40598e+21
1992	2.40316e+21
1993	2.40035e+21
1994	2.39754e+21
1995	2.39474e+21
1996	2.39195e+21
1997	2.38915e+21
1998	2.38636e+21
1999	2.38358e+21
2000	2.3808e+21
2001	2.37803e+21
2002	2.37526e+21
2003	2.37249e+21
2004	2.36973e+21
2005	2.36698e+21
2006	2.36423e+21
2007	2.36148e+21
2008	2.35874e+21
2009	2.356e+21
2010	2.35327e+21
2011	2.35054e+21
2012	2.34782e+21
2013	2.3451e+21
2014	2.34238e+21
2015	2.33967e+21
2016	2.33697e+21
2017	2.33427e+21
2018	2.33157e+21
2019	2.32888e+21
2020	2.32619e+21
2021	2.32351e+21
2022	2.32083e+21
2023	2.31815e+21
2024	2.31548e+21
2025	2.31282e+21
2026	2.31015e+21
2027	2.3075e+21
2028	2.30485e+21
2029	2.3022e+21
2030	2.29955e+21
2031	2.29691e+21
2032	2.29428e+21
2033	2.29165e+21
2034	2.28902e+21
2035	2.2864e+21
2036	2.28378e+21
2037	2.28117e+21
2038	2.27856e+21
2039	2.27595e+21
2040	2.27335e+21
2041	2.27076e+21
2042	2.26816e+21
2043	2.26558e+21
2044	2.26299e+21
2045	2.26041e+21
2046	2.25784e+21
2047	2.25527e+21
2048	2.2527e+21
2049	2.25014e+21
2050	2.24758e+21
2051	2.24502e+21
2052	2.24247e+21
2053	2.23993e+21
2054	2.23739e+21
2055	2.23485e+21
2056	2.23231e+21
2057	2.22978e+21
2058	2.22726e+21
2059	2.22474e+21
2060	2.22222e+21
2061	2.21971e+21
2062	2.2172e+21
2063	2.21469e+21
2064	2.21219e+21
2065	2.20969e+21
2066	2.2072e+21
2067	2.20471e+21
2068	2.20223e+21
2069	2.19975e+21
2070	2.19727e+21
2071	2.1948e+21
2072	2.19233e+21
2073	2.18986e+21
2074	2.1874e+21
2075	2.18495e+21
2076	2.18249e+21
2077	2.18004e+21
2078	2.1776e+21
2079	2.17516e+21
2080	2.17272e+21
2081	2.17029e+21
2082	2.16786e+21
2083	2.16543e+21
2084	2.16301e+21
2085	2.16059e+21
2086	2.15818e+21
2087	2.15577e+21
2088	2.15336e+21
2089	2.15096e+21
2090	2.14856e+21
2091	2.14616e+21
2092	2.14377e+21
2093	2.14138e+21
2094	2.139e+21
2095	2.13662e+21
2096	2.13425e+21
2097	2.13187e+21
2098	2.12951e+21
2099	2.12714e+21
2100	2.12478e+21
2101	2.12242e+21
2102	2.12007e+21
2103	2.11772e+21
2104	2.11537e+21
2105	2.11303e+21
2106	2.11069e+21
2107	2.10836e+21
2108	2.10603e+21
2109	2.1037e+21
2110	2.10138e+21
2111	2.09906e+21
2112	2.09674e+21
2113	2.09443e+21
2114	2.09212e+21
2115	2.08981e+21
2116	2.08751e+21
2117	2.08521e+21
2118	2.08292e+21
2119	2.08063e+21
2120	2.07834e+21
2121	2.07606e+21
2122	2.07378e+21
2123	2.0715e+21
2124	2.06923e+21
2125	2.06696e+21
2126	2.06469e+21
2127	2.06243e+21
2128	2.06017e+21
2129	2.05791e+21
2130	2.05566e+21
2131	2.05341e+21
2132	2.05117e+21
2133	2.04893e+21
2134	2.04669e+21
2135	2.04446e+21
2136	2.04222e+21
2137	2.04e+21
2138	2.03777e+21
2139	2.03555e+21
2140	2.03334e+21
2141	2.03112e+21
2142	2.02891e+21
2143	2.02671e+21
2144	2.0245e+21
2145	2.0223e+21
2146	2.02011e+21
2147	2.01791e+21
2148	2.01572e+21
2149	2.01354e+21
2150	2.01135e+21
2151	2.00917e+21
2152	2.007e+21
2153	2.00483e+21
2154	2.00266e+21
2155	2.00049e+21
2156	1.99833e+21
2157	1.99617e+21
2158	1.99401e+21
2159	1.99186e+21
2160	1.98971e+21
2161	1.98756e+21
2162	1.98542e+21
2163	1.98328e+21
2164	1.98115e+21
2165	1.97901e+21
2166	1.97688e+21
2167	1.97476e+21
2168	1.97263e+21
2169	1.97051e+21
2170	1.9684e+21
2171	1.96628e+21
2172	1.96417e+21
2173	1.96207e+21
2174	1.95996e+21
2175	1.95786e+21
2176	1.95577e+21
2177	1.95367e+21
2178	1.95158e+21
2179	1.94949e+21
2180	1.94741e+21
2181	1.94533e+21
2182	1.94325e+21
2183	1.94118e+21
2184	1.9391e+21
2185	1.93703e+21
2186	1.93497e+21
2187	1.93291e+21
2188	1.93085e+21
2189	1.92879e+21
2190	1.92674e+21
2191	1.92469e+21
2192	1.92264e+21
2193	1.9206e+21
2194	1.91856e+21
2195	1.91652e+21
2196	1.91449e+21
2197	1.91245e+21
2198	1.91043e+21
2199	1.9084e+21
2200	1.90638e+21
2201	1.90436e+21
2202	1.90234e+21
2203	1.90033e+21
2204	1.89832e+21
2205	1.89631e+21
2206	1.89431e+21
2207	1.89231e+21
2208	1.89031e+21
2209	1.88832e+21
2210	1.88632e+21
2211	1.88434e+21
2212	1.88235e+21
2213	1.88037e+21
2214	1.87839e+21
2215	1.87641e+21
2216	1.87444e+21
2217	1.87246e+21
2218	1.8705e+21
2219	1.86853e+21
2220	1.86657e+21
2221	1.86461e+21
2222	1.86265e+21
2223	1.8607e+21
2224	1.85875e+21
2225	1.8568e+21
2226	1.85486e+21
2227	1.85292e+21
2228	1.85098e+21
2229	1.84904e+21
2230	1.84711e+21
2231	1.84518e+21
2232	1.84325e+21
2233	1.84132e+21
2234	1.8394e+21
2235	1.83748e+21
2236	1.83557e+21
2237	1.83366e+21
2238	1.83174e+21
2239	1.82984e+21
2240	1.82793e+21
2241	1.82603e+21
2242	1.82413e+21
2243	1.82224e+21
2244	1.82034e+21
2245	1.81845e+21
2246	1.81656e+21
2247	1.81468e+21
2248	1.8128e+21
2249	1.81092e+21
2250	1.80904e+21
2251	1.80717e+21
2252	1.8053e+21
2253	1.80343e+21
2254	1.80156e+21
2255	1.7997e+21
2256	1.79784e+21
2257	1.79598e+21
2258	1.79413e+21
2259	1.79227e+21
2260	1.79042e+21
2261	1.78858e+21
2262	1.78673e+21
2263	1.78489e+21
2264	1.78305e+21
2265	1.78122e+21
2266	1.77939e+21
2267	1.77755e+21
2268	1.77573e+21
2269	1.7739e+21
2270	1.77208e+21
2271	1.77026e+21
2272	1.76844e+21
2273	1.76663e+21
2274	1.76482e+21
2275	1.76301e+21
2276	1.7612e+21
2277	1.7594e+21
2278	1.7576e+21
2279	1.7558e+21
2280	1.754e+21
2281	1.75221e+21
2282	1.75042e+21
2283	1.74863e+21
2284	1.74684e+21
2285	1.74506e+21
2286	1.74328e+21
2287	1.7415e+21
2288	1.73973e+21
2289	1.73795e+21
2290	1.73618e+21
2291	1.73441e+21
2292	1.73265e+21
2293	1.73089e+21
2294	1.72913e+21
2295	1.72737e+21
2296	1.72561e+21
2297	1.72386e+21
2298	1.72211e+21
2299	1.72037e+21
2300	1.71862e+21
2301	1.71688e+21
2302	1.71514e+21
2303	1.7134e+21
2304	1.71167e+21
2305	1.70993e+21
2306	1.7082e+21
2307	1.70648e+21
2308	1.70475e+21
2309	1.70303e+21
2310	1.70131e+21
2311	1.69959e+21
2312	1.69788e+21
2313	1.69616e+21
2314	1.69445e+21
2315	1.69275e+21
2316	1.69104e+21
2317	1.68934e+21
2318	1.68764e+21
2319	1.68594e+21
2320	1.68424e+21
2321	1.68255e+21
2322	1.68086e+21
2323	1.67917e+21
2324	1.67749e+21
2325	1.6758e+21
2326	1.67412e+21
2327	1.67244e+21
2328	1.67077e+21
2329	1.66909e+21
2330	1.66742e+21
2331	1.66575e+21
2332	1.66409e+21
2333	1.66242e+21
2334	1.66076e+21
2335	1.6591e+21
2336	1.65744e+21
2337	1.65579e+21
2338	1.65413e+21
2339	1.65248e+21
2340	1.65084e+21
2341	1.64919e+21
2342	1.64755e+21
2343	1.64591e+21
2344	1.64427e+21
2345	1.64263e+21
2346	1.641e+21
2347	1.63937e+21
2348	1.63774e+21
2349	1.63611e+21
2350	1.63448e+21
2351	1.63286e+21
2352	1.63124e+21
2353	1.62962e+21
2354	1.62801e+21
2355	1.62639e+21
2356	1.62478e+21
2357	1.62317e+21
2358	1.62157e+21
2359	1.61996e+21
2360	1.61836e+21
2361	1.61676e+21
2362	1.61516e+21
2363	1.61357e+21
2364	1.61197e+21
2365	1.61038e+21
2366	1.60879e+21
2367	1.60721e+21
2368	1.60562e+21
2369	1.60404e+21
2370	1.60246e+21
2371	1.60088e+21
2372	1.59931e+21
2373	1.59773e+21
2374	1.59616e+21
2375	1.59459e+21
2376	1.59303e+21
2377	1.59146e+21
2378	1.5899e+21
2379	1.58834e+21
2380	1.58678e+21
2381	1.58522e+21
2382	1.58367e+21
2383	1.58212e+21
2384	1.58057e+21
2385	1.57902e+21
2386	1.57748e+21
2387	1.57593e+21
2388	1.57439e+21
2389	1.57285e+21
2390	1.57132e+21
2391	1.56978e+21
2392	1.56825e+21
2393	1.56672e+21
2394	1.56519e+21
2395	1.56366e+21
2396	1.56214e+21
2397	1.56062e+21
2398	1.5591e+21
2399	1.55758e+21
2400	1.55606e+21
2401	1.55455e+21
2402	1.55304e+21
2403	1.55153e+21
2404	1.55002e+21
2405	1.54852e+21
2406	1.54701e+21
2407	1.54551e+21
2408	1.54401e+21
2409	1.54252e+21
2410	1.54102e+21
2411	1.53953e+21
2412	1.53804e+21
2413	1.53655e+21
2414	1.53506e+21
2415	1.53358e+21
2416	1.53209e+21
2417	1.53061e+21
2418	1.52914e+21
2419	1.52766e+21
2420	1.52618e+21
2421	1.52471e+21
2422	1.52324e+21
2423	1.52177e+21
2424	1.5203e+21
2425	1.51884e+21
2426	1.51738e+21
2427	1.51592e+21
2428	1.51446e+21
2429	1.513e+21
2430	1.51155e+21
2431	1.51009e+21
2432	1.50864e+21
2433	1.50719e+21
2434	1.50575e+21
2435	1.5043e+21
2436	1.50286e+21
2437	1.50142e+21
2438	1.49998e+21
2439	1.49854e+21
2440	1.49711e+21
2441	1.49567e+21
2442	1.49424e+21
2443	1.49281e+21
2444	1.49139e+21
2445	1.48996e+21
2446	1.48854e+21
2447	1.48711e+21
2448	1.48569e+21
2449	1.48428e+21
2450	1.48286e+21
2451	1.48145e+21
2452	1.48003e+21
2453	1.47862e+21
2454	1.47722e+21
2455	1.47581e+21
2456	1.47441e+21
2457	1.473e+21
2458	1.4716e+21
2459	1.4702e+21
2460	1.46881e+21
2461	1.46741e+21
2462	1.46602e+21
2463	1.46463e+21
2464	1.46324e+21
2465	1.46185e+21
2466	1.46046e+21
2467	1.45908e+21
2468	1.4577e+21
2469	1.45632e+21
2470	1.45494e+21
2471	1.45356e+21
2472	1.45219e+21
2473	1.45081e+21
2474	1.44944e+21
2475	1.44807e+21
2476	1.44671e+21
2477	1.44534e+21
2478	1.44398e+21
2479	1.44261e+21
2480	1.44125e+21
2481	1.4399e+21
2482	1.43854e+21
2483	1.43718e+21
2484	1.43583e+21
2485	1.43448e+21
2486	1.43313e+21
2487	1.43178e+21
2488	1.43044e+21
2489	1.42909e+21
2490	1.42775e+21
2491	1.42641e+21
2492	1.42507e+21
2493	1.42373e+21
2494	1.4224e+21
2495	1.42107e+21
2496	1.41973e+21
2497	1.4184e+21
2498	1.41708e+21
2499	1.41575e+21
2500	1.41442e+21
2501	1.4131e+21
2502	1.41178e+21
2503	1.41046e+21
2504	1.40914e+21
2505	1.40783e+21
2506	1.40651e+21
2507	1.4052e+21
2508	1.40389e+21
2509	1.40258e+21
2510	1.40127e+21
2511	1.39997e+21
2512	1.39866e+21
2513	1.39736e+21
2514	1.39606e+21
2515	1.39476e+21
2516	1.39346e+21
2517	1.39217e+21
2518	1.39087e+21
2519	1.38958e+21
2520	1.38829e+21
2521	1.387e+21
2522	1.38572e+21
2523	1.38443e+21
2524	1.38315e+21
2525	1.38187e+21
2526	1.38059e+21
2527	1.37931e+21
2528	1.37803e+21
2529	1.37675e+21
2530	1.37548e+21
2531	1.37421e+21
2532	1.37294e+21
2533	1.37167e+21
2534	1.3704e+21
2535	1.36914e+21
2536	1.36787e+21
2537	1.36661e+21
2538	1.36535e+21
2539	1.36409e+21
2540	1.36284e+21
2541	1.36158e+21
2542	1.36033e+21
2543	1.35907e+21
2544	1.35782e+21
2545	1.35657e+21
2546	1.35533e+21
2547	1.35408e+21
2548	1.35284e+21
2549	1.35159e+21
2550	1.35035e+21
2551	1.34911e+21
2552	1.34787e+21
2553	1.34664e+21
2554	1.3454e+21
2555	1.34417e+21
2556	1.34294e+21
2557	1.34171e+21
2558	1.34048e+21
2559	1.33925e+21
2560	1.33803e+21
2561	1.33681e+21
2562	1.33558e+21
2563	1.33436e+21
2564	1.33314e+21
2565	1.33193e+21
2566	1.33071e+21
2567	1.3295e+21
2568	1.32828e+21
2569	1.32707e+21
2570	1.32586e+21
2571	1.32466e+21
2572	1.32345e+21
2573	1.32224e+21
2574	1.32104e+21
2575	1.31984e+21
2576	1.31864e+21
2577	1.31744e+21
2578	1.31624e+21
2579	1.31505e+21
2580	1.31385e+21
2581	1.31266e+21
2582	1.31147e+21
2583	1.31028e+21
2584	1.30909e+21
2585	1.3079e+21
2586	1.30672e+21
2587	1.30554e+21
2588	1.30435e+21
2589	1.30317e+21
2590	1.30199e+21
2591	1.30082e+21
2592	1.29964e+21
2593	1.29847e+21
2594	1.29729e+21
2595	1.29612e+21
2596	1.29495e+21
2597	1.29378e+21
2598	1.29262e+21
2599	1.29145e+21
2600	1.29029e+21
2601	1.28912e+21
2602	1.28796e+21
2603	1.2868e+21
2604	1.28564e+21
2605	1.28449e+21
2606	1.28333e+21
2607	1.28218e+21
2608	1.28102e+21
2609	1.27987e+21
2610	1.27872e+21
2611	1.27758e+21
2612	1.27643e+21
2613	1.27528e+21
2614	1.27414e+21
2615	1.273e+21
2616	1.27186e+21
2617	1.27072e+21
2618	1.26958e+21
2619	1.26844e+21
2620	1.26731e+21
2621	1.26617e+21
2622	1.26504e+21
2623	1.26391e+21
2624	1.26278e+21
2625	1.26165e+21
2626	1.26052e+21
2627	1.2594e+21
2628	1.25827e+21
2629	1.25715e+21
2630	1.25603e+21
2631	1.25491e+21
2632	1.25379e+21
2633	1.25268e+21
2634	1.25156e+21
2635	1.25045e+21
2636	1.24933e+21
2637	1.24822e+21
2638	1.24711e+21
2639	1.246e+21
2640	1.2449e+21
2641	1.24379e+21
2642	1.24269e+21
2643	1.24158e+21
2644	1.24048e+21
2645	1.23938e+21
2646	1.23828e+21
2647	1.23718e+21
2648	1.23609e+21
2649	1.23499e+21
2650	1.2339e+21
2651	1.23281e+21
2652	1.23172e+21
2653	1.23063e+21
2654	1.22954e+21
2655	1.22845e+21
2656	1.22737e+21
2657	1.22628e+21
2658	1.2252e+21
2659	1.22412e+21
2660	1.22304e+21
2661	1.22196e+21
2662	1.22088e+21
2663	1.21981e+21
2664	1.21873e+21
2665	1.21766e+21
2666	1.21659e+21
2667	1.21551e+21
2668	1.21444e+21
2669	1.21338e+21
2670	1.21231e+21
2671	1.21124e+21
2672	1.21018e+21
2673	1.20912e+21
2674	1.20806e+21
2675	1.20699e+21
2676	1.20594e+21
2677	1.20488e+21
2678	1.20382e+21
2679	1.20277e+21
2680	1.20171e+21
2681	1.20066e+21
2682	1.19961e+21
2683	1.19856e+21
2684	1.19751e+21
2685	1.19646e+21
2686	1.19542e+21
2687	1.19437e+21
2688	1.19333e+21
2689	1.19229e+21
2690	1.19124e+21
2691	1.1902e+21
2692	1.18917e+21
2693	1.18813e+21
2694	1.18709e+21
2695	1.18606e+21
2696	1.18502e+21
2697	1.18399e+21
2698	1.18296e+21
2699	1.18193e+21
2700	1.1809e+21
2701	1.17988e+21
2702	1.17885e+21
2703	1.17783e+21
2704	1.1768e+21
2705	1.17578e+21
2706	1.17476e+21
2707	1.17374e+21
2708	1.17272e+21
2709	1.1717e+21
2710	1.17069e+21
2711	1.16967e+21
2712	1.16866e+21
2713	1.16765e+21
2714	1.16664e+21
2715	1.16563e+21
2716	1.16462e+21
2717	1.16361e+21
2718	1.1626e+21
2719	1.1616e+21
2720	1.16059e+21
2721	1.15959e+21
2722	1.15859e+21
2723	1.15759e+21
2724	1.15659e+21
2725	1.15559e+21
2726	1.1546e+21
2727	1.1536e+21
2728	1.15261e+21
2729	1.15161e+21
2730	1.15062e+21
2731	1.14963e+21
2732	1.14864e+21
2733	1.14765e+21
2734	1.14667e+21
2735	1.14568e+21
2736	1.1447e+21
2737	1.14371e+21
2738	1.14273e+21
2739	1.14175e+21
2740	1.14077e+21
2741	1.13979e+21
2742	1.13881e+21
2743	1.13784e+21
2744	1.13686e+21
2745	1.13589e+21
2746	1.13491e+21
2747	1.13394e+21
2748	1.13297e+21
2749	1.132e+21
2750	1.13103e+21
2751	1.13007e+21
2752	1.1291e+21
2753	1.12814e+21
2754	1.12717e+21
2755	1.12621e+21
2756	1.12525e+21
2757	1.12429e+21
2758	1.12333e+21
2759	1.12237e+21
2760	1.12141e+21
2761	1.12046e+21
2762	1.1195e+21
2763	1.11855e+21
2764	1.1176e+21
2765	1.11665e+21
2766	1.1157e+21
2767	1.11475e+21
2768	1.1138e+21
2769	1.11285e+21
2770	1.11191e+21
2771	1.11096e+21
2772	1.11002e+21
2773	1.10908e+21
2774	1.10814e+21
2775	1.1072e+21
2776	1.10626e+21
2777	1.10532e+21
2778	1.10438e+21
2779	1.10345e+21
2780	1.10251e+21
2781	1.10158e+21
2782	1.10065e+21
2783	1.09972e+21
2784	1.09879e+21
2785	1.09786e+21
2786	1.09693e+21
2787	1.096e+21
2788	1.09508e+21
2789	1.09415e+21
2790	1.09323e+21
2791	1.09231e+21
2792	1.09139e+21
2793	1.09047e+21
2794	1.08955e+21
2795	1.08863e+21
2796	1.08771e+21
2797	1.0868e+21
2798	1.08588e+21
2799	1.08497e+21
2800	1.08405e+21
2801	1.08314e+21
2802	1.08223e+21
2803	1.08132e+21
2804	1.08041e+21
2805	1.07951e+21
2806	1.0786e+21
2807	1.07769e+21
2808	1.07679e+21
2809	1.07589e+21
2810	1.07498e+21
2811	1.07408e+21
2812	1.07318e+21
2813	1.07228e+21
2814	1.07139e+21
2815	1.07049e+21
2816	1.06959e+21
2817	1.0687e+21
2818	1.06781e+21
2819	1.06691e+21
2820	1.06602e+21
2821	1.06513e+21
2822	1.06424e+21
2823	1.06335e+21
2824	1.06246e+21
2825	1.06158e+21
2826	1.06069e+21
2827	1.05981e+21
2828	1.05892e+21
2829	1.05804e+21
2830	1.05716e+21
2831	1.05628e+21
2832	1.0554e+21
2833	1.05452e+21
2834	1.05365e+21
2835	1.05277e+21
2836	1.05189e+21
2837	1.05102e+21
2838	1.05015e+21
2839	1.04927e+21
2840	1.0484e+21
2841	1.04753e+21
2842	1.04666e+21
2843	1.0458e+21
2844	1.04493e+21
2845	1.04406e+21
2846	1.0432e+21
2847	1.04233e+21
2848	1.04147e+21
2849	1.04061e+21
2850	1.03975e+21
2851	1.03889e+21
2852	1.03803e+21
2853	1.03717e+21
2854	1.03631e+21
2855	1.03545e+21
2856	1.0346e+21
2857	1.03374e+21
2858	1.03289e+21
2859	1.03204e+21
2860	1.03119e+21
2861	1.03034e+21
2862	1.02949e+21
2863	1.02864e+21
2864	1.02779e+21
2865	1.02694e+21
2866	1.0261e+21
2867	1.02525e+21
2868	1.02441e+21
2869	1.02357e+21
2870	1.02273e+21
2871	1.02189e+21
2872	1.02105e+21
2873	1.02021e+21
2874	1.01937e+21
2875	1.01853e+21
2876	1.0177e+21
2877	1.01686e+21
2878	1.01603e+21
2879	1.01519e+21
2880	1.01436e+21
2881	1.01353e+21
2882	1.0127e+21
2883	1.01187e+21
2884	1.01104e+21
2885	1.01022e+21
2886	1.00939e+21
2887	1.00856e+21
2888	1.00774e+21
2889	1.00691e+21
2890	1.00609e+21
2891	1.00527e+21
2892	1.00445e+21
2893	1.00363e+21
2894	1.00281e+21
2895	1.00199e+21
2896	1.00117e+21
2897	1.00036e+21
2898	9.99543e+20
2899	9.98729e+20
2900	9.97915e+20
2901	9.97102e+20
2902	9.96291e+20
2903	9.9548e+20
2904	9.9467e+20
2905	9.93861e+20
2906	9.93053e+20
2907	9.92246e+20
2908	9.9144e+20
2909	9.90634e+20
2910	9.8983e+20
2911	9.89027e+20
2912	9.88224e+20
2913	9.87422e+20
2914	9.86622e+20
2915	9.85822e+20
2916	9.85023e+20
2917	9.84225e+20
2918	9.83427e+20
2919	9.82631e+20
2920	9.81836e+20
2921	9.81041e+20
2922	9.80248e+20
2923	9.79455e+20
2924	9.78663e+20
2925	9.77872e+20
2926	9.77082e+20
2927	9.76293e+20
2928	9.75505e+20
2929	9.74717e+20
2930	9.73931e+20
2931	9.73145e+20
2932	9.7236e+20
2933	9.71576e+20
2934	9.70793e+20
2935	9.70011e+20
2936	9.6923e+20
2937	9.68449e+20
2938	9.6767e+20
2939	9.66891e+20
2940	9.66113e+20
2941	9.65336e+20
2942	9.6456e+20
2943	9.63785e+20
2944	9.63011e+20
2945	9.62237e+20
2946	9.61465e+20
2947	9.60693e+20
2948	9.59922e+20
2949	9.59152e+20
2950	9.58383e+20
2951	9.57615e+20
2952	9.56847e+20
2953	9.5608e+20
2954	9.55315e+20
2955	9.5455e+20
2956	9.53786e+20
2957	9.53022e+20
2958	9.5226e+20
2959	9.51498e+20
2960	9.50738e+20
2961	9.49978e+20
2962	9.49219e+20
2963	9.48461e+20
2964	9.47703e+20
2965	9.46947e+20
2966	9.46191e+20
2967	9.45436e+20
2968	9.44682e+20
2969	9.43929e+20
2970	9.43177e+20
2971	9.42425e+20
2972	9.41675e+20
2973	9.40925e+20
2974	9.40176e+20
2975	9.39427e+20
2976	9.3868e+20
2977	9.37934e+20
2978	9.37188e+20
2979	9.36443e+20
2980	9.35699e+20
2981	9.34956e+20
2982	9.34213e+20
2983	9.33471e+20
2984	9.32731e+20
2985	9.31991e+20
2986	9.31251e+20
2987	9.30513e+20
2988	9.29775e+20
2989	9.29039e+20
2990	9.28303e+20
2991	9.27567e+20
2992	9.26833e+20
2993	9.26099e+20
2994	9.25367e+20
2995	9.24635e+20
2996	9.23904e+20
2997	9.23173e+20
2998	9.22444e+20
2999	9.21715e+20
3000	9.20987e+20
3001	9.2026e+20
3002	9.19533e+20
3003	9.18808e+20
3004	9.18083e+20
3005	9.17359e+20
3006	9.16636e+20
3007	9.15913e+20
3008	9.15192e+20
3009	9.14471e+20
3010	9.13751e+20
3011	9.13032e+20
3012	9.12313e+20
3013	9.11595e+20
3014	9.10878e+20
3015	9.10162e+20
3016	9.09447e+20
3017	9.08732e+20
3018	9.08018e+20
3019	9.07305e+20
3020	9.06593e+20
3021	9.05882e+20
3022	9.05171e+20
3023	9.04461e+20
3024	9.03752e+20
3025	9.03043e+20
3026	9.02336e+20
3027	9.01629e+20
3028	9.00923e+20
3029	9.00217e+20
3030	8.99513e+20
3031	8.98809e+20
3032	8.98106e+20
3033	8.97403e+20
3034	8.96702e+20
3035	8.96001e+20
3036	8.95301e+20
3037	8.94602e+20
3038	8.93903e+20
3039	8.93205e+20
3040	8.92508e+20
3041	8.91812e+20
3042	8.91116e+20
3043	8.90422e+20
3044	8.89728e+20
3045	8.89034e+20
3046	8.88342e+20
3047	8.8765e+20
3048	8.86959e+20
3049	8.86269e+20
3050	8.85579e+20
3051	8.8489e+20
3052	8.84202e+20
3053	8.83515e+20
3054	8.82828e+20
3055	8.82142e+20
3056	8.81457e+20
3057	8.80773e+20
3058	8.80089e+20
3059	8.79406e+20
3060	8.78724e+20
3061	8.78042e+20
3062	8.77362e+20
3063	8.76682e+20
3064	8.76002e+20
3065	8.75324e+20
3066	8.74646e+20
3067	8.73969e+20
3068	8.73292e+20
3069	8.72617e+20
3070	8.71942e+20
3071	8.71267e+20
3072	8.70594e+20
3073	8.69921e+20
3074	8.69249e+20
3075	8.68578e+20
3076	8.67907e+20
3077	8.67237e+20
3078	8.66568e+20
3079	8.65899e+20
3080	8.65232e+20
3081	8.64564e+20
3082	8.63898e+20
3083	8.63232e+20
3084	8.62567e+20
3085	8.61903e+20
3086	8.6124e+20
3087	8.60577e+20
3088	8.59915e+20
3089	8.59253e+20
3090	8.58592e+20
3091	8.57932e+20
3092	8.57273e+20
3093	8.56614e+20
3094	8.55956e+20
3095	8.55299e+20
3096	8.54643e+20
3097	8.53987e+20
3098	8.53332e+20
3099	8.52677e+20
3100	8.52023e+20
3101	8.5137e+20
3102	8.50718e+20
3103	8.50066e+20
3104	8.49415e+20
3105	8.48765e+20
3106	8.48115e+20
3107	8.47466e+20
3108	8.46818e+20
3109	8.4617e+20
3110	8.45523e+20
3111	8.44877e+20
3112	8.44232e+20
3113	8.43587e+20
3114	8.42942e+20
3115	8.42299e+20
3116	8.41656e+20
3117	8.41014e+20
3118	8.40372e+20
3119	8.39732e+20
3120	8.39092e+20
3121	8.38452e+20
3122	8.37813e+20
3123	8.37175e+20
3124	8.36538e+20
3125	8.35901e+20
3126	8.35265e+20
3127	8.34629e+20
3128	8.33994e+20
3129	8.3336e+20
3130	8.32727e+20
3131	8.32094e+20
3132	8.31462e+20
3133	8.3083e+20
3134	8.302e+20
3135	8.29569e+20
3136	8.2894e+20
3137	8.28311e+20
3138	8.27683e+20
3139	8.27055e+20
3140	8.26429e+20
3141	8.25802e+20
3142	8.25177e+20
3143	8.24552e+20
3144	8.23928e+20
3145	8.23304e+20
3146	8.22681e+20
3147	8.22059e+20
3148	8.21437e+20
3149	8.20816e+20
3150	8.20196e+20
3151	8.19576e+20
3152	8.18957e+20
3153	8.18338e+20
3154	8.17721e+20
3155	8.17103e+20
3156	8.16487e+20
3157	8.15871e+20
3158	8.15256e+20
3159	8.14641e+20
3160	8.14027e+20
3161	8.13414e+20
3162	8.12801e+20
3163	8.12189e+20
3164	8.11578e+20
3165	8.10967e+20
3166	8.10357e+20
3167	8.09747e+20
3168	8.09138e+20
3169	8.0853e+20
3170	8.07923e+20
3171	8.07316e+20
3172	8.06709e+20
3173	8.06103e+20
3174	8.05498e+20
3175	8.04894e+20
3176	8.0429e+20
3177	8.03687e+20
3178	8.03084e+20
3179	8.02482e+20
3180	8.01881e+20
3181	8.0128e+20
3182	8.0068e+20
3183	8.0008e+20
3184	7.99481e+20
3185	7.98883e+20
3186	7.98285e+20
3187	7.97688e+20
3188	7.97092e+20
3189	7.96496e+20
3190	7.95901e+20
3191	7.95306e+20
3192	7.94712e+20
3193	7.94119e+20
3194	7.93526e+20
3195	7.92934e+20
3196	7.92342e+20
3197	7.91751e+20
3198	7.91161e+20
3199	7.90571e+20
3200	7.89982e+20
3201	7.89393e+20
3202	7.88805e+20
3203	7.88218e+20
3204	7.87631e+20
3205	7.87045e+20
3206	7.8646e+20
3207	7.85875e+20
3208	7.8529e+20
3209	7.84707e+20
3210	7.84124e+20
3211	7.83541e+20
3212	7.82959e+20
3213	7.82378e+20
3214	7.81797e+20
3215	7.81217e+20
3216	7.80637e+20
3217	7.80058e+20
3218	7.7948e+20
3219	7.78902e+20
3220	7.78325e+20
3221	7.77748e+20
3222	7.77172e+20
3223	7.76597e+20
3224	7.76022e+20
3225	7.75447e+20
3226	7.74874e+20
3227	7.743e+20
3228	7.73728e+20
3229	7.73156e+20
3230	7.72585e+20
3231	7.72014e+20
3232	7.71444e+20
3233	7.70874e+20
3234	7.70305e+20
3235	7.69736e+20
3236	7.69168e+20
3237	7.68601e+20
3238	7.68034e+20
3239	7.67468e+20
3240	7.66902e+20
3241	7.66337e+20
3242	7.65773e+20
3243	7.65209e+20
3244	7.64646e+20
3245	7.64083e+20
3246	7.63521e+20
3247	7.62959e+20
3248	7.62398e+20
3249	7.61837e+20
3250	7.61278e+20
3251	7.60718e+20
3252	7.60159e+20
3253	7.59601e+20
3254	7.59043e+20
3255	7.58486e+20
3256	7.5793e+20
3257	7.57374e+20
3258	7.56818e+20
3259	7.56263e+20
3260	7.55709e+20
3261	7.55155e+20
3262	7.54602e+20
3263	7.5405e+20
3264	7.53497e+20
3265	7.52946e+20
3266	7.52395e+20
3267	7.51844e+20
3268	7.51295e+20
3269	7.50745e+20
3270	7.50196e+20
3271	7.49648e+20
3272	7.49101e+20
3273	7.48553e+20
3274	7.48007e+20
3275	7.47461e+20
3276	7.46915e+20
3277	7.4637e+20
3278	7.45826e+20
3279	7.45282e+20
3280	7.44739e+20
3281	7.44196e+20
3282	7.43654e+20
3283	7.43112e+20
3284	7.42571e+20
3285	7.4203e+20
3286	7.4149e+20
3287	7.40951e+20
3288	7.40412e+20
3289	7.39873e+20
3290	7.39336e+20
3291	7.38798e+20
3292	7.38261e+20
3293	7.37725e+20
3294	7.37189e+20
3295	7.36654e+20
3296	7.36119e+20
3297	7.35585e+20
3298	7.35052e+20
3299	7.34519e+20
3300	7.33986e+20
3301	7.33454e+20
3302	7.32922e+20
3303	7.32391e+20
3304	7.31861e+20
3305	7.31331e+20
3306	7.30802e+20
3307	7.30273e+20
3308	7.29744e+20
3309	7.29217e+20
3310	7.28689e+20
3311	7.28162e+20
3312	7.27636e+20
3313	7.2711e+20
3314	7.26585e+20
3315	7.2606e+20
3316	7.25536e+20
3317	7.25013e+20
3318	7.24489e+20
3319	7.23967e+20
3320	7.23445e+20
3321	7.22923e+20
3322	7.22402e+20
3323	7.21881e+20
3324	7.21361e+20
3325	7.20842e+20
3326	7.20323e+20
3327	7.19804e+20
3328	7.19286e+20
3329	7.18769e+20
3330	7.18252e+20
3331	7.17735e+20
3332	7.17219e+20
3333	7.16704e+20
3334	7.16189e+20
3335	7.15675e+20
3336	7.15161e+20
3337	7.14647e+20
3338	7.14134e+20
3339	7.13622e+20
3340	7.1311e+20
3341	7.12599e+20
3342	7.12088e+20
3343	7.11577e+20
3344	7.11067e+20
3345	7.10558e+20
3346	7.10049e+20
3347	7.09541e+20
3348	7.09033e+20
3349	7.08525e+20
3350	7.08018e+20
3351	7.07512e+20
3352	7.07006e+20
3353	7.06501e+20
3354	7.05996e+20
3355	7.05491e+20
3356	7.04987e+20
3357	7.04484e+20
3358	7.03981e+20
3359	7.03478e+20
3360	7.02976e+20
3361	7.02475e+20
3362	7.01974e+20
3363	7.01473e+20
3364	7.00973e+20
3365	7.00474e+20
3366	6.99975e+20
3367	6.99476e+20
3368	6.98978e+20
3369	6.98481e+20
3370	6.97983e+20
3371	6.97487e+20
3372	6.96991e+20
3373	6.96495e+20
3374	6.96e+20
3375	6.95505e+20
3376	6.95011e+20
3377	6.94517e+20
3378	6.94024e+20
3379	6.93531e+20
3380	6.93039e+20
3381	6.92547e+20
3382	6.92056e+20
3383	6.91565e+20
3384	6.91074e+20
3385	6.90585e+20
3386	6.90095e+20
3387	6.89606e+20
3388	6.89118e+20
3389	6.8863e+20
3390	6.88142e+20
3391	6.87655e+20
3392	6.87169e+20
3393	6.86682e+20
3394	6.86197e+20
3395	6.85712e+20
3396	6.85227e+20
3397	6.84743e+20
3398	6.84259e+20
3399	6.83776e+20
3400	6.83293e+20
3401	6.8281e+20
3402	6.82328e+20
3403	6.81847e+20
3404	6.81366e+20
3405	6.80885e+20
3406	6.80405e+20
3407	6.79926e+20
3408	6.79447e+20
3409	6.78968e+20
3410	6.7849e+20
3411	6.78012e+20
3412	6.77535e+20
3413	6.77058e+20
3414	6.76582e+20
3415	6.76106e+20
3416	6.7563e+20
3417	6.75155e+20
3418	6.74681e+20
3419	6.74207e+20
3420	6.73733e+20
3421	6.7326e+20
3422	6.72787e+20
3423	6.72315e+20
3424	6.71843e+20
3425	6.71372e+20
3426	6.70901e+20
3427	6.7043e+20
3428	6.6996e+20
3429	6.69491e+20
3430	6.69022e+20
3431	6.68553e+20
3432	6.68085e+20
3433	6.67617e+20
3434	6.6715e+20
3435	6.66683e+20
3436	6.66217e+20
3437	6.65751e+20
3438	6.65285e+20
3439	6.6482e+20
3440	6.64355e+20
3441	6.63891e+20
3442	6.63427e+20
3443	6.62964e+20
3444	6.62501e+20
3445	6.62039e+20
3446	6.61577e+20
3447	6.61115e+20
3448	6.60654e+20
3449	6.60194e+20
3450	6.59733e+20
3451	6.59274e+20
3452	6.58814e+20
3453	6.58355e+20
3454	6.57897e+20
3455	6.57439e+20
3456	6.56981e+20
3457	6.56524e+20
3458	6.56067e+20
3459	6.55611e+20
3460	6.55155e+20
3461	6.547e+20
3462	6.54245e+20
3463	6.5379e+20
3464	6.53336e+20
3465	6.52882e+20
3466	6.52429e+20
3467	6.51976e+20
3468	6.51524e+20
3469	6.51072e+20
3470	6.5062e+20
3471	6.50169e+20
3472	6.49718e+20
3473	6.49268e+20
3474	6.48818e+20
3475	6.48369e+20
3476	6.4792e+20
3477	6.47471e+20
3478	6.47023e+20
3479	6.46575e+20
3480	6.46128e+20
3481	6.45681e+20
3482	6.45235e+20
3483	6.44789e+20
3484	6.44343e+20
3485	6.43898e+20
3486	6.43453e+20
3487	6.43009e+20
3488	6.42565e+20
3489	6.42121e+20
3490	6.41678e+20
3491	6.41236e+20
3492	6.40793e+20
3493	6.40351e+20
3494	6.3991e+20
3495	6.39469e+20
3496	6.39028e+20
3497	6.38588e+20
3498	6.38148e+20
3499	6.37709e+20
3500	6.3727e+20
3501	6.36832e+20
3502	6.36393e+20
3503	6.35956e+20
3504	6.35518e+20
3505	6.35082e+20
3506	6.34645e+20
3507	6.34209e+20
3508	6.33773e+20
3509	6.33338e+20
3510	6.32903e+20
3511	6.32469e+20
3512	6.32035e+20
3513	6.31601e+20
3514	6.31168e+20
3515	6.30735e+20
3516	6.30303e+20
3517	6.29871e+20
3518	6.29439e+20
3519	6.29008e+20
3520	6.28577e+20
3521	6.28147e+20
3522	6.27717e+20
3523	6.27287e+20
3524	6.26858e+20
3525	6.26429e+20
3526	6.26001e+20
3527	6.25573e+20
3528	6.25145e+20
3529	6.24718e+20
3530	6.24291e+20
3531	6.23865e+20
3532	6.23439e+20
3533	6.23013e+20
3534	6.22588e+20
3535	6.22163e+20
3536	6.21739e+20
3537	6.21315e+20
3538	6.20891e+20
3539	6.20468e+20
3540	6.20045e+20
3541	6.19623e+20
3542	6.192e+20
3543	6.18779e+20
3544	6.18358e+20
3545	6.17937e+20
3546	6.17516e+20
3547	6.17096e+20
3548	6.16676e+20
3549	6.16257e+20
3550	6.15838e+20
3551	6.1542e+20
3552	6.15001e+20
3553	6.14584e+20
3554	6.14166e+20
3555	6.13749e+20
3556	6.13333e+20
3557	6.12916e+20
3558	6.12501e+20
3559	6.12085e+20
3560	6.1167e+20
3561	6.11255e+20
3562	6.10841e+20
3563	6.10427e+20
3564	6.10014e+20
3565	6.09601e+20
3566	6.09188e+20
3567	6.08775e+20
3568	6.08363e+20
3569	6.07952e+20
3570	6.0754e+20
3571	6.0713e+20
3572	6.06719e+20
3573	6.06309e+20
3574	6.05899e+20
3575	6.0549e+20
3576	6.05081e+20
3577	6.04672e+20
3578	6.04264e+20
3579	6.03856e+20
3580	6.03449e+20
3581	6.03042e+20
3582	6.02635e+20
3583	6.02228e+20
3584	6.01823e+20
3585	6.01417e+20
3586	6.01012e+20
3587	6.00607e+20
3588	6.00202e+20
3589	5.99798e+20
3590	5.99394e+20
3591	5.98991e+20
3592	5.98588e+20
3593	5.98185e+20
3594	5.97783e+20
3595	5.97381e+20
3596	5.9698e+20
3597	5.96578e+20
3598	5.96178e+20
3599	5.95777e+20
3600	5.95377e+20
3601	5.94977e+20
3602	5.94578e+20
3603	5.94179e+20
3604	5.93781e+20
3605	5.93382e+20
3606	5.92984e+20
3607	5.92587e+20
3608	5.9219e+20
3609	5.91793e+20
3610	5.91396e+20
3611	5.91e+20
3612	5.90605e+20
3613	5.90209e+20
3614	5.89814e+20
3615	5.8942e+20
3616	5.89025e+20
3617	5.88632e+20
3618	5.88238e+20
3619	5.87845e+20
3620	5.87452e+20
3621	5.8706e+20
3622	5.86667e+20
3623	5.86276e+20
3624	5.85884e+20
3625	5.85493e+20
3626	5.85102e+20
3627	5.84712e+20
3628	5.84322e+20
3629	5.83932e+20
3630	5.83543e+20
3631	5.83154e+20
3632	5.82766e+20
3633	5.82377e+20
3634	5.8199e+20
3635	5.81602e+20
3636	5.81215e+20
3637	5.80828e+20
3638	5.80442e+20
3639	5.80056e+20
3640	5.7967e+20
3641	5.79284e+20
3642	5.78899e+20
3643	5.78515e+20
3644	5.7813e+20
3645	5.77746e+20
3646	5.77363e+20
3647	5.76979e+20
3648	5.76596e+20
3649	5.76214e+20
3650	5.75831e+20
3651	5.75449e+20
3652	5.75068e+20
3653	5.74686e+20
3654	5.74306e+20
3655	5.73925e+20
3656	5.73545e+20
3657	5.73165e+20
3658	5.72785e+20
3659	5.72406e+20
3660	5.72027e+20
3661	5.71649e+20
3662	5.71271e+20
3663	5.70893e+20
3664	5.70515e+20
3665	5.70138e+20
3666	5.69761e+20
3667	5.69385e+20
3668	5.69009e+20
3669	5.68633e+20
3670	5.68257e+20
3671	5.67882e+20
3672	5.67507e+20
3673	5.67133e+20
3674	5.66759e+20
3675	5.66385e+20
3676	5.66012e+20
3677	5.65639e+20
3678	5.65266e+20
3679	5.64893e+20
3680	5.64521e+20
3681	5.64149e+20
3682	5.63778e+20
3683	5.63407e+20
3684	5.63036e+20
3685	5.62666e+20
3686	5.62296e+20
3687	5.61926e+20
3688	5.61556e+20
3689	5.61187e+20
3690	5.60818e+20
3691	5.6045e+20
3692	5.60082e+20
3693	5.59714e+20
3694	5.59346e+20
3695	5.58979e+20
3696	5.58613e+20
3697	5.58246e+20
3698	5.5788e+20
3699	5.57514e+20
3700	5.57148e+20
3701	5.56783e+20
3702	5.56418e+20
3703	5.56054e+20
3704	5.5569e+20
3705	5.55326e+20
3706	5.54962e+20
3707	5.54599e+20
3708	5.54236e+20
3709	5.53873e+20
3710	5.53511e+20
3711	5.53149e+20
3712	5.52788e+20
3713	5.52426e+20
3714	5.52065e+20
3715	5.51705e+20
3716	5.51344e+20
3717	5.50984e+20
3718	5.50625e+20
3719	5.50265e+20
3720	5.49906e+20
3721	5.49547e+20
3722	5.49189e+20
3723	5.48831e+20
3724	5.48473e+20
3725	5.48116e+20
3726	5.47758e+20
3727	5.47402e+20
3728	5.47045e+20
3729	5.46689e+20
3730	5.46333e+20
3731	5.45977e+20
3732	5.45622e+20
3733	5.45267e+20
3734	5.44912e+20
3735	5.44558e+20
3736	5.44204e+20
3737	5.4385e+20
3738	5.43497e+20
3739	5.43144e+20
3740	5.42791e+20
3741	5.42439e+20
3742	5.42086e+20
3743	5.41735e+20
3744	5.41383e+20
3745	5.41032e+20
3746	5.40681e+20
3747	5.4033e+20
3748	5.3998e+20
3749	5.3963e+20
3750	5.3928e+20
3751	5.38931e+20
3752	5.38582e+20
3753	5.38233e+20
3754	5.37885e+20
3755	5.37537e+20
3756	5.37189e+20
3757	5.36841e+20
3758	5.36494e+20
3759	5.36147e+20
3760	5.35801e+20
3761	5.35454e+20
3762	5.35108e+20
3763	5.34763e+20
3764	5.34417e+20
3765	5.34072e+20
3766	5.33727e+20
3767	5.33383e+20
3768	5.33039e+20
3769	5.32695e+20
3770	5.32351e+20
3771	5.32008e+20
3772	5.31665e+20
3773	5.31322e+20
3774	5.3098e+20
3775	5.30638e+20
3776	5.30296e+20
3777	5.29955e+20
3778	5.29613e+20
3779	5.29272e+20
3780	5.28932e+20
3781	5.28592e+20
3782	5.28252e+20
3783	5.27912e+20
3784	5.27572e+20
3785	5.27233e+20
3786	5.26895e+20
3787	5.26556e+20
3788	5.26218e+20
3789	5.2588e+20
3790	5.25542e+20
3791	5.25205e+20
3792	5.24868e+20
3793	5.24531e+20
3794	5.24195e+20
3795	5.23859e+20
3796	5.23523e+20
3797	5.23187e+20
3798	5.22852e+20
3799	5.22517e+20
3800	5.22182e+20
3801	5.21848e+20
3802	5.21514e+20
3803	5.2118e+20
3804	5.20846e+20
3805	5.20513e+20
3806	5.2018e+20
3807	5.19847e+20
3808	5.19515e+20
3809	5.19183e+20
3810	5.18851e+20
3811	5.1852e+20
3812	5.18188e+20
3813	5.17857e+20
3814	5.17527e+20
3815	5.17196e+20
3816	5.16866e+20
3817	5.16536e+20
3818	5.16207e+20
3819	5.15878e+20
3820	5.15549e+20
3821	5.1522e+20
3822	5.14892e+20
3823	5.14564e+20
3824	5.14236e+20
3825	5.13908e+20
3826	5.13581e+20
3827	5.13254e+20
3828	5.12927e+20
3829	5.12601e+20
3830	5.12275e+20
3831	5.11949e+20
3832	5.11624e+20
3833	5.11298e+20
3834	5.10973e+20
3835	5.10649e+20
3836	5.10324e+20
3837	5.1e+20
3838	5.09676e+20
3839	5.09353e+20
3840	5.09029e+20
3841	5.08706e+20
3842	5.08384e+20
3843	5.08061e+20
3844	5.07739e+20
3845	5.07417e+20
3846	5.07095e+20
3847	5.06774e+20
3848	5.06453e+20
3849	5.06132e+20
3850	5.05811e+20
3851	5.05491e+20
3852	5.05171e+20
3853	5.04852e+20
3854	5.04532e+20
3855	5.04213e+20
3856	5.03894e+20
3857	5.03575e+20
3858	5.03257e+20
3859	5.02939e+20
3860	5.02621e+20
3861	5.02304e+20
3862	5.01986e+20
3863	5.01669e+20
3864	5.01353e+20
3865	5.01036e+20
3866	5.0072e+20
3867	5.00404e+20
3868	5.00089e+20
3869	4.99773e+20
3870	4.99458e+20
3871	4.99143e+20
3872	4.98829e+20
3873	4.98514e+20
3874	4.982e+20
3875	4.97887e+20
3876	4.97573e+20
3877	4.9726e+20
3878	4.96947e+20
3879	4.96634e+20
3880	4.96322e+20
3881	4.9601e+20
3882	4.95698e+20
3883	4.95386e+20
3884	4.95075e+20
3885	4.94764e+20
3886	4.94453e+20
3887	4.94143e+20
3888	4.93832e+20
3889	4.93522e+20
3890	4.93212e+20
3891	4.92903e+20
3892	4.92594e+20
3893	4.92285e+20
3894	4.91976e+20
3895	4.91668e+20
3896	4.91359e+20
3897	4.91051e+20
3898	4.90744e+20
3899	4.90436e+20
3900	4.90129e+20
3901	4.89822e+20
3902	4.89516e+20
3903	4.89209e+20
3904	4.88903e+20
3905	4.88597e+20
3906	4.88292e+20
3907	4.87987e+20
3908	4.87682e+20
3909	4.87377e+20
3910	4.87072e+20
3911	4.86768e+20
3912	4.86464e+20
3913	4.8616e+20
3914	4.85857e+20
3915	4.85553e+20
3916	4.8525e+20
3917	4.84948e+20
3918	4.84645e+20
3919	4.84343e+20
3920	4.84041e+20
3921	4.83739e+20
3922	4.83438e+20
3923	4.83136e+20
3924	4.82836e+20
3925	4.82535e+20
3926	4.82234e+20
3927	4.81934e+20
3928	4.81634e+20
3929	4.81335e+20
3930	4.81035e+20
3931	4.80736e+20
3932	4.80437e+20
3933	4.80138e+20
3934	4.7984e+20
3935	4.79542e+20
3936	4.79244e+20
3937	4.78946e+20
3938	4.78649e+20
3939	4.78351e+20
3940	4.78055e+20
3941	4.77758e+20
3942	4.77461e+20
3943	4.77165e+20
3944	4.76869e+20
3945	4.76574e+20
3946	4.76278e+20
3947	4.75983e+20
3948	4.75688e+20
3949	4.75393e+20
3950	4.75099e+20
3951	4.74805e+20
3952	4.74511e+20
3953	4.74217e+20
3954	4.73924e+20
3955	4.7363e+20
3956	4.73337e+20
3957	4.73045e+20
3958	4.72752e+20
3959	4.7246e+20
3960	4.72168e+20
3961	4.71876e+20
3962	4.71585e+20
3963	4.71293e+20
3964	4.71002e+20
3965	4.70712e+20
3966	4.70421e+20
3967	4.70131e+20
3968	4.69841e+20
3969	4.69551e+20
3970	4.69262e+20
3971	4.68972e+20
3972	4.68683e+20
3973	4.68394e+20
3974	4.68106e+20
3975	4.67817e+20
3976	4.67529e+20
3977	4.67241e+20
3978	4.66954e+20
3979	4.66666e+20
3980	4.66379e+20
3981	4.66092e+20
3982	4.65806e+20
3983	4.65519e+20
3984	4.65233e+20
3985	4.64947e+20
3986	4.64661e+20
3987	4.64376e+20
3988	4.64091e+20
3989	4.63806e+20
3990	4.63521e+20
3991	4.63236e+20
3992	4.62952e+20
3993	4.62668e+20
3994	4.62384e+20
3995	4.62101e+20
3996	4.61817e+20
3997	4.61534e+20
3998	4.61251e+20
3999	4.60969e+20
4000	4.60686e+20
4001	4.60404e+20
4002	4.60122e+20
4003	4.5984e+20
4004	4.59559e+20
4005	4.59278e+20
4006	4.58997e+20
4007	4.58716e+20
4008	4.58435e+20
4009	4.58155e+20
4010	4.57875e+20
4011	4.57595e+20
4012	4.57315e+20
4013	4.57036e+20
4014	4.56757e+20
4015	4.56478e+20
4016	4.56199e+20
4017	4.55921e+20
4018	4.55642e+20
4019	4.55364e+20
4020	4.55087e+20
4021	4.54809e+20
4022	4.54532e+20
4023	4.54255e+20
4024	4.53978e+20
4025	4.53701e+20
4026	4.53425e+20
4027	4.53149e+20
4028	4.52873e+20
4029	4.52597e+20
4030	4.52321e+20
4031	4.52046e+20
4032	4.51771e+20
4033	4.51496e+20
4034	4.51222e+20
4035	4.50947e+20
4036	4.50673e+20
4037	4.50399e+20
4038	4.50126e+20
4039	4.49852e+20
4040	4.49579e+20
4041	4.49306e+20
4042	4.49033e+20
4043	4.4876e+20
4044	4.48488e+20
4045	4.48216e+20
4046	4.47944e+20
4047	4.47672e+20
4048	4.47401e+20
4049	4.4713e+20
4050	4.46859e+20
4051	4.46588e+20
4052	4.46317e+20
4053	4.46047e+20
4054	4.45777e+20
4055	4.45507e+20
4056	4.45237e+20
4057	4.44968e+20
4058	4.44699e+20
4059	4.4443e+20
4060	4.44161e+20
4061	4.43892e+20
4062	4.43624e+20
4063	4.43356e+20
4064	4.43088e+20
4065	4.4282e+20
4066	4.42553e+20
4067	4.42285e+20
4068	4.42018e+20
4069	4.41752e+20
4070	4.41485e+20
4071	4.41219e+20
4072	4.40952e+20
4073	4.40686e+20
4074	4.40421e+20
4075	4.40155e+20
4076	4.3989e+20
4077	4.39625e+20
4078	4.3936e+20
4079	4.39095e+20
4080	4.38831e+20
4081	4.38567e+20
4082	4.38303e+20
4083	4.38039e+20
4084	4.37775e+20
4085	4.37512e+20
4086	4.37249e+20
4087	4.36986e+20
4088	4.36723e+20
4089	4.36461e+20
4090	4.36198e+20
4091	4.35936e+20
4092	4.35674e+20
4093	4.35413e+20
4094	4.35151e+20
4095	4.3489e+20
4096	4.34629e+20
4097	4.34368e+20
4098	4.34107e+20
4099	4.33847e+20
4100	4.33587e+20
4101	4.33327e+20
4102	4.33067e+20
4103	4.32808e+20
4104	4.32548e+20
4105	4.32289e+20
4106	4.3203e+20
4107	4.31772e+20
4108	4.31513e+20
4109	4.31255e+20
4110	4.30997e+20
4111	4.30739e+20
4112	4.30481e+20
4113	4.30224e+20
4114	4.29966e+20
4115	4.29709e+20
4116	4.29453e+20
4117	4.29196e+20
4118	4.2894e+20
4119	4.28683e+20
4120	4.28427e+20
4121	4.28172e+20
4122	4.27916e+20
4123	4.27661e+20
4124	4.27405e+20
4125	4.2715e+20
4126	4.26896e+20
4127	4.26641e+20
4128	4.26387e+20
4129	4.26133e+20
4130	4.25879e+20
4131	4.25625e+20
4132	4.25371e+20
4133	4.25118e+20
4134	4.24865e+20
4135	4.24612e+20
4136	4.24359e+20
4137	4.24107e+20
4138	4.23854e+20
4139	4.23602e+20
4140	4.2335e+20
4141	4.23099e+20
4142	4.22847e+20
4143	4.22596e+20
4144	4.22345e+20
4145	4.22094e+20
4146	4.21843e+20
4147	4.21593e+20
4148	4.21342e+20
4149	4.21092e+20
4150	4.20842e+20
4151	4.20593e+20
4152	4.20343e+20
4153	4.20094e+20
4154	4.19845e+20
4155	4.19596e+20
4156	4.19347e+20
4157	4.19099e+20
4158	4.1885e+20
4159	4.18602e+20
4160	4.18354e+20
4161	4.18107e+20
4162	4.17859e+20
4163	4.17612e+20
4164	4.17365e+20
4165	4.17118e+20
4166	4.16871e+20
4167	4.16625e+20
4168	4.16378e+20
4169	4.16132e+20
4170	4.15886e+20
4171	4.1564e+20
4172	4.15395e+20
4173	4.1515e+20
4174	4.14904e+20
4175	4.1466e+20
4176	4.14415e+20
4177	4.1417e+20
4178	4.13926e+20
4179	4.13682e+20
4180	4.13438e+20
4181	4.13194e+20
4182	4.1295e+20
4183	4.12707e+20
4184	4.12464e+20
4185	4.12221e+20
4186	4.11978e+20
4187	4.11735e+20
4188	4.11493e+20
4189	4.11251e+20
4190	4.11009e+20
4191	4.10767e+20
4192	4.10525e+20
4193	4.10284e+20
4194	4.10042e+20
4195	4.09801e+20
4196	4.0956e+20
4197	4.0932e+20
4198	4.09079e+20
4199	4.08839e+20
4200	4.08599e+20
4201	4.08359e+20
4202	4.08119e+20
4203	4.07879e+20
4204	4.0764e+20
4205	4.07401e+20
4206	4.07162e+20
4207	4.06923e+20
4208	4.06685e+20
4209	4.06446e+20
4210	4.06208e+20
4211	4.0597e+20
4212	4.05732e+20
4213	4.05494e+20
4214	4.05257e+20
4215	4.0502e+20
4216	4.04782e+20
4217	4.04546e+20
4218	4.04309e+20
4219	4.04072e+20
4220	4.03836e+20
4221	4.036e+20
4222	4.03364e+20
4223	4.03128e+20
4224	4.02892e+20
4225	4.02657e+20
4226	4.02422e+20
4227	4.02187e+20
4228	4.01952e+20
4229	4.01717e+20
4230	4.01483e+20
4231	4.01248e+20
4232	4.01014e+20
4233	4.0078e+20
4234	4.00546e+20
4235	4.00313e+20
4236	4.00079e+20
4237	3.99846e+20
4238	3.99613e+20
4239	3.9938e+20
4240	3.99148e+20
4241	3.98915e+20
4242	3.98683e+20
4243	3.98451e+20
4244	3.98219e+20
4245	3.97987e+20
4246	3.97756e+20
4247	3.97524e+20
4248	3.97293e+20
4249	3.97062e+20
4250	3.96831e+20
4251	3.966e+20
4252	3.9637e+20
4253	3.9614e+20
4254	3.9591e+20
4255	3.9568e+20
4256	3.9545e+20
4257	3.9522e+20
4258	3.94991e+20
4259	3.94762e+20
4260	3.94533e+20
4261	3.94304e+20
4262	3.94075e+20
4263	3.93847e+20
4264	3.93618e+20
4265	3.9339e+20
4266	3.93162e+20
4267	3.92934e+20
4268	3.92707e+20
4269	3.92479e+20
4270	3.92252e+20
4271	3.92025e+20
4272	3.91798e+20
4273	3.91571e+20
4274	3.91345e+20
4275	3.91118e+20
4276	3.90892e+20
4277	3.90666e+20
4278	3.9044e+20
4279	3.90215e+20
4280	3.89989e+20
4281	3.89764e+20
4282	3.89539e+20
4283	3.89314e+20
4284	3.89089e+20
4285	3.88864e+20
4286	3.8864e+20
4287	3.88416e+20
4288	3.88192e+20
4289	3.87968e+20
4290	3.87744e+20
4291	3.87521e+20
4292	3.87297e+20
4293	3.87074e+20
4294	3.86851e+20
4295	3.86628e+20
4296	3.86405e+20
4297	3.86183e+20
4298	3.8596e+20
4299	3.85738e+20
4300	3.85516e+20
4301	3.85294e+20
4302	3.85073e+20
4303	3.84851e+20
4304	3.8463e+20
4305	3.84409e+20
4306	3.84188e+20
4307	3.83967e+20
4308	3.83746e+20
4309	3.83526e+20
4310	3.83306e+20
4311	3.83086e+20
4312	3.82866e+20
4313	3.82646e+20
4314	3.82426e+20
4315	3.82207e+20
4316	3.81988e+20
4317	3.81768e+20
4318	3.81549e+20
4319	3.81331e+20
4320	3.81112e+20
4321	3.80894e+20
4322	3.80675e+20
4323	3.80457e+20
4324	3.80239e+20
4325	3.80022e+20
4326	3.79804e+20
4327	3.79587e+20
4328	3.79369e+20
4329	3.79152e+20
4330	3.78935e+20
4331	3.78719e+20
4332	3.78502e+20
4333	3.78286e+20
4334	3.7807e+20
4335	3.77853e+20
4336	3.77638e+20
4337	3.77422e+20
4338	3.77206e+20
4339	3.76991e+20
4340	3.76776e+20
4341	3.7656e+20
4342	3.76346e+20
4343	3.76131e+20
4344	3.75916e+20
4345	3.75702e+20
4346	3.75488e+20
4347	3.75274e+20
4348	3.7506e+20
4349	3.74846e+20
4350	3.74632e+20
4351	3.74419e+20
4352	3.74206e+20
4353	3.73992e+20
4354	3.73779e+20
4355	3.73567e+20
4356	3.73354e+20
4357	3.73142e+20
4358	3.72929e+20
4359	3.72717e+20
4360	3.72505e+20
4361	3.72293e+20
4362	3.72082e+20
4363	3.7187e+20
4364	3.71659e+20
4365	3.71448e+20
4366	3.71237e+20
4367	3.71026e+20
4368	3.70815e+20
4369	3.70605e+20
4370	3.70395e+20
4371	3.70184e+20
4372	3.69974e+20
4373	3.69765e+20
4374	3.69555e+20
4375	3.69345e+20
4376	3.69136e+20
4377	3.68927e+20
4378	3.68718e+20
4379	3.68509e+20
4380	3.683e+20
4381	3.68091e+20
4382	3.67883e+20
4383	3.67675e+20
4384	3.67467e+20
4385	3.67259e+20
4386	3.67051e+20
4387	3.66843e+20
4388	3.66636e+20
4389	3.66428e+20
4390	3.66221e+20
4391	3.66014e+20
4392	3.65807e+20
4393	3.65601e+20
4394	3.65394e+20
4395	3.65188e+20
4396	3.64982e+20
4397	3.64776e+20
4398	3.6457e+20
4399	3.64364e+20
4400	3.64158e+20
4401	3.63953e+20
4402	3.63748e+20
4403	3.63543e+20
4404	3.63338e+20
4405	3.63133e+20
4406	3.62928e+20
4407	3.62724e+20
4408	3.62519e+20
4409	3.62315e+20
4410	3.62111e+20
4411	3.61907e+20
4412	3.61704e+20
4413	3.615e+20
4414	3.61297e+20
4415	3.61093e+20
4416	3.6089e+20
4417	3.60687e+20
4418	3.60484e+20
4419	3.60282e+20
4420	3.60079e+20
4421	3.59877e+20
4422	3.59675e+20
4423	3.59473e+20
4424	3.59271e+20
4425	3.59069e+20
4426	3.58868e+20
4427	3.58666e+20
4428	3.58465e+20
4429	3.58264e+20
4430	3.58063e+20
4431	3.57862e+20
4432	3.57661e+20
4433	3.57461e+20
4434	3.57261e+20
4435	3.5706e+20
4436	3.5686e+20
4437	3.5666e+20
4438	3.56461e+20
4439	3.56261e+20
4440	3.56062e+20
4441	3.55862e+20
4442	3.55663e+20
4443	3.55464e+20
4444	3.55265e+20
4445	3.55067e+20
4446	3.54868e+20
4447	3.5467e+20
4448	3.54471e+20
4449	3.54273e+20
4450	3.54075e+20
4451	3.53878e+20
4452	3.5368e+20
4453	3.53482e+20
4454	3.53285e+20
4455	3.53088e+20
4456	3.52891e+20
4457	3.52694e+20
4458	3.52497e+20
4459	3.523e+20
4460	3.52104e+20
4461	3.51908e+20
4462	3.51711e+20
4463	3.51515e+20
4464	3.5132e+20
4465	3.51124e+20
4466	3.50928e+20
4467	3.50733e+20
4468	3.50538e+20
4469	3.50342e+20
4470	3.50147e+20
4471	3.49953e+20
4472	3.49758e+20
4473	3.49563e+20
4474	3.49369e+20
4475	3.49175e+20
4476	3.4898e+20
4477	3.48786e+20
4478	3.48593e+20
4479	3.48399e+20
4480	3.48205e+20
4481	3.48012e+20
4482	3.47819e+20
4483	3.47626e+20
4484	3.47433e+20
4485	3.4724e+20
4486	3.47047e+20
4487	3.46855e+20
4488	3.46662e+20
4489	3.4647e+20
4490	3.46278e+20
4491	3.46086e+20
4492	3.45894e+20
4493	3.45702e+20
4494	3.45511e+20
4495	3.45319e+20
4496	3.45128e+20
4497	3.44937e+20
4498	3.44746e+20
4499	3.44555e+20
4500	3.44365e+20
4501	3.44174e+20
4502	3.43984e+20
4503	3.43794e+20
4504	3.43603e+20
4505	3.43413e+20
4506	3.43224e+20
4507	3.43034e+20
4508	3.42844e+20
4509	3.42655e+20
4510	3.42466e+20
4511	3.42277e+20
4512	3.42088e+20
4513	3.41899e+20
4514	3.4171e+20
4515	3.41522e+20
4516	3.41333e+20
4517	3.41145e+20
4518	3.40957e+20
4519	3.40769e+20
4520	3.40581e+20
4521	3.40393e+20
4522	3.40206e+20
4523	3.40018e+20
4524	3.39831e+20
4525	3.39644e+20
4526	3.39457e+20
4527	3.3927e+20
4528	3.39083e+20
4529	3.38896e+20
4530	3.3871e+20
4531	3.38524e+20
4532	3.38337e+20
4533	3.38151e+20
4534	3.37965e+20
4535	3.3778e+20
4536	3.37594e+20
4537	3.37408e+20
4538	3.37223e+20
4539	3.37038e+20
4540	3.36853e+20
4541	3.36668e+20
4542	3.36483e+20
4543	3.36298e+20
4544	3.36114e+20
4545	3.35929e+20
4546	3.35745e+20
4547	3.35561e+20
4548	3.35377e+20
4549	3.35193e+20
4550	3.35009e+20
4551	3.34826e+20
4552	3.34642e+20
4553	3.34459e+20
4554	3.34276e+20
4555	3.34093e+20
4556	3.3391e+20
4557	3.33727e+20
4558	3.33544e+20
4559	3.33362e+20
4560	3.33179e+20
4561	3.32997e+20
4562	3.32815e+20
4563	3.32633e+20
4564	3.32451e+20
4565	3.32269e+20
4566	3.32088e+20
4567	3.31906e+20
4568	3.31725e+20
4569	3.31544e+20
4570	3.31363e+20
4571	3.31182e+20
4572	3.31001e+20
4573	3.3082e+20
4574	3.3064e+20
4575	3.3046e+20
4576	3.30279e+20
4577	3.30099e+20
4578	3.29919e+20
4579	3.29739e+20
4580	3.2956e+20
4581	3.2938e+20
4582	3.29201e+20
4583	3.29021e+20
4584	3.28842e+20
4585	3.28663e+20
4586	3.28484e+20
4587	3.28305e+20
4588	3.28127e+20
4589	3.27948e+20
4590	3.2777e+20
4591	3.27591e+20
4592	3.27413e+20
4593	3.27235e+20
4594	3.27057e+20
4595	3.26879e+20
4596	3.26702e+20
4597	3.26524e+20
4598	3.26347e+20
4599	3.2617e+20
4600	3.25993e+20
4601	3.25816e+20
4602	3.25639e+20
4603	3.25462e+20
4604	3.25285e+20
4605	3.25109e+20
4606	3.24933e+20
4607	3.24756e+20
4608	3.2458e+20
4609	3.24404e+20
4610	3.24229e+20
4611	3.24053e+20
4612	3.23877e+20
4613	3.23702e+20
4614	3.23527e+20
4615	3.23351e+20
4616	3.23176e+20
4617	3.23001e+20
4618	3.22827e+20
4619	3.22652e+20
4620	3.22477e+20
4621	3.22303e+20
4622	3.22129e+20
4623	3.21955e+20
4624	3.2178e+20
4625	3.21607e+20
4626	3.21433e+20
4627	3.21259e+20
4628	3.21086e+20
4629	3.20912e+20
4630	3.20739e+20
4631	3.20566e+20
4632	3.20393e+20
4633	3.2022e+20
4634	3.20047e+20
4635	3.19874e+20
4636	3.19702e+20
4637	3.19529e+20
4638	3.19357e+20
4639	3.19185e+20
4640	3.19013e+20
4641	3.18841e+20
4642	3.18669e+20
4643	3.18498e+20
4644	3.18326e+20
4645	3.18155e+20
4646	3.17983e+20
4647	3.17812e+20
4648	3.17641e+20
4649	3.1747e+20
4650	3.173e+20
4651	3.17129e+20
4652	3.16958e+20
4653	3.16788e+20
4654	3.16618e+20
4655	3.16447e+20
4656	3.16277e+20
4657	3.16107e+20
4658	3.15938e+20
4659	3.15768e+20
4660	3.15598e+20
4661	3.15429e+20
4662	3.1526e+20
4663	3.1509e+20
4664	3.14921e+20
4665	3.14752e+20
4666	3.14584e+20
4667	3.14415e+20
4668	3.14246e+20
4669	3.14078e+20
4670	3.1391e+20
4671	3.13741e+20
4672	3.13573e+20
4673	3.13405e+20
4674	3.13237e+20
4675	3.1307e+20
4676	3.12902e+20
4677	3.12735e+20
4678	3.12567e+20
4679	3.124e+20
4680	3.12233e+20
4681	3.12066e+20
4682	3.11899e+20
4683	3.11732e+20
4684	3.11566e+20
4685	3.11399e+20
4686	3.11233e+20
4687	3.11066e+20
4688	3.109e+20
4689	3.10734e+20
4690	3.10568e+20
4691	3.10402e+20
4692	3.10237e+20
4693	3.10071e+20
4694	3.09906e+20
4695	3.0974e+20
4696	3.09575e+20
4697	3.0941e+20
4698	3.09245e+20
4699	3.0908e+20
4700	3.08915e+20
4701	3.08751e+20
4702	3.08586e+20
4703	3.08422e+20
4704	3.08258e+20
4705	3.08093e+20
4706	3.07929e+20
4707	3.07765e+20
4708	3.07602e+20
4709	3.07438e+20
4710	3.07274e+20
4711	3.07111e+20
4712	3.06948e+20
4713	3.06784e+20
4714	3.06621e+20
4715	3.06458e+20
4716	3.06295e+20
4717	3.06133e+20
4718	3.0597e+20
4719	3.05808e+20
4720	3.05645e+20
4721	3.05483e+20
4722	3.05321e+20
4723	3.05159e+20
4724	3.04997e+20
4725	3.04835e+20
4726	3.04673e+20
4727	3.04512e+20
4728	3.0435e+20
4729	3.04189e+20
4730	3.04027e+20
4731	3.03866e+20
4732	3.03705e+20
4733	3.03544e+20
4734	3.03384e+20
4735	3.03223e+20
4736	3.03062e+20
4737	3.02902e+20
4738	3.02742e+20
4739	3.02581e+20
4740	3.02421e+20
4741	3.02261e+20
4742	3.02101e+20
4743	3.01942e+20
4744	3.01782e+20
4745	3.01622e+20
4746	3.01463e+20
4747	3.01304e+20
4748	3.01144e+20
4749	3.00985e+20
4750	3.00826e+20
4751	3.00668e+20
4752	3.00509e+20
4753	3.0035e+20
4754	3.00192e+20
4755	3.00033e+20
4756	2.99875e+20
4757	2.99717e+20
4758	2.99559e+20
4759	2.99401e+20
4760	2.99243e+20
4761	2.99085e+20
4762	2.98928e+20
4763	2.9877e+20
4764	2.98613e+20
4765	2.98455e+20
4766	2.98298e+20
4767	2.98141e+20
4768	2.97984e+20
4769	2.97827e+20
4770	2.97671e+20
4771	2.97514e+20
4772	2.97357e+20
4773	2.97201e+20
4774	2.97045e+20
4775	2.96889e+20
4776	2.96732e+20
4777	2.96576e+20
4778	2.96421e+20
4779	2.96265e+20
4780	2.96109e+20
4781	2.95954e+20
4782	2.95798e+20
4783	2.95643e+20
4784	2.95488e+20
4785	2.95333e+20
4786	2.95178e+20
4787	2.95023e+20
4788	2.94868e+20
4789	2.94714e+20
4790	2.94559e+20
4791	2.94405e+20
4792	2.9425e+20
4793	2.94096e+20
4794	2.93942e+20
4795	2.93788e+20
4796	2.93634e+20
4797	2.9348e+20
4798	2.93327e+20
4799	2.93173e+20
4800	2.9302e+20
4801	2.92866e+20
4802	2.92713e+20
4803	2.9256e+20
4804	2.92407e+20
4805	2.92254e+20
4806	2.92101e+20
4807	2.91948e+20
4808	2.91796e+20
4809	2.91643e+20
4810	2.91491e+20
4811	2.91339e+20
4812	2.91187e+20
4813	2.91035e+20
4814	2.90883e+20
4815	2.90731e+20
4816	2.90579e+20
4817	2.90427e+20
4818	2.90276e+20
4819	2.90124e+20
4820	2.89973e+20
4821	2.89822e+20
4822	2.89671e+20
4823	2.8952e+20
4824	2.89369e+20
4825	2.89218e+20
4826	2.89068e+20
4827	2.88917e+20
4828	2.88766e+20
4829	2.88616e+20
4830	2.88466e+20
4831	2.88316e+20
4832	2.88166e+20
4833	2.88016e+20
4834	2.87866e+20
4835	2.87716e+20
4836	2.87567e+20
4837	2.87417e+20
4838	2.87268e+20
4839	2.87118e+20
4840	2.86969e+20
4841	2.8682e+20
4842	2.86671e+20
4843	2.86522e+20
4844	2.86373e+20
4845	2.86225e+20
4846	2.86076e+20
4847	2.85928e+20
4848	2.85779e+20
4849	2.85631e+20
4850	2.85483e+20
4851	2.85335e+20
4852	2.85187e+20
4853	2.85039e+20
4854	2.84891e+20
4855	2.84743e+20
4856	2.84596e+20
4857	2.84448e+20
4858	2.84301e+20
4859	2.84154e+20
4860	2.84007e+20
4861	2.8386e+20
4862	2.83713e+20
4863	2.83566e+20
4864	2.83419e+20
4865	2.83273e+20
4866	2.83126e+20
4867	2.8298e+20
4868	2.82833e+20
4869	2.82687e+20
4870	2.82541e+20
4871	2.82395e+20
4872	2.82249e+20
4873	2.82103e+20
4874	2.81957e+20
4875	2.81812e+20
4876	2.81666e+20
4877	2.81521e+20
4878	2.81376e+20
4879	2.8123e+20
4880	2.81085e+20
4881	2.8094e+20
4882	2.80795e+20
4883	2.80651e+20
4884	2.80506e+20
4885	2.80361e+20
4886	2.80217e+20
4887	2.80072e+20
4888	2.79928e+20
4889	2.79784e+20
4890	2.7964e+20
4891	2.79496e+20
4892	2.79352e+20
4893	2.79208e+20
4894	2.79064e+20
4895	2.78921e+20
4896	2.78777e+20
4897	2.78634e+20
4898	2.7849e+20
4899	2.78347e+20
4900	2.78204e+20
4901	2.78061e+20
4902	2.77918e+20
4903	2.77775e+20
4904	2.77633e+20
4905	2.7749e+20
4906	2.77347e+20
4907	2.77205e+20
4908	2.77063e+20
4909	2.7692e+20
4910	2.76778e+20
4911	2.76636e+20
4912	2.76494e+20
4913	2.76353e+20
4914	2.76211e+20
4915	2.76069e+20
4916	2.75928e+20
4917	2.75786e+20
4918	2.75645e+20
4919	2.75504e+20
4920	2.75362e+20
4921	2.75221e+20
4922	2.7508e+20
4923	2.7494e+20
4924	2.74799e+20
4925	2.74658e+20
4926	2.74518e+20
4927	2.74377e+20
4928	2.74237e+20
4929	2.74096e+20
4930	2.73956e+20
4931	2.73816e+20
4932	2.73676e+20
4933	2.73536e+20
4934	2.73396e+20
4935	2.73257e+20
4936	2.73117e+20
4937	2.72978e+20
4938	2.72838e+20
4939	2.72699e+20
4940	2.7256e+20
4941	2.7242e+20
4942	2.72281e+20
4943	2.72142e+20
4944	2.72004e+20
4945	2.71865e+20
4946	2.71726e+20
4947	2.71588e+20
4948	2.71449e+20
4949	2.71311e+20
4950	2.71173e+20
4951	2.71034e+20
4952	2.70896e+20
4953	2.70758e+20
4954	2.7062e+20
4955	2.70483e+20
4956	2.70345e+20
4957	2.70207e+20
4958	2.7007e+20
4959	2.69932e+20
4960	2.69795e+20
4961	2.69658e+20
4962	2.69521e+20
4963	2.69384e+20
4964	2.69247e+20
4965	2.6911e+20
4966	2.68973e+20
4967	2.68836e+20
4968	2.687e+20
4969	2.68563e+20
4970	2.68427e+20
4971	2.68291e+20
4972	2.68154e+20
4973	2.68018e+20
4974	2.67882e+20
4975	2.67746e+20
4976	2.6761e+20
4977	2.67475e+20
4978	2.67339e+20
4979	2.67203e+20
4980	2.67068e+20
4981	2.66933e+20
4982	2.66797e+20
4983	2.66662e+20
4984	2.66527e+20
4985	2.66392e+20
4986	2.66257e+20
4987	2.66122e+20
4988	2.65987e+20
4989	2.65853e+20
4990	2.65718e+20
4991	2.65584e+20
4992	2.65449e+20
4993	2.65315e+20
4994	2.65181e+20
4995	2.65047e+20
4996	2.64913e+20
4997	2.64779e+20
4998	2.64645e+20
4999	2.64511e+20
5000	2.64378e+20
# iterates cost: 84.0793
