# Reading DATA...
# Reading Matrix Successfully!
# Initialize b...
# Initialize b sucessfully!
BICG
0	5.34637e+11
1	1.31483e+11	
2	8.97491e+10	
3	6.39159e+10	
4	4.91171e+10	
5	3.77873e+10	
6	3.29262e+10	
7	2.91121e+10	
8	2.61629e+10	
9	1.85505e+10	
10	1.46736e+10	
11	2.35151e+10	
12	2.02638e+10	
13	1.2725e+10	
14	1.93257e+10	
15	8.09024e+09	
16	1.28634e+10	
17	4.80808e+09	
18	7.09079e+09	
19	4.04301e+09	
20	4.46573e+09	
21	2.55605e+09	
22	4.17708e+09	
23	4.39735e+09	
24	3.61013e+09	
25	2.85237e+09	
26	3.1909e+09	
27	1.59538e+09	
28	1.44519e+09	
29	1.34345e+09	
30	1.3843e+09	
31	1.03331e+09	
32	5.65329e+08	
33	4.54357e+08	
34	1.16442e+09	
35	4.20684e+08	
36	3.54881e+08	
37	3.81009e+08	
38	3.86785e+08	
39	5.49592e+08	
40	4.08141e+08	
41	3.15582e+08	
42	5.07183e+08	
43	2.24962e+09	
44	2.28858e+08	
45	3.28469e+08	
46	3.20129e+08	
47	2.25723e+08	
48	1.76551e+08	
49	2.11936e+08	
50	1.38693e+08	
51	1.82377e+08	
52	1.66828e+08	
53	1.4356e+08	
54	1.59986e+08	
55	1.76056e+08	
56	3.53515e+08	
57	7.57263e+07	
58	1.20767e+08	
59	2.67641e+08	
60	1.47784e+08	
61	1.27574e+08	
62	1.06877e+08	
63	3.88775e+10	
64	5.44164e+07	
65	6.31808e+07	
66	4.41086e+07	
67	3.39493e+07	
68	1.37236e+08	
69	5.54905e+07	
70	1.06488e+10	
71	3.54676e+07	
72	5.54364e+07	
73	1.69954e+08	
74	3.29205e+07	
75	1.35564e+08	
76	7.68768e+07	
77	2.61022e+08	
78	1.17081e+08	
79	6.86093e+07	
80	1.45261e+08	
81	1.05843e+08	
82	4.86831e+08	
83	1.65966e+08	
84	4.06358e+08	
85	1.1872e+08	
86	2.62063e+08	
87	4.93774e+08	
88	1.4083e+08	
89	2.34137e+08	
90	1.37603e+08	
91	5.77113e+09	
92	3.23565e+08	
93	5.12336e+08	
94	7.30293e+07	
95	1.14053e+10	
96	2.70087e+07	
97	2.8269e+08	
98	1.08202e+08	
99	3.09279e+07	
100	4.38995e+07	
101	2.38862e+09	
102	3.40029e+07	
103	1.97478e+07	
104	1.18415e+11	
105	5.44712e+07	
106	1.42319e+07	
107	2.5356e+07	
108	1.96545e+07	
109	1.42388e+07	
110	1.45906e+07	
111	1.51371e+07	
112	1.01284e+07	
113	1.24606e+07	
114	8.24083e+06	
115	2.75972e+07	
116	5.71768e+06	
117	4.26643e+07	
118	8.65491e+06	
119	1.09581e+08	
120	4.27832e+07	
121	1.06319e+07	
122	2.31106e+07	
123	5.11878e+06	
124	5.43776e+07	
125	4.06e+06	
126	5.68086e+06	
127	1.28187e+07	
128	1.0022e+06	
129	1.08762e+07	
130	469262	
131	6.83328e+09	
132	1.33255e+06	
133	8.02899e+07	
134	2.76216e+06	
135	505514	
136	547246	
137	6.17063e+06	
138	366522	
139	73984.3	
140	195203	
141	48764.1	
142	475587	
143	141659	
144	395504	
145	52129.9	
146	6.07072e+06	
147	7.04073e+07	
148	17212.6	
149	35574.6	
150	74158	
151	12888.8	
152	253990	
153	4.19477e+06	
154	28268.6	
155	563055	
156	826189	
157	1.14722e+07	
158	264697	
159	139563	
160	39883.2	
161	723431	
162	32749.8	
163	16286.1	
164	72464.1	
165	322347	
166	785393	
167	533851	
168	105304	
169	43891.2	
170	5.86303e+06	
171	667638	
172	354229	
173	3629.12	
174	24142.8	
175	206107	
176	38359.5	
177	42831.6	
178	14256.1	
179	30579.7	
180	11701.4	
181	32649.7	
182	14032.3	
183	11314.4	
184	5.30038e+06	
185	10341.3	
186	15662.7	
187	119121	
188	8259.12	
189	26793	
190	4456.33	
191	520909	
192	704.186	
193	19434.8	
194	45806.4	
195	14610.5	
196	1517.95	
197	10457	
198	14723.3	
199	7630.49	
200	13698.5	
201	1.19861e+07	
202	491813	
203	5173.08	
204	3891.04	
205	12287.4	
206	15002	
207	2490.46	
208	56554.3	
209	7928.53	
210	1310.72	
211	12149.1	
212	45191.2	
213	32982.6	
214	33534.3	
215	37897.5	
216	11355.5	
217	10350.6	
218	1.67105e+07	
219	775508	
220	6905.66	
221	30300.8	
222	22085.7	
223	671838	
224	48899.4	
225	19732.2	
226	21233.8	
227	1294.45	
228	283195	
229	12395.3	
230	11307.2	
231	6362.61	
232	12421.4	
233	8228.16	
234	5311.45	
235	35711	
236	4.13347e+07	
237	3637.04	
238	4049.6	
239	3264.03	
240	986.732	
241	155.677	
242	170281	
243	87.054	
244	120.288	
245	82.9513	
246	119.341	
247	47.0808	
248	9.43057	
249	10.5831	
250	6.55916	
251	12.5197	
252	2.82609	
253	4.5806	
254	2.29702	
255	1.94554	
256	2.63311	
257	26.7565	
258	11.2406	
259	3017.13	
260	15.3086	
261	8.68967	
262	5.36075	
263	0.21493	
264	2.18631	
265	36.9229	
266	2.21159	
267	0.91195	
268	24.6247	
269	369.727	
270	0.853658	
271	0.697323	
272	0.340043	
273	2.08403	
274	0.0999099	
275	0.0224986	
276	0.475617	
277	0.567654	
278	0.0145401	
279	0.0366287	
280	0.226904	
281	0.00532202	
282	0.00676067	
283	0.00268118	
284	0.0131057	
285	0.0102398	
286	0.000323184	
287	0.000245121	
288	0.0058339	
289	3.55442e-05	
290	1.14815e-05	
291	0.00252154	
292	0.0892032	
293	2.85067e-06	
294	1.7476e-06	
295	1.71271e-05	
296	7.34158e-06	
297	8.7104e-06	
298	5.54137e-06	
299	1.27113e-06	
300	0.000157946	
301	8.98594e-07	
302	8.52261e-08	
303	6.1082e-08	
304	1.19094e-08	
305	6.82799e-07	
306	5.85619e-08	
307	1.02175e-08	
308	3.51175e-09	
309	3.72898e-09	
310	1.88363e-09	
311	5.72913e-10	
312	1.86603e-09	
313	5.00907e-10	
314	8.39152e-10	
315	3.17835e-09	
316	1.0544e-09	
317	7.3826e-10	
318	3.7257e-09	
319	3.60256e-09	
320	3.50187e-10	
321	6.46629e-13	
322	5.00028e-13	
323	3.64134e-14	
324	4.54739e-14	
325	3.39174e-15	
326	1.6958e-14	
327	6.70401e-16	
328	4.76826e-16	
329	5.42811e-18	
330	1.65253e-16	
331	1.70532e-16	
332	6.77006e-19	
333	1.83737e-19	
334	6.60597e-20	
335	7.81203e-20	
336	8.10101e-21	
# iterates cost: 0.133958
