# Reading DATA...
# Reading Matrix Successfully!
# Initialize b...
# Initialize b sucessfully!
BICG
0	1.64022e+15
1	5.10532e+14	
2	2.41787e+14	
3	1.36377e+14	
4	9.14547e+13	
5	6.5215e+13	
6	8.43269e+13	
7	4.94972e+13	
8	3.08916e+13	
9	2.58434e+13	
10	2.93323e+13	
11	1.50943e+13	
12	7.12266e+12	
13	4.82363e+12	
14	7.15143e+12	
15	7.84363e+12	
16	6.25558e+12	
17	8.65412e+12	
18	4.82805e+12	
19	1.67581e+12	
20	1.39164e+12	
21	1.08762e+12	
22	6.69332e+11	
23	6.76026e+11	
24	7.6767e+11	
25	7.10357e+11	
26	6.22335e+11	
27	5.3893e+11	
28	6.83046e+11	
29	8.10251e+11	
30	8.17235e+11	
31	7.53146e+11	
32	5.76917e+11	
33	6.43035e+11	
34	5.34986e+11	
35	3.35471e+11	
36	3.67113e+11	
37	4.7502e+11	
38	4.4743e+11	
39	4.49936e+11	
40	4.6379e+11	
41	4.07436e+11	
42	4.17938e+11	
43	2.82121e+11	
44	2.22843e+11	
45	2.90689e+11	
46	2.2791e+11	
47	1.56528e+11	
48	1.23706e+11	
49	1.01807e+11	
50	1.10272e+11	
51	7.56404e+10	
52	9.02035e+10	
53	6.50999e+10	
54	5.54221e+10	
55	3.86114e+10	
56	3.43739e+10	
57	2.2079e+10	
58	1.56115e+10	
59	1.64162e+10	
60	1.34462e+10	
61	1.06698e+10	
62	8.68135e+09	
63	8.5215e+09	
64	8.27553e+09	
65	7.39623e+09	
66	9.1116e+09	
67	9.54856e+09	
68	6.46288e+09	
69	7.10426e+09	
70	5.30246e+09	
71	4.72059e+09	
72	5.95056e+09	
73	6.37001e+09	
74	5.79304e+09	
75	4.95429e+09	
76	6.39018e+09	
77	8.27137e+09	
78	7.41295e+09	
79	6.91493e+09	
80	8.7071e+09	
81	7.40191e+09	
82	1.12873e+10	
83	1.1392e+10	
84	1.07257e+10	
85	1.23696e+10	
86	1.16723e+10	
87	9.56542e+09	
88	7.97537e+09	
89	7.90701e+09	
90	7.26506e+09	
91	1.07552e+10	
92	8.35994e+09	
93	6.01925e+09	
94	6.60214e+09	
95	5.14959e+09	
96	4.70746e+09	
97	5.0764e+09	
98	4.02137e+09	
99	4.59111e+09	
100	5.04893e+09	
101	5.68121e+10	
102	1.5631e+10	
103	5.28809e+09	
104	3.28671e+09	
105	2.34705e+09	
106	2.96444e+09	
107	1.94301e+09	
108	1.46666e+09	
109	1.05224e+09	
110	1.34004e+09	
111	1.63081e+09	
112	6.63637e+08	
113	1.29107e+09	
114	1.0217e+11	
115	1.65966e+09	
116	4.18893e+08	
117	2.41397e+08	
118	2.42132e+08	
119	2.8853e+08	
120	2.70296e+08	
121	2.92124e+08	
122	3.15095e+08	
123	3.01028e+08	
124	3.52136e+08	
125	2.96735e+08	
126	2.83497e+08	
127	3.38048e+08	
128	4.74761e+08	
129	3.10094e+08	
130	2.47607e+08	
131	2.91804e+08	
132	2.35733e+08	
133	2.83485e+08	
134	2.58889e+08	
135	5.79391e+08	
136	1.07437e+09	
137	3.54614e+08	
138	5.01281e+08	
139	4.32202e+08	
140	3.62111e+08	
141	3.86238e+08	
142	4.11745e+08	
143	6.60459e+08	
144	4.44702e+08	
145	3.54215e+08	
146	3.85091e+08	
147	1.34847e+09	
148	3.27922e+08	
149	2.47275e+08	
150	6.91875e+08	
151	3.98412e+09	
152	2.68449e+08	
153	2.27203e+08	
154	2.20159e+08	
155	2.96902e+08	
156	2.72201e+08	
157	3.20019e+08	
158	3.88829e+08	
159	2.98917e+08	
160	4.1317e+08	
161	4.36168e+08	
162	4.85403e+08	
163	6.45205e+08	
164	4.44844e+08	
165	4.36161e+08	
166	8.72345e+08	
167	1.86463e+10	
168	5.03833e+09	
169	9.32419e+08	
170	4.30821e+08	
171	5.92312e+08	
172	7.76318e+08	
173	1.19129e+09	
174	8.4401e+08	
175	9.13023e+08	
176	6.25672e+08	
177	2.24723e+09	
178	1.51907e+11	
179	1.42816e+09	
180	4.85928e+08	
181	3.58866e+08	
182	2.7467e+08	
183	2.77255e+08	
184	3.26754e+08	
185	2.64161e+08	
186	1.63081e+08	
187	1.51069e+08	
188	1.42945e+08	
189	1.5202e+08	
190	2.63257e+08	
191	1.62135e+08	
192	2.93923e+08	
193	2.53321e+08	
194	3.37149e+08	
195	3.31893e+08	
196	3.56143e+09	
197	2.09192e+08	
198	2.47441e+08	
199	1.79943e+08	
200	2.25623e+08	
201	1.91644e+08	
202	1.28087e+08	
203	1.79309e+08	
204	9.59117e+07	
205	1.43239e+08	
206	1.24652e+08	
207	1.02394e+08	
208	1.46213e+08	
209	8.04145e+07	
210	1.56104e+10	
211	9.06988e+07	
212	1.08977e+08	
213	1.01364e+09	
214	2.80366e+08	
215	2.38153e+09	
216	3.42889e+08	
217	6.2048e+08	
218	8.60334e+08	
219	2.37797e+09	
220	1.61422e+08	
221	2.79419e+08	
222	2.84216e+09	
223	7.84226e+07	
224	4.0092e+11	
225	1.48897e+08	
226	3.54135e+08	
227	1.26157e+08	
228	2.45635e+08	
229	1.27562e+08	
230	3.22828e+08	
231	5.20689e+08	
232	2.6987e+08	
233	2.48292e+08	
234	5.30009e+07	
235	2.33337e+08	
236	4.68681e+07	
237	6.3459e+07	
238	1.29794e+08	
239	7.29816e+07	
240	7.94731e+07	
241	5.2072e+07	
242	6.19475e+07	
243	9.94243e+07	
244	7.229e+07	
245	6.90843e+08	
246	1.05124e+09	
247	3.4031e+09	
248	1.17262e+10	
249	1.69605e+09	
250	2.58702e+08	
251	7.58506e+08	
252	4.93045e+08	
253	8.49235e+07	
254	1.81938e+10	
255	8.15205e+07	
256	9.33259e+07	
257	6.09383e+07	
258	4.62061e+07	
259	4.76072e+07	
260	9.62108e+07	
261	4.91822e+07	
262	1.0503e+08	
263	8.88529e+07	
264	7.91151e+07	
265	6.37047e+07	
266	1.17246e+08	
267	3.55992e+08	
268	4.68335e+07	
269	5.15981e+07	
270	1.63992e+08	
271	8.34621e+07	
272	6.87065e+07	
273	5.33632e+07	
274	7.05714e+07	
275	5.09862e+07	
276	5.07897e+07	
277	7.03616e+07	
278	7.31094e+07	
279	6.48788e+07	
280	8.13119e+07	
281	5.80721e+07	
282	1.78931e+08	
283	2.16747e+08	
284	1.57917e+08	
285	5.35645e+07	
286	2.35783e+08	
287	1.0004e+09	
288	1.39278e+09	
289	9.23989e+07	
290	5.41304e+07	
291	5.94755e+07	
292	6.55234e+07	
293	5.41702e+07	
294	2.19409e+09	
295	7.18645e+07	
296	3.81743e+10	
297	9.2319e+07	
298	1.2183e+08	
299	1.84979e+08	
300	9.42748e+07	
301	1.66859e+08	
302	1.71086e+09	
303	7.18423e+07	
304	1.65408e+08	
305	1.36602e+08	
306	1.38828e+08	
307	1.17185e+08	
308	9.93607e+07	
309	2.19885e+08	
310	1.12611e+09	
311	4.45221e+09	
312	1.17526e+09	
313	2.61645e+08	
314	1.66658e+09	
315	2.63532e+09	
316	2.3592e+08	
317	2.09463e+08	
318	1.45988e+08	
319	2.22143e+08	
320	7.98404e+07	
321	2.31379e+08	
322	2.46357e+09	
323	1.02117e+09	
324	1.42331e+08	
325	1.69326e+08	
326	1.157e+08	
327	3.95444e+08	
328	1.20586e+08	
329	1.67565e+08	
330	1.54274e+08	
331	2.40655e+08	
332	1.90233e+09	
333	3.64761e+08	
334	4.04257e+08	
335	2.47412e+08	
336	5.98918e+08	
337	1.95939e+08	
338	6.76655e+08	
339	1.95502e+08	
340	4.69713e+09	
341	5.38723e+08	
342	1.70334e+10	
343	1.15435e+09	
344	2.13152e+09	
345	3.90092e+09	
346	1.39172e+10	
347	8.4468e+10	
348	1.33123e+10	
349	3.4812e+09	
350	2.15682e+11	
351	1.41026e+09	
352	1.3662e+09	
353	7.0146e+08	
354	1.1975e+09	
355	6.56497e+08	
356	1.0261e+09	
357	8.02723e+08	
358	7.90636e+08	
359	7.75782e+08	
360	7.03257e+08	
361	1.43471e+09	
362	8.6731e+08	
363	1.6303e+09	
364	2.48946e+09	
365	9.89971e+08	
366	1.86753e+09	
367	1.66545e+09	
368	1.15062e+10	
369	2.3502e+09	
370	6.44257e+08	
371	1.20368e+09	
372	3.50443e+08	
373	9.51122e+08	
374	5.14586e+08	
375	1.13275e+09	
376	7.82138e+08	
377	1.40062e+09	
378	6.24168e+09	
379	6.29595e+10	
380	1.2235e+09	
381	2.34067e+09	
382	1.73125e+09	
383	1.07545e+09	
384	6.72882e+08	
385	5.29708e+09	
386	8.52704e+08	
387	2.31083e+09	
388	2.70819e+08	
389	2.69597e+09	
390	5.76303e+08	
391	3.81175e+09	
392	1.23162e+09	
393	4.81714e+09	
394	3.26395e+10	
395	1.85767e+10	
396	1.24102e+10	
397	4.01878e+10	
398	5.23511e+10	
399	8.36537e+11	
400	7.44745e+09	
401	4.13172e+09	
402	1.28882e+11	
403	1.00811e+10	
404	1.05324e+10	
405	1.69719e+09	
406	5.23448e+08	
407	1.14973e+08	
408	2.64438e+08	
409	1.01704e+08	
410	2.79209e+08	
411	2.63721e+08	
412	1.06351e+08	
413	3.51088e+08	
414	1.19272e+08	
415	1.80629e+08	
416	8.41174e+08	
417	2.88154e+08	
418	1.04319e+08	
419	3.39544e+08	
420	5.23193e+08	
421	2.48605e+08	
422	1.27728e+08	
423	6.74099e+09	
424	2.17464e+08	
425	3.33068e+08	
426	8.91366e+08	
427	1.43552e+09	
428	4.27434e+08	
429	2.74393e+08	
430	1.54795e+08	
431	8.92844e+08	
432	2.71666e+11	
433	3.20102e+09	
434	4.23965e+08	
435	1.29023e+09	
436	1.46652e+09	
437	3.92926e+08	
438	2.14496e+08	
439	4.28644e+09	
440	1.37024e+10	
441	1.08461e+09	
442	6.50807e+08	
443	9.32784e+08	
444	2.58185e+08	
445	3.84566e+08	
446	2.35563e+08	
447	2.57208e+08	
448	1.21306e+08	
449	4.53286e+08	
450	4.29644e+08	
451	8.21138e+08	
452	6.50426e+09	
453	3.6179e+08	
454	6.40016e+08	
455	1.09374e+08	
456	4.28505e+08	
457	1.06786e+08	
458	1.25082e+08	
459	1.01221e+08	
460	2.03404e+08	
461	6.2852e+09	
462	4.89758e+08	
463	1.69452e+08	
464	3.75939e+08	
465	1.00336e+09	
466	7.68919e+07	
467	1.57484e+08	
468	1.13001e+08	
469	1.02752e+08	
470	1.37112e+08	
471	1.13946e+08	
472	8.5854e+07	
473	2.63446e+08	
474	2.36591e+08	
475	1.85076e+09	
476	2.00433e+09	
477	4.81638e+08	
478	3.72213e+08	
479	1.10248e+08	
480	3.25977e+08	
481	1.85991e+08	
482	2.67527e+08	
483	1.68384e+08	
484	1.04489e+08	
485	1.50898e+08	
486	1.06971e+08	
487	8.60568e+07	
488	1.51362e+08	
489	1.50886e+08	
490	7.95634e+07	
491	2.08654e+08	
492	1.32095e+08	
493	3.25863e+08	
494	9.43351e+07	
495	1.63347e+08	
496	8.5243e+07	
497	1.49471e+08	
498	1.19188e+08	
499	1.1896e+08	
500	3.08903e+08	
501	1.24371e+08	
502	7.22323e+07	
503	6.15182e+07	
504	4.55873e+09	
505	4.75826e+08	
506	2.85401e+09	
507	4.80168e+08	
508	3.52447e+09	
509	9.87319e+07	
510	1.9569e+08	
511	5.81704e+08	
512	4.71069e+07	
513	5.18093e+07	
514	4.30536e+07	
515	8.48339e+07	
516	6.13724e+08	
517	1.41843e+08	
518	3.73946e+07	
519	4.95212e+07	
520	4.5622e+07	
521	4.99863e+07	
522	5.18208e+07	
523	5.51976e+07	
524	5.25759e+07	
525	4.83884e+07	
526	3.85197e+07	
527	4.83976e+07	
528	3.26998e+07	
529	3.17343e+07	
530	2.65935e+07	
531	3.90869e+07	
532	3.96623e+07	
533	3.75747e+07	
534	2.26188e+07	
535	6.79687e+07	
536	1.67711e+08	
537	1.49589e+08	
538	1.992e+08	
539	3.5096e+08	
540	1.19181e+08	
541	1.44702e+11	
542	1.03304e+09	
543	4.81467e+08	
544	4.62663e+08	
545	1.21822e+08	
546	2.8024e+07	
547	5.87503e+07	
548	2.54132e+07	
549	6.44373e+07	
550	1.65642e+07	
551	3.07061e+07	
552	1.13113e+08	
553	1.05275e+08	
554	2.46348e+07	
555	5.6735e+07	
556	1.67299e+07	
557	3.5158e+09	
558	1.42338e+07	
559	9.73108e+07	
560	2.16951e+08	
561	1.73607e+08	
562	4.66271e+07	
563	2.77963e+07	
564	8.41219e+09	
565	2.77649e+07	
566	1.18908e+07	
567	3.65207e+07	
568	1.83188e+08	
569	3.00783e+07	
570	8.28383e+08	
571	1.60236e+08	
572	2.29027e+08	
573	1.56816e+09	
574	2.80799e+07	
575	5.38689e+08	
576	4.23258e+09	
577	3.02604e+08	
578	2.19649e+07	
579	1.93573e+07	
580	2.95061e+06	
581	7.79304e+06	
582	1.23101e+07	
583	6.58978e+06	
584	1.31532e+07	
585	6.18465e+06	
586	6.35306e+06	
587	7.32623e+06	
588	4.30932e+06	
589	9.5193e+06	
590	6.3071e+06	
591	1.13578e+07	
592	9.91654e+06	
593	1.87511e+07	
594	1.22825e+07	
595	5.49502e+08	
596	1.47015e+07	
597	7.38985e+06	
598	1.39764e+07	
599	6.19495e+06	
600	1.74391e+08	
601	2.40598e+07	
602	1.9605e+08	
603	1.22262e+08	
604	9.30306e+07	
605	4.52682e+06	
606	6.9461e+06	
607	3.38729e+06	
608	8.02952e+06	
609	4.92312e+06	
610	6.37442e+06	
611	3.48305e+06	
612	1.00538e+07	
613	6.36164e+06	
614	4.16592e+06	
615	1.12267e+10	
616	7.31715e+06	
617	9.31612e+06	
618	9.82185e+06	
619	8.30853e+06	
620	5.17526e+07	
621	2.1375e+07	
622	7.72399e+06	
623	3.37755e+06	
624	8.45222e+06	
625	6.60256e+06	
626	6.83163e+06	
627	1.39743e+07	
628	3.41104e+07	
629	3.33603e+06	
630	8.03668e+06	
631	3.06119e+06	
632	7.5927e+06	
633	1.39544e+07	
634	4.37693e+06	
635	3.81092e+06	
636	8.46314e+06	
637	2.16833e+06	
638	7.27648e+06	
639	3.03188e+06	
640	3.39503e+06	
641	5.45123e+08	
642	3.01969e+06	
643	5.67833e+06	
644	5.76916e+06	
645	4.34505e+07	
646	8.16986e+06	
647	3.83671e+07	
648	1.90758e+08	
649	4.0677e+09	
650	1.58743e+07	
651	1.30875e+08	
652	8.41698e+06	
653	1.31275e+08	
654	9.31084e+06	
655	1.92191e+06	
656	2.65354e+06	
657	4.15476e+06	
658	1.97519e+06	
659	5.20158e+06	
660	3.33153e+06	
661	6.7178e+06	
662	3.30348e+07	
663	2.1271e+06	
664	2.67634e+08	
665	6.68771e+07	
666	9.86587e+07	
667	2.95254e+08	
668	1.81778e+09	
669	3.42847e+07	
670	6.14336e+07	
671	1.24849e+07	
672	1.21997e+07	
673	1.68959e+07	
674	5.50383e+06	
675	1.35556e+07	
676	2.32124e+07	
677	6.84086e+06	
678	1.15734e+07	
679	5.98604e+06	
680	3.74046e+06	
681	1.78175e+06	
682	7.16407e+06	
683	8.33148e+07	
684	3.47778e+06	
685	4.32553e+06	
686	3.9181e+06	
687	2.10078e+06	
688	2.75088e+06	
689	2.00263e+06	
690	1.64039e+06	
691	3.03264e+06	
692	6.91828e+06	
693	8.10355e+07	
694	2.24091e+06	
695	1.08985e+07	
696	1.60755e+06	
697	9.47417e+06	
698	1.61391e+07	
699	1.4601e+09	
700	1.15611e+07	
701	2.77665e+06	
702	4.69374e+06	
703	3.70414e+06	
704	6.8613e+06	
705	3.42026e+06	
706	2.679e+08	
707	5.94771e+06	
708	4.18857e+06	
709	4.40389e+06	
710	4.33636e+07	
711	4.43084e+06	
712	2.10773e+06	
713	7.58309e+06	
714	4.14095e+06	
715	1.84051e+06	
716	3.69711e+06	
717	2.34216e+06	
718	3.33106e+06	
719	5.92087e+06	
720	3.25663e+06	
721	3.83408e+06	
722	4.20278e+06	
723	5.22737e+06	
724	9.25956e+06	
725	1.18155e+07	
726	7.16396e+06	
727	4.10375e+06	
728	1.39925e+07	
729	3.65368e+07	
730	1.47477e+07	
731	1.21958e+07	
732	4.43265e+07	
733	1.49031e+07	
734	8.13148e+07	
735	6.21589e+07	
736	2.1873e+07	
737	5.8821e+06	
738	1.41345e+07	
739	3.32923e+07	
740	5.78502e+06	
741	3.04239e+07	
742	6.90354e+06	
743	1.48619e+07	
744	2.95693e+06	
745	1.68962e+06	
746	8.97305e+07	
747	2.35987e+06	
748	6.23745e+06	
749	2.43731e+06	
750	4.59367e+06	
751	5.84581e+06	
752	2.6327e+08	
753	2.8188e+07	
754	3.00483e+06	
755	7.14612e+06	
756	2.97245e+06	
757	1.11651e+06	
758	2.16953e+06	
759	970306	
760	1.25925e+06	
761	1.59687e+06	
762	1.9168e+06	
763	1.87008e+06	
764	2.15806e+06	
765	1.60408e+06	
766	1.20209e+08	
767	1.25447e+06	
768	909512	
769	1.63165e+06	
770	1.38966e+06	
771	1.33772e+06	
772	1.33286e+06	
773	1.04359e+06	
774	2.00049e+06	
775	1.81024e+06	
776	2.62962e+06	
777	3.16561e+06	
778	1.74781e+06	
779	844719	
780	3.09852e+07	
781	1.82791e+06	
782	730465	
783	2.11058e+06	
784	1.44619e+06	
785	1.83163e+06	
786	914632	
787	1.97464e+06	
788	6.89682e+06	
789	3.98053e+07	
790	3.16688e+06	
791	1.57868e+06	
792	2.16299e+06	
793	1.10349e+06	
794	1.05979e+06	
795	5.96569e+06	
796	3.81382e+07	
797	3.27777e+06	
798	5.44983e+06	
799	3.41089e+06	
800	2.40301e+06	
801	1.55059e+07	
802	5.99913e+06	
803	980400	
804	5.94019e+06	
805	1.91018e+06	
806	1.06022e+07	
807	2.19349e+06	
808	1.38286e+07	
809	3.10951e+06	
810	2.89509e+07	
811	1.22793e+06	
812	885807	
813	1.13322e+06	
814	1.91859e+06	
815	1.00725e+06	
816	1.13093e+06	
817	925070	
818	886766	
819	1.34751e+06	
820	2.5647e+06	
821	3.26978e+07	
822	840821	
823	1.58549e+06	
824	2.20912e+06	
825	7.01924e+06	
826	5.00699e+06	
827	4.27079e+06	
828	1.37505e+07	
829	2.8778e+07	
830	1.49189e+06	
831	526211	
832	876829	
833	2.77546e+06	
834	1.58824e+07	
835	7.89841e+07	
836	966537	
837	3.06884e+06	
838	5.60474e+06	
839	980241	
840	1.00647e+06	
841	624575	
842	432983	
843	501770	
844	1.34715e+06	
845	441155	
846	728010	
847	2.86354e+06	
848	1.78082e+07	
849	1.78714e+06	
850	654046	
851	1.31783e+06	
852	5.29752e+06	
853	365512	
854	491094	
855	1.15589e+06	
856	667968	
857	574159	
858	404992	
859	334511	
860	243073	
861	368986	
862	611713	
863	634053	
864	712275	
865	523000	
866	691237	
867	375330	
868	517358	
869	645294	
870	844394	
871	1.25314e+06	
872	7.85375e+06	
873	4.50033e+06	
874	399672	
875	2.51956e+06	
876	620078	
877	1.36614e+07	
878	2.24034e+06	
879	569144	
880	1.16464e+06	
881	641222	
882	420493	
883	399711	
884	605355	
885	1.82479e+07	
886	807396	
887	1.99686e+06	
888	595394	
889	1.19303e+06	
890	1.57733e+07	
891	1.16107e+07	
892	882088	
893	3.76704e+06	
894	4.1149e+07	
895	2.68287e+07	
896	1.44935e+08	
897	2.55934e+07	
898	1.80783e+06	
899	810634	
900	676656	
901	303296	
902	338770	
903	369593	
904	579212	
905	938886	
906	2.02942e+06	
907	8.58884e+06	
908	811855	
909	551939	
910	896203	
911	1.25024e+06	
912	1.17261e+06	
913	779468	
914	515966	
915	2.81482e+09	
916	698791	
917	2.33635e+06	
918	1.91069e+06	
919	2.13179e+06	
920	7.51535e+06	
921	2.03415e+07	
922	3.09889e+06	
923	961445	
924	2.01063e+06	
925	1.22533e+06	
926	3.74836e+06	
927	2.17472e+06	
928	7.65145e+06	
929	4.83937e+07	
930	1.24934e+06	
931	4.49242e+06	
932	1.35483e+06	
933	1.61169e+06	
934	1.92709e+06	
935	2.94569e+06	
936	844013	
937	985028	
938	1.52024e+06	
939	7.40707e+06	
940	1.59056e+08	
941	1.42846e+07	
942	3.72161e+06	
943	5.31371e+06	
944	1.11918e+07	
945	1.10402e+06	
946	2.09123e+06	
947	713549	
948	606876	
949	4.78875e+06	
950	4.12365e+08	
951	1.26816e+08	
952	1.2784e+06	
953	1.50933e+06	
954	5.18967e+06	
955	4.91998e+08	
956	965272	
957	4.66117e+06	
958	7.26774e+06	
959	9.21738e+06	
960	4.64571e+06	
961	1.33004e+08	
962	2.84228e+06	
963	1.47436e+06	
964	1.56972e+06	
965	1.15242e+06	
966	6.57728e+06	
967	2.92181e+06	
968	1.08012e+07	
969	569252	
970	394762	
971	469832	
972	379029	
973	1.92063e+06	
974	303445	
975	1.00207e+07	
976	535348	
977	2.03949e+06	
978	260061	
979	429777	
980	391007	
981	448179	
982	472641	
983	1.7884e+06	
984	296298	
985	743349	
986	2.46573e+06	
987	303817	
988	473409	
989	570681	
990	398186	
991	482021	
992	305395	
993	429920	
994	378395	
995	628458	
996	529750	
997	599081	
998	1.11562e+06	
999	1.13302e+07	
1000	6.90512e+07	
# iterates cost: 1.83445
