# Reading DATA...
# Reading Matrix Successfully!
# Initialize b...
# Initialize b sucessfully!
MDMRB
0	5.34637e+11
1	6.67025e+10	
2	2.67913e+10	
3	1.76945e+10	
4	1.27117e+10	
5	1.01215e+10	
6	8.52073e+09	
7	7.29657e+09	
8	6.34074e+09	
9	5.61574e+09	
10	4.98544e+09	
11	4.46552e+09	
12	4.01151e+09	
13	3.63989e+09	
14	3.33457e+09	
15	3.08948e+09	
16	2.90323e+09	
17	2.73628e+09	
18	2.58867e+09	
19	2.46033e+09	
20	2.35034e+09	
21	2.24974e+09	
22	2.15047e+09	
23	2.06527e+09	
24	1.98888e+09	
25	1.91215e+09	
26	1.79492e+09	
27	1.70792e+09	
28	1.63837e+09	
29	1.57834e+09	
30	1.52519e+09	
31	1.4711e+09	
32	1.42359e+09	
33	1.37989e+09	
34	1.33631e+09	
35	1.29123e+09	
36	1.24642e+09	
37	1.204e+09	
38	1.15688e+09	
39	1.10887e+09	
40	1.06749e+09	
41	1.02845e+09	
42	9.87253e+08	
43	9.45504e+08	
44	9.06229e+08	
45	8.68874e+08	
46	8.32717e+08	
47	7.96856e+08	
48	7.61372e+08	
49	7.29124e+08	
50	6.91418e+08	
51	6.53467e+08	
52	6.19972e+08	
53	5.90815e+08	
54	5.63874e+08	
55	5.35847e+08	
56	5.12557e+08	
57	4.92341e+08	
58	4.6739e+08	
59	4.42449e+08	
60	4.21597e+08	
61	4.01088e+08	
62	3.84103e+08	
63	3.68672e+08	
64	3.53386e+08	
65	3.39381e+08	
66	3.25922e+08	
67	3.12946e+08	
68	2.99227e+08	
69	2.8641e+08	
70	2.72789e+08	
71	2.59292e+08	
72	2.47742e+08	
73	2.36881e+08	
74	2.27719e+08	
75	2.18966e+08	
76	2.11096e+08	
77	2.03824e+08	
78	1.97011e+08	
79	1.90332e+08	
80	1.84064e+08	
81	1.77878e+08	
82	1.72289e+08	
83	1.67036e+08	
84	1.61965e+08	
85	1.57266e+08	
86	1.52573e+08	
87	1.47964e+08	
88	1.43489e+08	
89	1.39051e+08	
90	1.34758e+08	
91	1.30795e+08	
92	1.26823e+08	
93	1.22895e+08	
94	1.19437e+08	
95	1.16188e+08	
96	1.13126e+08	
97	1.10035e+08	
98	1.07266e+08	
99	1.04727e+08	
100	1.0228e+08	
101	9.98913e+07	
102	9.7597e+07	
103	9.54022e+07	
104	9.33189e+07	
105	9.12971e+07	
106	8.92569e+07	
107	8.72731e+07	
108	8.53798e+07	
109	8.3483e+07	
110	8.1686e+07	
111	7.99992e+07	
112	7.83719e+07	
113	7.67878e+07	
114	7.5195e+07	
115	7.36757e+07	
116	7.22309e+07	
117	7.08226e+07	
118	6.94232e+07	
119	6.75468e+07	
120	6.58361e+07	
121	6.45335e+07	
122	6.33698e+07	
123	6.22615e+07	
124	6.1159e+07	
125	6.00938e+07	
126	5.90677e+07	
127	5.79589e+07	
128	5.6887e+07	
129	5.58689e+07	
130	5.49068e+07	
131	5.39822e+07	
132	5.30824e+07	
133	5.22081e+07	
134	5.13524e+07	
135	5.0522e+07	
136	4.97076e+07	
137	4.88793e+07	
138	4.80857e+07	
139	4.73322e+07	
140	4.60629e+07	
141	4.48952e+07	
142	4.40486e+07	
143	4.32847e+07	
144	4.25541e+07	
145	4.18351e+07	
146	4.11194e+07	
147	4.04408e+07	
148	3.9713e+07	
149	3.89781e+07	
150	3.83121e+07	
151	3.76771e+07	
152	3.70978e+07	
153	3.65169e+07	
154	3.59245e+07	
155	3.53603e+07	
156	3.48411e+07	
157	3.43398e+07	
158	3.38048e+07	
159	3.32796e+07	
160	3.27432e+07	
161	3.22046e+07	
162	3.17117e+07	
163	3.12415e+07	
164	3.0748e+07	
165	3.0278e+07	
166	2.9825e+07	
167	2.93586e+07	
168	2.89286e+07	
169	2.84981e+07	
170	2.80385e+07	
171	2.76011e+07	
172	2.72104e+07	
173	2.68428e+07	
174	2.64758e+07	
175	2.60894e+07	
176	2.57301e+07	
177	2.53868e+07	
178	2.50414e+07	
179	2.46948e+07	
180	2.43698e+07	
181	2.40585e+07	
182	2.37495e+07	
183	2.3448e+07	
184	2.31538e+07	
185	2.28647e+07	
186	2.24988e+07	
187	2.21518e+07	
188	2.18806e+07	
189	2.16173e+07	
190	2.1356e+07	
191	2.10958e+07	
192	2.08322e+07	
193	2.05741e+07	
194	2.03252e+07	
195	2.00277e+07	
196	1.97549e+07	
197	1.95164e+07	
198	1.92847e+07	
199	1.90593e+07	
200	1.88352e+07	
201	1.86127e+07	
202	1.83851e+07	
203	1.8167e+07	
204	1.79591e+07	
205	1.77525e+07	
206	1.75482e+07	
207	1.73403e+07	
208	1.71374e+07	
209	1.6931e+07	
210	1.66522e+07	
211	1.6411e+07	
212	1.61868e+07	
213	1.59722e+07	
214	1.57744e+07	
215	1.5586e+07	
216	1.5366e+07	
217	1.51481e+07	
218	1.49509e+07	
219	1.47649e+07	
220	1.45832e+07	
221	1.4405e+07	
222	1.42348e+07	
223	1.4066e+07	
224	1.39042e+07	
225	1.37503e+07	
226	1.35926e+07	
227	1.34404e+07	
228	1.32989e+07	
229	1.31562e+07	
230	1.30164e+07	
231	1.28785e+07	
232	1.27391e+07	
233	1.26013e+07	
234	1.24554e+07	
235	1.23118e+07	
236	1.21721e+07	
237	1.20318e+07	
238	1.19043e+07	
239	1.17864e+07	
240	1.16633e+07	
241	1.15463e+07	
242	1.14037e+07	
243	1.12662e+07	
244	1.11536e+07	
245	1.10413e+07	
246	1.09228e+07	
247	1.08042e+07	
248	1.0693e+07	
249	1.05881e+07	
250	1.04829e+07	
251	1.0381e+07	
252	1.02823e+07	
253	1.01812e+07	
254	1.00805e+07	
255	9.98376e+06	
256	9.8848e+06	
257	9.7888e+06	
258	9.69812e+06	
259	9.61064e+06	
260	9.51946e+06	
261	9.43035e+06	
262	9.34406e+06	
263	9.25714e+06	
264	9.16949e+06	
265	9.08428e+06	
266	9.00173e+06	
267	8.92007e+06	
268	8.84229e+06	
269	8.76614e+06	
270	8.68683e+06	
271	8.60923e+06	
272	8.53804e+06	
273	8.4685e+06	
274	8.39923e+06	
275	8.33076e+06	
276	8.26038e+06	
277	8.1923e+06	
278	8.12648e+06	
279	8.06128e+06	
280	7.99635e+06	
281	7.93348e+06	
282	7.86952e+06	
283	7.8055e+06	
284	7.74367e+06	
285	7.68223e+06	
286	7.62084e+06	
287	7.56036e+06	
288	7.50046e+06	
289	7.44055e+06	
290	7.36675e+06	
291	7.30206e+06	
292	7.24483e+06	
293	7.18881e+06	
294	7.13544e+06	
295	7.08115e+06	
296	7.02801e+06	
297	6.97665e+06	
298	6.92537e+06	
299	6.87236e+06	
300	6.82292e+06	
301	6.7691e+06	
302	6.71807e+06	
303	6.67006e+06	
304	6.62212e+06	
305	6.5721e+06	
306	6.52442e+06	
307	6.47845e+06	
308	6.43333e+06	
309	6.389e+06	
310	6.34557e+06	
311	6.29973e+06	
312	6.24852e+06	
313	6.20076e+06	
314	6.1572e+06	
315	6.11346e+06	
316	6.06897e+06	
317	6.02629e+06	
318	5.9856e+06	
319	5.94665e+06	
320	5.9081e+06	
321	5.87004e+06	
322	5.83075e+06	
323	5.78862e+06	
324	5.74979e+06	
325	5.71408e+06	
326	5.67952e+06	
327	5.64119e+06	
328	5.60326e+06	
329	5.56305e+06	
330	5.52616e+06	
331	5.48938e+06	
332	5.45219e+06	
333	5.41665e+06	
334	5.38351e+06	
335	5.35137e+06	
336	5.31708e+06	
337	5.28205e+06	
338	5.2495e+06	
339	5.21738e+06	
340	5.18562e+06	
341	5.1539e+06	
342	5.12331e+06	
343	5.09373e+06	
344	5.06309e+06	
345	5.03342e+06	
346	5.00455e+06	
347	4.97078e+06	
348	4.93693e+06	
349	4.90526e+06	
350	4.87547e+06	
351	4.84609e+06	
352	4.81828e+06	
353	4.79179e+06	
354	4.76565e+06	
355	4.73886e+06	
356	4.71272e+06	
357	4.68145e+06	
358	4.65291e+06	
359	4.62722e+06	
360	4.60265e+06	
361	4.57802e+06	
362	4.55395e+06	
363	4.52546e+06	
364	4.49955e+06	
365	4.47628e+06	
366	4.45273e+06	
367	4.42906e+06	
368	4.40486e+06	
369	4.38162e+06	
370	4.35908e+06	
371	4.33678e+06	
372	4.31396e+06	
373	4.29054e+06	
374	4.26803e+06	
375	4.24511e+06	
376	4.22209e+06	
377	4.19928e+06	
378	4.17452e+06	
379	4.14044e+06	
380	4.11006e+06	
381	4.08535e+06	
382	4.06264e+06	
383	4.04212e+06	
384	4.02194e+06	
385	4.00184e+06	
386	3.98184e+06	
387	3.96203e+06	
388	3.9419e+06	
389	3.9219e+06	
390	3.90164e+06	
391	3.88148e+06	
392	3.86164e+06	
393	3.84217e+06	
394	3.82269e+06	
395	3.80342e+06	
396	3.78386e+06	
397	3.76106e+06	
398	3.74088e+06	
399	3.7231e+06	
400	3.7052e+06	
401	3.68712e+06	
402	3.66937e+06	
403	3.65228e+06	
404	3.63422e+06	
405	3.61704e+06	
406	3.60078e+06	
407	3.58333e+06	
408	3.56407e+06	
409	3.54476e+06	
410	3.52805e+06	
411	3.51061e+06	
412	3.49274e+06	
413	3.47533e+06	
414	3.45876e+06	
415	3.44101e+06	
416	3.4238e+06	
417	3.4082e+06	
418	3.39291e+06	
419	3.37602e+06	
420	3.35993e+06	
421	3.34489e+06	
422	3.33041e+06	
423	3.31661e+06	
424	3.30266e+06	
425	3.2883e+06	
426	3.27333e+06	
427	3.25882e+06	
428	3.24431e+06	
429	3.22986e+06	
430	3.21438e+06	
431	3.19945e+06	
432	3.18576e+06	
433	3.17206e+06	
434	3.15838e+06	
435	3.1448e+06	
436	3.12669e+06	
437	3.10916e+06	
438	3.0936e+06	
439	3.0805e+06	
440	3.06828e+06	
441	3.05556e+06	
442	3.03972e+06	
443	3.02504e+06	
444	3.01226e+06	
445	2.9999e+06	
446	2.988e+06	
447	2.97636e+06	
448	2.96437e+06	
449	2.95282e+06	
450	2.94101e+06	
451	2.92769e+06	
452	2.91552e+06	
453	2.90448e+06	
454	2.89286e+06	
455	2.88113e+06	
456	2.86941e+06	
457	2.85828e+06	
458	2.84547e+06	
459	2.83263e+06	
460	2.82037e+06	
461	2.80887e+06	
462	2.79691e+06	
463	2.78456e+06	
464	2.77224e+06	
465	2.76023e+06	
466	2.74783e+06	
467	2.73684e+06	
468	2.72607e+06	
469	2.71567e+06	
470	2.70408e+06	
471	2.69311e+06	
472	2.68301e+06	
473	2.67304e+06	
474	2.6634e+06	
475	2.6536e+06	
476	2.64421e+06	
477	2.63518e+06	
478	2.62429e+06	
479	2.61351e+06	
480	2.60201e+06	
481	2.59055e+06	
482	2.58027e+06	
483	2.57067e+06	
484	2.55925e+06	
485	2.54805e+06	
486	2.5375e+06	
487	2.52724e+06	
488	2.51885e+06	
489	2.51125e+06	
490	2.50347e+06	
491	2.49399e+06	
492	2.485e+06	
493	2.4769e+06	
494	2.46865e+06	
495	2.45974e+06	
496	2.45112e+06	
497	2.44205e+06	
498	2.43334e+06	
499	2.42528e+06	
500	2.41565e+06	
501	2.40616e+06	
502	2.39651e+06	
503	2.38819e+06	
504	2.38045e+06	
505	2.3729e+06	
506	2.36526e+06	
507	2.35763e+06	
508	2.3501e+06	
509	2.34257e+06	
510	2.33494e+06	
511	2.32687e+06	
512	2.31846e+06	
513	2.31101e+06	
514	2.30415e+06	
515	2.29748e+06	
516	2.29092e+06	
517	2.28435e+06	
518	2.27782e+06	
519	2.27142e+06	
520	2.26498e+06	
521	2.25853e+06	
522	2.25228e+06	
523	2.24614e+06	
524	2.24024e+06	
525	2.23435e+06	
526	2.22832e+06	
527	2.2208e+06	
528	2.2134e+06	
529	2.20671e+06	
530	2.20057e+06	
531	2.19488e+06	
532	2.18932e+06	
533	2.18391e+06	
534	2.17846e+06	
535	2.17295e+06	
536	2.16755e+06	
537	2.16171e+06	
538	2.15604e+06	
539	2.15064e+06	
540	2.14536e+06	
541	2.14019e+06	
542	2.1351e+06	
543	2.13009e+06	
544	2.12504e+06	
545	2.11981e+06	
546	2.11432e+06	
547	2.10806e+06	
548	2.10225e+06	
549	2.09692e+06	
550	2.09173e+06	
551	2.08645e+06	
552	2.08137e+06	
553	2.07636e+06	
554	2.0714e+06	
555	2.0663e+06	
556	2.06111e+06	
557	2.05621e+06	
558	2.0516e+06	
559	2.04651e+06	
560	2.04161e+06	
561	2.03652e+06	
562	2.03142e+06	
563	2.02626e+06	
564	2.02104e+06	
565	2.0163e+06	
566	2.01164e+06	
567	2.00712e+06	
568	2.00245e+06	
569	1.99791e+06	
570	1.99359e+06	
571	1.98841e+06	
572	1.98352e+06	
573	1.97894e+06	
574	1.97464e+06	
575	1.97063e+06	
576	1.96604e+06	
577	1.96154e+06	
578	1.95722e+06	
579	1.9516e+06	
580	1.94683e+06	
581	1.94278e+06	
582	1.93745e+06	
583	1.93241e+06	
584	1.92828e+06	
585	1.92353e+06	
586	1.91843e+06	
587	1.91401e+06	
588	1.90993e+06	
589	1.90525e+06	
590	1.89991e+06	
591	1.89483e+06	
592	1.89081e+06	
593	1.8871e+06	
594	1.88341e+06	
595	1.87959e+06	
596	1.87599e+06	
597	1.87106e+06	
598	1.86652e+06	
599	1.8627e+06	
600	1.85913e+06	
601	1.85552e+06	
602	1.8519e+06	
603	1.84845e+06	
604	1.84507e+06	
605	1.84173e+06	
606	1.83842e+06	
607	1.83515e+06	
608	1.8319e+06	
609	1.82854e+06	
610	1.82497e+06	
611	1.82165e+06	
612	1.81841e+06	
613	1.81504e+06	
614	1.81156e+06	
615	1.80807e+06	
616	1.80472e+06	
617	1.80129e+06	
618	1.79816e+06	
619	1.79507e+06	
620	1.79169e+06	
621	1.78814e+06	
622	1.78471e+06	
623	1.78136e+06	
624	1.77836e+06	
625	1.77523e+06	
626	1.77216e+06	
627	1.76921e+06	
628	1.7662e+06	
629	1.76306e+06	
630	1.75995e+06	
631	1.75683e+06	
632	1.75366e+06	
633	1.75054e+06	
634	1.74744e+06	
635	1.7444e+06	
636	1.74141e+06	
637	1.73796e+06	
638	1.73473e+06	
639	1.73168e+06	
640	1.72871e+06	
641	1.72582e+06	
642	1.72292e+06	
643	1.71957e+06	
644	1.71634e+06	
645	1.71352e+06	
646	1.71062e+06	
647	1.70754e+06	
648	1.70479e+06	
649	1.70201e+06	
650	1.69929e+06	
651	1.69647e+06	
652	1.69368e+06	
653	1.69093e+06	
654	1.68816e+06	
655	1.68538e+06	
656	1.68267e+06	
657	1.68013e+06	
658	1.67758e+06	
659	1.67479e+06	
660	1.67209e+06	
661	1.6693e+06	
662	1.66672e+06	
663	1.66427e+06	
664	1.66176e+06	
665	1.65923e+06	
666	1.65675e+06	
667	1.65428e+06	
668	1.65182e+06	
669	1.64935e+06	
670	1.64675e+06	
671	1.64377e+06	
672	1.64095e+06	
673	1.63881e+06	
674	1.63641e+06	
675	1.63395e+06	
676	1.63144e+06	
677	1.62835e+06	
678	1.62538e+06	
679	1.62249e+06	
680	1.61989e+06	
681	1.61764e+06	
682	1.61544e+06	
683	1.61315e+06	
684	1.61093e+06	
685	1.60877e+06	
686	1.6064e+06	
687	1.604e+06	
688	1.6017e+06	
689	1.5993e+06	
690	1.59696e+06	
691	1.59469e+06	
692	1.59243e+06	
693	1.59036e+06	
694	1.58836e+06	
695	1.58635e+06	
696	1.58437e+06	
697	1.58238e+06	
698	1.58026e+06	
699	1.57821e+06	
700	1.57617e+06	
701	1.57415e+06	
702	1.57214e+06	
703	1.57018e+06	
704	1.56826e+06	
705	1.56633e+06	
706	1.56438e+06	
707	1.56248e+06	
708	1.56057e+06	
709	1.5587e+06	
710	1.55685e+06	
711	1.55503e+06	
712	1.55324e+06	
713	1.5514e+06	
714	1.54957e+06	
715	1.54761e+06	
716	1.54566e+06	
717	1.5438e+06	
718	1.54205e+06	
719	1.53955e+06	
720	1.5371e+06	
721	1.53438e+06	
722	1.53211e+06	
723	1.5298e+06	
724	1.52767e+06	
725	1.52598e+06	
726	1.52436e+06	
727	1.52271e+06	
728	1.52105e+06	
729	1.51944e+06	
730	1.51782e+06	
731	1.51593e+06	
732	1.51406e+06	
733	1.51234e+06	
734	1.51067e+06	
735	1.50907e+06	
736	1.50743e+06	
737	1.50552e+06	
738	1.50371e+06	
739	1.50203e+06	
740	1.5003e+06	
741	1.49866e+06	
742	1.49709e+06	
743	1.49548e+06	
744	1.49394e+06	
745	1.49244e+06	
746	1.49097e+06	
747	1.48946e+06	
748	1.48794e+06	
749	1.48637e+06	
750	1.48483e+06	
751	1.48328e+06	
752	1.48176e+06	
753	1.4803e+06	
754	1.47886e+06	
755	1.47704e+06	
756	1.47532e+06	
757	1.47375e+06	
758	1.47224e+06	
759	1.47078e+06	
760	1.46936e+06	
761	1.46797e+06	
762	1.46655e+06	
763	1.46514e+06	
764	1.46375e+06	
765	1.46238e+06	
766	1.46102e+06	
767	1.45968e+06	
768	1.45833e+06	
769	1.45701e+06	
770	1.45565e+06	
771	1.45429e+06	
772	1.45291e+06	
773	1.45108e+06	
774	1.44935e+06	
775	1.44784e+06	
776	1.44632e+06	
777	1.44467e+06	
778	1.44305e+06	
779	1.44167e+06	
780	1.44002e+06	
781	1.43833e+06	
782	1.43687e+06	
783	1.43554e+06	
784	1.43395e+06	
785	1.43236e+06	
786	1.43097e+06	
787	1.42968e+06	
788	1.4284e+06	
789	1.42714e+06	
790	1.42536e+06	
791	1.42361e+06	
792	1.42221e+06	
793	1.42087e+06	
794	1.41952e+06	
795	1.41823e+06	
796	1.41695e+06	
797	1.41568e+06	
798	1.41442e+06	
799	1.41316e+06	
800	1.41192e+06	
801	1.41067e+06	
802	1.40941e+06	
803	1.40816e+06	
804	1.40693e+06	
805	1.40572e+06	
806	1.4045e+06	
807	1.40329e+06	
808	1.40207e+06	
809	1.40086e+06	
810	1.39964e+06	
811	1.39845e+06	
812	1.39719e+06	
813	1.39597e+06	
814	1.39473e+06	
815	1.39329e+06	
816	1.39189e+06	
817	1.39064e+06	
818	1.38944e+06	
819	1.38826e+06	
820	1.38708e+06	
821	1.38591e+06	
822	1.38475e+06	
823	1.3836e+06	
824	1.38239e+06	
825	1.38118e+06	
826	1.37998e+06	
827	1.37878e+06	
828	1.37761e+06	
829	1.37644e+06	
830	1.37528e+06	
831	1.37412e+06	
832	1.37295e+06	
833	1.37164e+06	
834	1.3703e+06	
835	1.36907e+06	
836	1.36798e+06	
837	1.36689e+06	
838	1.36565e+06	
839	1.36432e+06	
840	1.36307e+06	
841	1.36193e+06	
842	1.36079e+06	
843	1.35968e+06	
844	1.35858e+06	
845	1.35749e+06	
846	1.35639e+06	
847	1.35531e+06	
848	1.35424e+06	
849	1.35316e+06	
850	1.35204e+06	
851	1.35093e+06	
852	1.34985e+06	
853	1.34858e+06	
854	1.34732e+06	
855	1.34612e+06	
856	1.34489e+06	
857	1.34372e+06	
858	1.34259e+06	
859	1.34147e+06	
860	1.34032e+06	
861	1.3392e+06	
862	1.33814e+06	
863	1.33707e+06	
864	1.33602e+06	
865	1.33495e+06	
866	1.33389e+06	
867	1.33285e+06	
868	1.33182e+06	
869	1.33079e+06	
870	1.32977e+06	
871	1.32871e+06	
872	1.32766e+06	
873	1.32663e+06	
874	1.32563e+06	
875	1.32463e+06	
876	1.32357e+06	
877	1.32253e+06	
878	1.32151e+06	
879	1.32051e+06	
880	1.31947e+06	
881	1.31816e+06	
882	1.31692e+06	
883	1.31585e+06	
884	1.31486e+06	
885	1.31386e+06	
886	1.31271e+06	
887	1.31155e+06	
888	1.31051e+06	
889	1.30951e+06	
890	1.30849e+06	
891	1.30744e+06	
892	1.30638e+06	
893	1.30538e+06	
894	1.30438e+06	
895	1.30342e+06	
896	1.30233e+06	
897	1.30124e+06	
898	1.30011e+06	
899	1.299e+06	
900	1.29801e+06	
901	1.29708e+06	
902	1.29614e+06	
903	1.2952e+06	
904	1.29427e+06	
905	1.29333e+06	
906	1.29239e+06	
907	1.29143e+06	
908	1.29042e+06	
909	1.28869e+06	
910	1.28722e+06	
911	1.28616e+06	
912	1.2852e+06	
913	1.28429e+06	
914	1.28336e+06	
915	1.28242e+06	
916	1.28149e+06	
917	1.27999e+06	
918	1.27869e+06	
919	1.27772e+06	
920	1.2768e+06	
921	1.27589e+06	
922	1.27494e+06	
923	1.27398e+06	
924	1.27304e+06	
925	1.27212e+06	
926	1.27121e+06	
927	1.27028e+06	
928	1.26935e+06	
929	1.26795e+06	
930	1.26669e+06	
931	1.26576e+06	
932	1.26483e+06	
933	1.26392e+06	
934	1.26301e+06	
935	1.26211e+06	
936	1.2612e+06	
937	1.26028e+06	
938	1.25935e+06	
939	1.25844e+06	
940	1.25753e+06	
941	1.25663e+06	
942	1.25572e+06	
943	1.25482e+06	
944	1.25392e+06	
945	1.25303e+06	
946	1.25215e+06	
947	1.25127e+06	
948	1.25038e+06	
949	1.24948e+06	
950	1.24858e+06	
951	1.2477e+06	
952	1.24681e+06	
953	1.24589e+06	
954	1.245e+06	
955	1.24412e+06	
956	1.24323e+06	
957	1.24234e+06	
958	1.24146e+06	
959	1.24059e+06	
960	1.23973e+06	
961	1.23886e+06	
962	1.238e+06	
963	1.23713e+06	
964	1.23627e+06	
965	1.2354e+06	
966	1.23452e+06	
967	1.23364e+06	
968	1.23276e+06	
969	1.23188e+06	
970	1.23101e+06	
971	1.23015e+06	
972	1.22927e+06	
973	1.22839e+06	
974	1.22748e+06	
975	1.22658e+06	
976	1.2257e+06	
977	1.22484e+06	
978	1.22399e+06	
979	1.22315e+06	
980	1.22231e+06	
981	1.22148e+06	
982	1.22067e+06	
983	1.21984e+06	
984	1.21902e+06	
985	1.21819e+06	
986	1.21738e+06	
987	1.21656e+06	
988	1.21574e+06	
989	1.21493e+06	
990	1.21397e+06	
991	1.213e+06	
992	1.21216e+06	
993	1.21132e+06	
994	1.21048e+06	
995	1.20963e+06	
996	1.2088e+06	
997	1.20799e+06	
998	1.20717e+06	
999	1.20635e+06	
1000	1.20551e+06	
#	0
# iterats cost: 14.208
# 0.969818	0.26163	7.17418	5.32178	0.369474	5.1832
