# Reading DATA...
# Reading Matrix Successfully!
# Initialize b...
# Initialize b sucessfully!
CGN
0	5.34637e+11
1	2.63742e+11	
2	1.66887e+11	
3	1.28237e+11	
4	1.05075e+11	
5	8.50058e+10	
6	7.19931e+10	
7	6.13487e+10	
8	5.31482e+10	
9	4.71435e+10	
10	3.81879e+10	
11	3.10221e+10	
12	2.95503e+10	
13	2.57846e+10	
14	2.32595e+10	
15	2.21486e+10	
16	1.95517e+10	
17	1.89797e+10	
18	1.84925e+10	
19	1.74963e+10	
20	1.61324e+10	
21	1.55512e+10	
22	1.42769e+10	
23	1.34253e+10	
24	1.18169e+10	
25	1.15125e+10	
26	1.09271e+10	
27	9.47088e+09	
28	8.90947e+09	
29	8.48021e+09	
30	7.80755e+09	
31	7.71155e+09	
32	7.30071e+09	
33	6.96915e+09	
34	6.62835e+09	
35	6.3309e+09	
36	6.01524e+09	
37	5.8107e+09	
38	5.68998e+09	
39	5.52438e+09	
40	5.50455e+09	
41	5.35491e+09	
42	5.31881e+09	
43	5.11722e+09	
44	4.92871e+09	
45	4.74556e+09	
46	4.71875e+09	
47	4.60126e+09	
48	4.57539e+09	
49	4.47643e+09	
50	4.45863e+09	
51	4.40508e+09	
52	4.39576e+09	
53	4.24713e+09	
54	4.21874e+09	
55	4.14939e+09	
56	4.12481e+09	
57	4.10095e+09	
58	4.06943e+09	
59	4.03673e+09	
60	3.94236e+09	
61	3.92872e+09	
62	3.80956e+09	
63	3.74458e+09	
64	3.70329e+09	
65	3.6786e+09	
66	3.6178e+09	
67	3.58892e+09	
68	3.57472e+09	
69	3.54336e+09	
70	3.44181e+09	
71	3.39883e+09	
72	3.38503e+09	
73	3.29104e+09	
74	3.2456e+09	
75	3.0994e+09	
76	3.05527e+09	
77	3.02603e+09	
78	2.90936e+09	
79	2.80219e+09	
80	2.78923e+09	
81	2.74131e+09	
82	2.70685e+09	
83	2.64529e+09	
84	2.63608e+09	
85	2.5587e+09	
86	2.5455e+09	
87	2.47593e+09	
88	2.38344e+09	
89	2.35323e+09	
90	2.34696e+09	
91	2.27464e+09	
92	2.26464e+09	
93	2.23969e+09	
94	2.21712e+09	
95	2.19967e+09	
96	2.16954e+09	
97	2.1587e+09	
98	2.06693e+09	
99	2.0519e+09	
100	2.04548e+09	
101	1.97283e+09	
102	1.9285e+09	
103	1.92176e+09	
104	1.86132e+09	
105	1.84332e+09	
106	1.81011e+09	
107	1.75581e+09	
108	1.69804e+09	
109	1.68011e+09	
110	1.67433e+09	
111	1.61643e+09	
112	1.61395e+09	
113	1.60822e+09	
114	1.59191e+09	
115	1.55402e+09	
116	1.54457e+09	
117	1.47541e+09	
118	1.47247e+09	
119	1.4629e+09	
120	1.42095e+09	
121	1.37806e+09	
122	1.37609e+09	
123	1.37377e+09	
124	1.34062e+09	
125	1.29666e+09	
126	1.29147e+09	
127	1.28666e+09	
128	1.28264e+09	
129	1.28106e+09	
130	1.2622e+09	
131	1.26004e+09	
132	1.25626e+09	
133	1.25074e+09	
134	1.24331e+09	
135	1.23185e+09	
136	1.22179e+09	
137	1.21898e+09	
138	1.21129e+09	
139	1.19794e+09	
140	1.1962e+09	
141	1.1937e+09	
142	1.18028e+09	
143	1.17288e+09	
144	1.14999e+09	
145	1.13597e+09	
146	1.13116e+09	
147	1.08852e+09	
148	1.04081e+09	
149	1.03675e+09	
150	1.02737e+09	
151	1.02508e+09	
152	1.01676e+09	
153	9.89816e+08	
154	9.5267e+08	
155	9.42753e+08	
156	9.23073e+08	
157	8.91367e+08	
158	8.88547e+08	
159	8.8184e+08	
160	8.78171e+08	
161	8.53505e+08	
162	8.46837e+08	
163	8.43173e+08	
164	8.4176e+08	
165	8.34261e+08	
166	8.32361e+08	
167	8.12812e+08	
168	8.12432e+08	
169	8.08919e+08	
170	7.95973e+08	
171	7.91081e+08	
172	7.85005e+08	
173	7.82346e+08	
174	7.79879e+08	
175	7.78445e+08	
176	7.62826e+08	
177	7.54905e+08	
178	7.49618e+08	
179	7.39904e+08	
180	7.35942e+08	
181	7.33985e+08	
182	7.32379e+08	
183	7.25055e+08	
184	7.19648e+08	
185	7.12092e+08	
186	7.11179e+08	
187	7.03689e+08	
188	7.01965e+08	
189	6.97198e+08	
190	6.75455e+08	
191	6.73966e+08	
192	6.71386e+08	
193	6.64825e+08	
194	6.56999e+08	
195	6.47335e+08	
196	6.32898e+08	
197	6.19788e+08	
198	6.19314e+08	
199	6.15785e+08	
200	6.13808e+08	
201	5.95635e+08	
202	5.71991e+08	
203	5.42281e+08	
204	5.4023e+08	
205	5.3429e+08	
206	5.23018e+08	
207	5.17597e+08	
208	5.03425e+08	
209	5.00356e+08	
210	4.93645e+08	
211	4.91485e+08	
212	4.89883e+08	
213	4.86866e+08	
214	4.78238e+08	
215	4.50762e+08	
216	4.48846e+08	
217	4.18386e+08	
218	4.12326e+08	
219	4.06389e+08	
220	3.99733e+08	
221	3.92118e+08	
222	3.86693e+08	
223	3.74067e+08	
224	3.72126e+08	
225	3.7137e+08	
226	3.65089e+08	
227	3.55971e+08	
228	3.50213e+08	
229	3.40233e+08	
230	3.3764e+08	
231	3.36063e+08	
232	3.34331e+08	
233	3.16242e+08	
234	3.1102e+08	
235	3.10168e+08	
236	3.07718e+08	
237	3.07405e+08	
238	3.06273e+08	
239	3.0304e+08	
240	2.97385e+08	
241	2.95398e+08	
242	2.90883e+08	
243	2.89642e+08	
244	2.8855e+08	
245	2.87384e+08	
246	2.86868e+08	
247	2.86114e+08	
248	2.85281e+08	
249	2.81661e+08	
250	2.76641e+08	
251	2.72873e+08	
252	2.69643e+08	
253	2.69231e+08	
254	2.67222e+08	
255	2.60373e+08	
256	2.56252e+08	
257	2.55236e+08	
258	2.53196e+08	
259	2.49923e+08	
260	2.49185e+08	
261	2.48476e+08	
262	2.463e+08	
263	2.43923e+08	
264	2.3919e+08	
265	2.38409e+08	
266	2.37619e+08	
267	2.28723e+08	
268	2.25613e+08	
269	2.238e+08	
270	2.23506e+08	
271	2.23457e+08	
272	2.22806e+08	
273	2.20584e+08	
274	2.19869e+08	
275	2.19099e+08	
276	2.18803e+08	
277	2.1802e+08	
278	2.17641e+08	
279	2.16446e+08	
280	2.13432e+08	
281	2.12952e+08	
282	2.1268e+08	
283	2.11827e+08	
284	2.1079e+08	
285	2.10582e+08	
286	2.08596e+08	
287	2.07136e+08	
288	2.05637e+08	
289	2.0541e+08	
290	2.0484e+08	
291	2.03375e+08	
292	2.02547e+08	
293	2.02486e+08	
294	2.01589e+08	
295	1.96732e+08	
296	1.94932e+08	
297	1.94423e+08	
298	1.94145e+08	
299	1.92947e+08	
300	1.92731e+08	
301	1.91083e+08	
302	1.90793e+08	
303	1.90423e+08	
304	1.81627e+08	
305	1.8107e+08	
306	1.8086e+08	
307	1.78643e+08	
308	1.74885e+08	
309	1.73396e+08	
310	1.71051e+08	
311	1.69675e+08	
312	1.69445e+08	
313	1.6892e+08	
314	1.68781e+08	
315	1.66213e+08	
316	1.65074e+08	
317	1.64086e+08	
318	1.6289e+08	
319	1.62375e+08	
320	1.61315e+08	
321	1.607e+08	
322	1.6012e+08	
323	1.59357e+08	
324	1.59002e+08	
325	1.58753e+08	
326	1.54563e+08	
327	1.53763e+08	
328	1.50802e+08	
329	1.4857e+08	
330	1.48281e+08	
331	1.47754e+08	
332	1.43541e+08	
333	1.42752e+08	
334	1.42525e+08	
335	1.42128e+08	
336	1.41601e+08	
337	1.4061e+08	
338	1.40319e+08	
339	1.36957e+08	
340	1.36126e+08	
341	1.35507e+08	
342	1.35156e+08	
343	1.33425e+08	
344	1.30133e+08	
345	1.29394e+08	
346	1.29038e+08	
347	1.28116e+08	
348	1.27713e+08	
349	1.26437e+08	
350	1.26219e+08	
351	1.24036e+08	
352	1.20621e+08	
353	1.19377e+08	
354	1.19327e+08	
355	1.19266e+08	
356	1.18988e+08	
357	1.18674e+08	
358	1.18475e+08	
359	1.16348e+08	
360	1.16171e+08	
361	1.16064e+08	
362	1.15799e+08	
363	1.15706e+08	
364	1.13716e+08	
365	1.12045e+08	
366	1.10592e+08	
367	1.09189e+08	
368	1.07983e+08	
369	1.07936e+08	
370	1.04837e+08	
371	1.04031e+08	
372	1.01404e+08	
373	1.00364e+08	
374	1.00136e+08	
375	9.96258e+07	
376	9.95397e+07	
377	9.9491e+07	
378	9.76505e+07	
379	9.60566e+07	
380	9.58715e+07	
381	9.42375e+07	
382	9.39758e+07	
383	9.3619e+07	
384	9.34509e+07	
385	9.32814e+07	
386	9.1165e+07	
387	9.03466e+07	
388	8.93465e+07	
389	8.88163e+07	
390	8.87737e+07	
391	8.87319e+07	
392	8.7067e+07	
393	8.67645e+07	
394	8.63995e+07	
395	8.6329e+07	
396	8.62766e+07	
397	8.6242e+07	
398	8.60883e+07	
399	8.55246e+07	
400	8.50948e+07	
401	8.50244e+07	
402	8.46878e+07	
403	8.33576e+07	
404	8.30867e+07	
405	8.30076e+07	
406	8.28722e+07	
407	8.10993e+07	
408	7.904e+07	
409	7.89468e+07	
410	7.81404e+07	
411	7.78177e+07	
412	7.76297e+07	
413	7.62964e+07	
414	7.61723e+07	
415	7.60346e+07	
416	7.50838e+07	
417	7.47004e+07	
418	7.44329e+07	
419	7.3261e+07	
420	7.1178e+07	
421	7.10559e+07	
422	7.07622e+07	
423	7.06808e+07	
424	7.04756e+07	
425	6.97288e+07	
426	6.97039e+07	
427	6.9335e+07	
428	6.87431e+07	
429	6.84226e+07	
430	6.80987e+07	
431	6.79816e+07	
432	6.74569e+07	
433	6.74008e+07	
434	6.7239e+07	
435	6.71888e+07	
436	6.70329e+07	
437	6.59449e+07	
438	6.33807e+07	
439	6.28584e+07	
440	6.2365e+07	
441	6.16599e+07	
442	6.00983e+07	
443	5.96827e+07	
444	5.70105e+07	
445	5.60524e+07	
446	5.55966e+07	
447	5.49254e+07	
448	5.42765e+07	
449	5.36787e+07	
450	5.32531e+07	
451	5.2116e+07	
452	5.19707e+07	
453	5.1807e+07	
454	5.17589e+07	
455	5.1396e+07	
456	5.08596e+07	
457	5.04143e+07	
458	5.02641e+07	
459	5.01919e+07	
460	5.00272e+07	
461	5.00213e+07	
462	4.99937e+07	
463	4.98065e+07	
464	4.96684e+07	
465	4.94187e+07	
466	4.90025e+07	
467	4.89804e+07	
468	4.88637e+07	
469	4.87855e+07	
470	4.86514e+07	
471	4.86364e+07	
472	4.8523e+07	
473	4.84652e+07	
474	4.84341e+07	
475	4.84228e+07	
476	4.83779e+07	
477	4.83572e+07	
478	4.83526e+07	
479	4.81611e+07	
480	4.81177e+07	
481	4.79893e+07	
482	4.78797e+07	
483	4.78146e+07	
484	4.76519e+07	
485	4.75871e+07	
486	4.753e+07	
487	4.7474e+07	
488	4.74518e+07	
489	4.72097e+07	
490	4.71715e+07	
491	4.6904e+07	
492	4.67707e+07	
493	4.6584e+07	
494	4.6362e+07	
495	4.62542e+07	
496	4.62164e+07	
497	4.61219e+07	
498	4.60054e+07	
499	4.58728e+07	
500	4.57883e+07	
501	4.57012e+07	
502	4.54739e+07	
503	4.54199e+07	
504	4.5294e+07	
505	4.52617e+07	
506	4.51521e+07	
507	4.47369e+07	
508	4.47076e+07	
509	4.46638e+07	
510	4.4646e+07	
511	4.45952e+07	
512	4.45645e+07	
513	4.45228e+07	
514	4.44571e+07	
515	4.44457e+07	
516	4.44271e+07	
517	4.43912e+07	
518	4.43252e+07	
519	4.41637e+07	
520	4.41176e+07	
521	4.40333e+07	
522	4.40107e+07	
523	4.35593e+07	
524	4.35204e+07	
525	4.33684e+07	
526	4.33465e+07	
527	4.33385e+07	
528	4.33251e+07	
529	4.33173e+07	
530	4.32993e+07	
531	4.3206e+07	
532	4.31953e+07	
533	4.3154e+07	
534	4.31392e+07	
535	4.309e+07	
536	4.30881e+07	
537	4.30672e+07	
538	4.30413e+07	
539	4.30229e+07	
540	4.3018e+07	
541	4.30133e+07	
542	4.30041e+07	
543	4.29957e+07	
544	4.29523e+07	
545	4.26172e+07	
546	4.25558e+07	
547	4.25471e+07	
548	4.25053e+07	
549	4.2485e+07	
550	4.24335e+07	
551	4.21352e+07	
552	4.20776e+07	
553	4.20715e+07	
554	4.20477e+07	
555	4.20011e+07	
556	4.18761e+07	
557	4.16185e+07	
558	4.15852e+07	
559	4.15203e+07	
560	4.14071e+07	
561	4.11987e+07	
562	3.97577e+07	
563	3.97164e+07	
564	3.96974e+07	
565	3.9684e+07	
566	3.94108e+07	
567	3.92319e+07	
568	3.92158e+07	
569	3.86912e+07	
570	3.86888e+07	
571	3.86785e+07	
572	3.86679e+07	
573	3.86562e+07	
574	3.86177e+07	
575	3.85998e+07	
576	3.85651e+07	
577	3.85565e+07	
578	3.84774e+07	
579	3.84217e+07	
580	3.70253e+07	
581	3.68604e+07	
582	3.64511e+07	
583	3.62462e+07	
584	3.5833e+07	
585	3.55005e+07	
586	3.52891e+07	
587	3.50348e+07	
588	3.49469e+07	
589	3.48832e+07	
590	3.48723e+07	
591	3.4866e+07	
592	3.47334e+07	
593	3.46911e+07	
594	3.46854e+07	
595	3.4576e+07	
596	3.45363e+07	
597	3.44966e+07	
598	3.44362e+07	
599	3.42316e+07	
600	3.3157e+07	
601	3.29007e+07	
602	3.2436e+07	
603	3.21496e+07	
604	3.21053e+07	
605	3.20874e+07	
606	3.20814e+07	
607	3.20683e+07	
608	3.19961e+07	
609	3.19815e+07	
610	3.19752e+07	
611	3.1871e+07	
612	3.18307e+07	
613	3.1812e+07	
614	3.14559e+07	
615	3.12236e+07	
616	3.02356e+07	
617	2.93426e+07	
618	2.84704e+07	
619	2.59924e+07	
620	2.59659e+07	
621	2.58175e+07	
622	2.5796e+07	
623	2.57443e+07	
624	2.57293e+07	
625	2.56879e+07	
626	2.56423e+07	
627	2.56141e+07	
628	2.56085e+07	
629	2.55789e+07	
630	2.5566e+07	
631	2.55508e+07	
632	2.5521e+07	
633	2.54371e+07	
634	2.53665e+07	
635	2.52656e+07	
636	2.10785e+07	
637	2.05104e+07	
638	2.02987e+07	
639	2.00933e+07	
640	1.98443e+07	
641	1.96119e+07	
642	1.83424e+07	
643	1.77803e+07	
644	1.7561e+07	
645	1.75264e+07	
646	1.75233e+07	
647	1.75069e+07	
648	1.75026e+07	
649	1.74948e+07	
650	1.74419e+07	
651	1.7422e+07	
652	1.74064e+07	
653	1.72458e+07	
654	1.71971e+07	
655	1.67482e+07	
656	1.6018e+07	
657	1.58201e+07	
658	1.3186e+07	
659	9.3919e+06	
660	9.12966e+06	
661	8.72324e+06	
662	8.63327e+06	
663	8.62791e+06	
664	8.61982e+06	
665	8.60879e+06	
666	8.6056e+06	
667	8.5969e+06	
668	8.56712e+06	
669	8.55846e+06	
670	8.55733e+06	
671	8.545e+06	
672	8.54292e+06	
673	8.5398e+06	
674	8.52668e+06	
675	8.51876e+06	
676	8.21756e+06	
677	8.18109e+06	
678	8.06765e+06	
679	7.96558e+06	
680	7.29504e+06	
681	7.15305e+06	
682	7.09708e+06	
683	7.04349e+06	
684	7.03711e+06	
685	7.01348e+06	
686	6.98495e+06	
687	6.97959e+06	
688	6.96941e+06	
689	6.95285e+06	
690	6.95248e+06	
691	6.94242e+06	
692	6.9405e+06	
693	6.93606e+06	
694	6.93411e+06	
695	6.92779e+06	
696	6.9072e+06	
697	6.76324e+06	
698	6.71555e+06	
699	6.69495e+06	
700	6.58943e+06	
701	5.95754e+06	
702	5.93105e+06	
703	5.91195e+06	
704	5.89648e+06	
705	5.8294e+06	
706	5.80968e+06	
707	5.79615e+06	
708	5.79047e+06	
709	5.78832e+06	
710	5.78197e+06	
711	5.77536e+06	
712	5.77376e+06	
713	5.76996e+06	
714	5.7637e+06	
715	5.7553e+06	
716	5.75099e+06	
717	5.7412e+06	
718	5.73458e+06	
719	5.73229e+06	
720	5.73182e+06	
721	5.7224e+06	
722	5.71968e+06	
723	5.71878e+06	
724	5.71796e+06	
725	5.71676e+06	
726	5.71145e+06	
727	5.70554e+06	
728	5.68744e+06	
729	5.68673e+06	
730	5.68519e+06	
731	5.68167e+06	
732	5.67631e+06	
733	5.66766e+06	
734	5.63728e+06	
735	5.63117e+06	
736	5.59016e+06	
737	5.57944e+06	
738	5.23914e+06	
739	5.19836e+06	
740	5.17916e+06	
741	5.13542e+06	
742	5.12651e+06	
743	5.09886e+06	
744	5.06019e+06	
745	5.05992e+06	
746	5.05943e+06	
747	5.0568e+06	
748	5.05603e+06	
749	5.05412e+06	
750	5.05172e+06	
751	5.05022e+06	
752	5.04901e+06	
753	5.04887e+06	
754	5.04876e+06	
755	5.04871e+06	
756	5.0479e+06	
757	5.04724e+06	
758	5.04584e+06	
759	5.04581e+06	
760	5.04539e+06	
761	5.04438e+06	
762	5.04375e+06	
763	5.04357e+06	
764	5.04281e+06	
765	5.04237e+06	
766	5.04228e+06	
767	5.0395e+06	
768	5.03725e+06	
769	5.03421e+06	
770	5.03271e+06	
771	5.03077e+06	
772	5.02626e+06	
773	5.02372e+06	
774	5.02109e+06	
775	5.01735e+06	
776	5.01083e+06	
777	5.00839e+06	
778	5.00718e+06	
779	5.00391e+06	
780	5.0013e+06	
781	4.99988e+06	
782	4.95718e+06	
783	4.95409e+06	
784	4.95212e+06	
785	4.95037e+06	
786	4.94625e+06	
787	4.94137e+06	
788	4.93463e+06	
789	4.92566e+06	
790	4.90074e+06	
791	4.89298e+06	
792	4.87899e+06	
793	4.84462e+06	
794	4.84089e+06	
795	4.84039e+06	
796	4.83872e+06	
797	4.8354e+06	
798	4.8337e+06	
799	4.82705e+06	
800	4.82598e+06	
801	4.82276e+06	
802	4.82232e+06	
803	4.82214e+06	
804	4.82173e+06	
805	4.82145e+06	
806	4.82123e+06	
807	4.82089e+06	
808	4.82078e+06	
809	4.82064e+06	
810	4.82019e+06	
811	4.81365e+06	
812	4.81341e+06	
813	4.80884e+06	
814	4.8085e+06	
815	4.80729e+06	
816	4.80591e+06	
817	4.80029e+06	
818	4.78993e+06	
819	4.78878e+06	
820	4.78802e+06	
821	4.78333e+06	
822	4.77094e+06	
823	4.75976e+06	
824	4.73457e+06	
825	4.7318e+06	
826	4.72597e+06	
827	4.7137e+06	
828	4.70858e+06	
829	4.6866e+06	
830	4.67026e+06	
831	4.64379e+06	
832	4.63443e+06	
833	4.62671e+06	
834	4.60753e+06	
835	4.57973e+06	
836	4.48883e+06	
837	4.48172e+06	
838	4.4557e+06	
839	4.3812e+06	
840	4.35623e+06	
841	4.34821e+06	
842	4.33912e+06	
843	4.33537e+06	
844	4.33434e+06	
845	4.33414e+06	
846	4.33334e+06	
847	4.33323e+06	
848	4.33182e+06	
849	4.33002e+06	
850	4.32992e+06	
851	4.32963e+06	
852	4.32906e+06	
853	4.32819e+06	
854	4.32784e+06	
855	4.32762e+06	
856	4.32739e+06	
857	4.32728e+06	
858	4.32702e+06	
859	4.32688e+06	
860	4.32614e+06	
861	4.32553e+06	
862	4.32482e+06	
863	4.32454e+06	
864	4.32117e+06	
865	4.31868e+06	
866	4.31813e+06	
867	4.31704e+06	
868	4.31694e+06	
869	4.31594e+06	
870	4.30785e+06	
871	4.29013e+06	
872	4.28947e+06	
873	4.28814e+06	
874	4.28166e+06	
875	4.26764e+06	
876	4.26337e+06	
877	4.23765e+06	
878	4.21208e+06	
879	4.16963e+06	
880	4.12838e+06	
881	4.11813e+06	
882	4.11533e+06	
883	4.10259e+06	
884	4.09841e+06	
885	4.07006e+06	
886	4.02257e+06	
887	4.01327e+06	
888	4.00209e+06	
889	3.99957e+06	
890	3.99436e+06	
891	3.98753e+06	
892	3.9861e+06	
893	3.9804e+06	
894	3.97699e+06	
895	3.97425e+06	
896	3.97266e+06	
897	3.97223e+06	
898	3.9714e+06	
899	3.96455e+06	
900	3.96226e+06	
901	3.96184e+06	
902	3.95806e+06	
903	3.95733e+06	
904	3.95616e+06	
905	3.95466e+06	
906	3.95398e+06	
907	3.95344e+06	
908	3.95122e+06	
909	3.95028e+06	
910	3.94975e+06	
911	3.94956e+06	
912	3.94883e+06	
913	3.94744e+06	
914	3.94689e+06	
915	3.946e+06	
916	3.94535e+06	
917	3.94422e+06	
918	3.94251e+06	
919	3.94224e+06	
920	3.93573e+06	
921	3.93456e+06	
922	3.93392e+06	
923	3.93309e+06	
924	3.92904e+06	
925	3.92768e+06	
926	3.92601e+06	
927	3.91486e+06	
928	3.91341e+06	
929	3.91021e+06	
930	3.87217e+06	
931	3.86521e+06	
932	3.86413e+06	
933	3.85958e+06	
934	3.85387e+06	
935	3.84707e+06	
936	3.84204e+06	
937	3.83182e+06	
938	3.8214e+06	
939	3.80178e+06	
940	3.79503e+06	
941	3.79368e+06	
942	3.78982e+06	
943	3.78218e+06	
944	3.76458e+06	
945	3.76316e+06	
946	3.76245e+06	
947	3.75509e+06	
948	3.75361e+06	
949	3.74981e+06	
950	3.74799e+06	
951	3.74709e+06	
952	3.74633e+06	
953	3.7454e+06	
954	3.74467e+06	
955	3.74355e+06	
956	3.74033e+06	
957	3.7401e+06	
958	3.73984e+06	
959	3.72962e+06	
960	3.72828e+06	
961	3.72792e+06	
962	3.7272e+06	
963	3.7259e+06	
964	3.72536e+06	
965	3.72499e+06	
966	3.72474e+06	
967	3.72235e+06	
968	3.72114e+06	
969	3.71663e+06	
970	3.71615e+06	
971	3.71253e+06	
972	3.71231e+06	
973	3.71146e+06	
974	3.71129e+06	
975	3.70817e+06	
976	3.70774e+06	
977	3.70649e+06	
978	3.70578e+06	
979	3.70264e+06	
980	3.70198e+06	
981	3.70084e+06	
982	3.70025e+06	
983	3.68982e+06	
984	3.68802e+06	
985	3.67361e+06	
986	3.67078e+06	
987	3.66827e+06	
988	3.66492e+06	
989	3.65269e+06	
990	3.64097e+06	
991	3.63254e+06	
992	3.62962e+06	
993	3.62877e+06	
994	3.62393e+06	
995	3.62309e+06	
996	3.61994e+06	
997	3.61553e+06	
998	3.60161e+06	
999	3.59061e+06	
1000	3.58952e+06	
# iterates cost: 0.468737
